Energy (keV),Intensity (CPS)
-11.163785973272319,0.0
8.874515817353448,0.0
28.912817607979214,0.0
48.95111939860498,0.0
68.98942118923074,0.0
89.02772297985652,0.0
109.06602477048227,0.0
129.10432656110802,0.0
149.1426283517338,0.0
169.18093014235959,0.0
189.21923193298534,0.0
209.2575337236111,0.0
229.29583551423687,0.0
249.33413730486265,0.0
269.3724390954884,0.0
289.4107408861142,0.38712379652128853
309.44904267673996,1.1613713895638655
329.48734446736574,0.38712379652128853
349.5256462579915,0.0
369.56394804861725,0.7742475930425771
389.60224983924303,2.70986657564902
409.6405516298688,3.4841141686915966
429.67885342049453,3.0969903721703083
449.7171552111203,5.41973315129804
469.7554570017461,5.806856947819328
489.7937587923719,4.645485558255462
509.83206058299766,8.12959972694706
529.8703623736234,10.83946630259608
549.9086641642491,8.903847319989636
569.9469659548749,11.226590099117367
589.9852677455007,10.45234250607479
610.0235695361265,8.516723523468348
630.0618713267522,14.323580471287675
650.100173117378,12.000837692159944
670.1384749080038,9.678094913032213
690.1767766986295,13.936456674766386
710.2150784892553,10.45234250607479
730.2533802798811,9.678094913032213
750.2916820705068,12.387961488681233
770.3299838611326,15.097828064330253
790.3682856517584,14.710704267808964
810.4065874423841,13.936456674766386
830.4448892330099,12.775085285202522
850.4831910236356,12.387961488681233
870.5214928142614,13.5493328782451
890.5597946048872,15.87207565737283
910.5980963955129,12.775085285202522
930.6363981861388,12.000837692159944
950.6746999767645,16.25919945389412
970.7130017673902,16.25919945389412
990.751303558016,12.387961488681233
1010.7896053486418,13.5493328782451
1030.8279071392676,15.097828064330253
1050.8662089298932,13.16220908172381
1070.904510720519,8.903847319989636
1090.942812511145,10.45234250607479
1110.9811143017705,12.775085285202522
1131.0194160923963,13.5493328782451
1151.0577178830222,12.387961488681233
1171.096019673648,12.000837692159944
1191.1343214642736,13.16220908172381
1211.1726232548995,11.226590099117367
1231.2109250455253,10.065218709553502
1251.249226836151,15.87207565737283
1271.2875286267767,12.775085285202522
1291.3258304174026,9.290971116510924
1311.3641322080282,13.16220908172381
1331.402433998654,11.226590099117367
1351.4407357892799,13.936456674766386
1371.4790375799055,11.613713895638655
1391.5173393705313,11.613713895638655
1411.5556411611572,9.290971116510924
1431.593942951783,8.903847319989636
1451.6322447424086,12.000837692159944
1471.6705465330344,8.903847319989636
1491.7088483236603,15.097828064330253
1511.747150114286,11.226590099117367
1531.7854519049117,12.000837692159944
1551.8237536955376,11.613713895638655
1571.8620554861632,10.45234250607479
1591.900357276789,9.290971116510924
1611.9386590674148,12.387961488681233
1631.9769608580405,11.613713895638655
1652.0152626486663,8.516723523468348
1672.0535644392921,16.646323250415406
1692.0918662299177,9.290971116510924
1712.1301680205436,11.613713895638655
1732.1684698111694,10.45234250607479
1752.206771601795,13.16220908172381
1772.2450733924209,11.613713895638655
1792.2833751830467,10.45234250607479
1812.3216769736725,8.903847319989636
1832.3599787642981,12.775085285202522
1852.398280554924,9.290971116510924
1872.4365823455498,14.323580471287675
1892.4748841361754,12.000837692159944
1912.5131859268013,5.032609354776751
1932.551487717427,13.16220908172381
1952.5897895080527,11.613713895638655
1972.6280912986786,11.613713895638655
1992.6663930893044,11.613713895638655
2012.70469487993,15.484951860851542
2032.7429966705558,12.000837692159944
2052.7812984611814,12.775085285202522
2072.8196002518075,10.065218709553502
2092.857902042433,12.000837692159944
2112.8962038330587,10.83946630259608
2132.934505623685,12.775085285202522
2152.9728074143104,12.387961488681233
2173.011109204936,8.516723523468348
2193.049410995562,9.678094913032213
2213.0877127861877,12.000837692159944
2233.1260145768133,9.678094913032213
2253.1643163674394,11.226590099117367
2273.202618158065,8.516723523468348
2293.240919948691,9.290971116510924
2313.2792217393167,9.678094913032213
2333.3175235299423,12.000837692159944
2353.3558253205683,8.903847319989636
2373.394127111194,10.065218709553502
2393.4324289018195,10.45234250607479
2413.4707306924456,7.742475930425771
2433.509032483071,11.613713895638655
2453.547334273697,11.613713895638655
2473.585636064323,7.742475930425771
2493.6239378549485,12.000837692159944
2513.662239645574,13.5493328782451
2533.7005414362,8.12959972694706
2553.738843226826,7.742475930425771
2573.7771450174514,8.903847319989636
2593.8154468080775,11.226590099117367
2613.853748598703,7.742475930425771
2633.8920503893287,9.290971116510924
2653.9303521799548,4.645485558255462
2673.9686539705804,11.226590099117367
2694.006955761206,10.065218709553502
2714.045257551832,8.12959972694706
2734.0835593424576,8.12959972694706
2754.1218611330833,8.903847319989636
2774.1601629237093,8.903847319989636
2794.198464714335,8.903847319989636
2814.2367665049605,5.806856947819328
2834.2750682955866,7.742475930425771
2854.313370086212,6.1939807443406165
2874.3516718768383,3.8712379652128854
2894.389973667464,8.516723523468348
2914.4282754580895,4.645485558255462
2934.4665772487156,8.12959972694706
2954.504879039341,7.355352133904482
2974.543180829967,7.742475930425771
2994.581482620593,6.581104540861905
3014.6197844112185,8.903847319989636
3034.658086201844,5.806856947819328
3054.69638799247,8.12959972694706
3074.7346897830957,6.581104540861905
3094.7729915737214,4.645485558255462
3114.8112933643474,6.968228337383193
3134.849595154973,5.41973315129804
3154.8878969455986,5.41973315129804
3174.9261987362247,7.355352133904482
3194.9645005268503,4.645485558255462
3215.002802317476,4.645485558255462
3235.041104108102,6.581104540861905
3255.0794058987276,7.355352133904482
3275.117707689353,8.516723523468348
3295.1560094799793,4.258361761734174
3315.194311270605,4.258361761734174
3335.2326130612305,4.645485558255462
3355.2709148518566,9.678094913032213
3375.309216642482,5.806856947819328
3395.347518433108,8.12959972694706
3415.385820223734,5.41973315129804
3435.4241220143595,4.645485558255462
3455.462423804985,6.968228337383193
3475.500725595611,5.806856947819328
3495.5390273862367,5.41973315129804
3515.5773291768623,4.645485558255462
3535.6156309674884,5.806856947819328
3555.653932758114,4.258361761734174
3575.69223454874,2.322742779127731
3595.7305363393657,3.8712379652128854
3615.7688381299913,3.8712379652128854
3635.8071399206174,4.258361761734174
3655.845441711243,3.8712379652128854
3675.8837435018686,5.806856947819328
3695.9220452924947,2.70986657564902
3715.9603470831203,5.806856947819328
3735.998648873746,5.806856947819328
3756.036950664372,1.9356189826064427
3776.0752524549976,3.8712379652128854
3796.113554245623,4.645485558255462
3816.1518560362492,3.0969903721703083
3836.190157826875,4.645485558255462
3856.2284596175004,2.70986657564902
3876.2667614081265,2.70986657564902
3896.305063198752,5.41973315129804
3916.3433649893777,2.70986657564902
3936.381666780004,1.9356189826064427
3956.4199685706294,2.70986657564902
3976.458270361255,1.9356189826064427
3996.496572151881,1.5484951860851541
4016.5348739425067,1.9356189826064427
4036.5731757331323,2.70986657564902
4056.6114775237584,4.645485558255462
4076.649779314384,2.322742779127731
4096.68808110501,2.322742779127731
4116.726382895635,2.322742779127731
4136.764684686261,2.70986657564902
4156.802986476887,1.9356189826064427
4176.841288267512,1.9356189826064427
4196.879590058138,1.9356189826064427
4216.917891848764,0.7742475930425771
4236.956193639389,1.5484951860851541
4256.994495430015,2.70986657564902
4277.032797220641,0.7742475930425771
4297.071099011267,1.5484951860851541
4317.109400801893,3.0969903721703083
4337.147702592519,1.5484951860851541
4357.186004383144,3.8712379652128854
4377.22430617377,1.1613713895638655
4397.262607964396,2.322742779127731
4417.300909755021,1.9356189826064427
4437.339211545647,2.322742779127731
4457.377513336273,0.38712379652128853
4477.415815126898,0.38712379652128853
4497.4541169175245,1.9356189826064427
4517.492418708151,1.9356189826064427
4537.530720498777,1.9356189826064427
4557.569022289402,0.38712379652128853
4577.607324080028,1.1613713895638655
4597.645625870654,1.9356189826064427
4617.683927661279,0.7742475930425771
4637.722229451905,1.5484951860851541
4657.760531242531,0.7742475930425771
4677.798833033156,1.5484951860851541
4697.837134823782,0.7742475930425771
4717.8754366144085,0.7742475930425771
4737.913738405034,0.38712379652128853
4757.95204019566,1.5484951860851541
4777.990341986286,1.1613713895638655
4798.028643776911,0.7742475930425771
4818.066945567537,1.5484951860851541
4838.105247358163,0.38712379652128853
4858.143549148788,1.1613713895638655
4878.181850939414,1.5484951860851541
4898.22015273004,1.1613713895638655
4918.2584545206655,0.7742475930425771
4938.296756311292,0.7742475930425771
4958.335058101918,0.7742475930425771
4978.373359892543,1.5484951860851541
4998.411661683169,0.38712379652128853
5018.449963473795,0.0
5038.48826526442,0.7742475930425771
5058.526567055046,0.0
5078.564868845672,0.0
5098.603170636297,0.38712379652128853
5118.641472426923,0.38712379652128853
5138.6797742175495,1.5484951860851541
5158.718076008175,1.5484951860851541
5178.756377798801,0.0
5198.794679589427,0.38712379652128853
5218.832981380052,0.7742475930425771
5238.871283170678,0.38712379652128853
5258.909584961304,1.5484951860851541
5278.947886751929,1.1613713895638655
5298.986188542555,0.38712379652128853
5319.024490333181,0.38712379652128853
5339.0627921238065,0.38712379652128853
5359.101093914433,1.1613713895638655
5379.139395705059,0.7742475930425771
5399.177697495684,0.7742475930425771
5419.21599928631,0.7742475930425771
5439.254301076936,1.1613713895638655
5459.292602867561,1.9356189826064427
5479.330904658187,0.38712379652128853
5499.369206448813,1.9356189826064427
5519.407508239438,0.38712379652128853
5539.445810030064,0.38712379652128853
5559.4841118206905,0.0
5579.522413611316,0.7742475930425771
5599.560715401942,0.0
5619.599017192568,1.1613713895638655
5639.637318983193,0.38712379652128853
5659.675620773819,0.38712379652128853
5679.713922564445,1.1613713895638655
5699.75222435507,0.38712379652128853
5719.790526145696,0.38712379652128853
5739.828827936322,0.38712379652128853
5759.867129726948,1.1613713895638655
5779.905431517574,0.38712379652128853
5799.9437333082,1.1613713895638655
5819.982035098826,1.1613713895638655
5840.020336889451,1.1613713895638655
5860.058638680077,0.38712379652128853
5880.096940470703,1.1613713895638655
5900.135242261328,0.7742475930425771
5920.173544051954,0.38712379652128853
5940.21184584258,1.1613713895638655
5960.250147633205,0.7742475930425771
5980.2884494238315,0.38712379652128853
6000.3267512144575,0.38712379652128853
6020.365053005083,0.0
6040.403354795709,0.38712379652128853
6060.441656586335,0.0
6080.47995837696,0.38712379652128853
6100.518260167586,0.38712379652128853
6120.556561958212,0.38712379652128853
6140.594863748837,1.5484951860851541
6160.633165539463,0.7742475930425771
6180.671467330089,0.7742475930425771
6200.709769120715,1.9356189826064427
6220.748070911341,0.7742475930425771
6240.786372701967,0.7742475930425771
6260.824674492592,0.7742475930425771
6280.862976283218,0.38712379652128853
6300.901278073844,1.1613713895638655
6320.939579864469,1.1613713895638655
6340.977881655095,2.322742779127731
6361.016183445721,2.322742779127731
6381.054485236346,2.70986657564902
6401.0927870269725,1.5484951860851541
6421.1310888175985,3.8712379652128854
6441.169390608224,1.1613713895638655
6461.20769239885,1.5484951860851541
6481.245994189476,0.0
6501.284295980101,1.1613713895638655
6521.322597770727,0.38712379652128853
6541.360899561353,1.5484951860851541
6561.399201351978,0.7742475930425771
6581.437503142604,0.38712379652128853
6601.47580493323,0.7742475930425771
6621.514106723856,0.38712379652128853
6641.552408514482,0.7742475930425771
6661.590710305108,0.7742475930425771
6681.629012095733,1.1613713895638655
6701.667313886359,0.0
6721.705615676985,0.7742475930425771
6741.74391746761,0.7742475930425771
6761.782219258236,0.7742475930425771
6781.820521048862,0.0
6801.858822839487,1.1613713895638655
6821.8971246301135,2.322742779127731
6841.9354264207395,0.7742475930425771
6861.973728211365,0.38712379652128853
6882.012030001991,0.7742475930425771
6902.050331792617,0.7742475930425771
6922.088633583242,0.7742475930425771
6942.126935373868,0.38712379652128853
6962.165237164494,1.1613713895638655
6982.203538955119,0.0
7002.241840745745,0.38712379652128853
7022.280142536371,2.322742779127731
7042.3184443269965,0.38712379652128853
7062.356746117623,0.38712379652128853
7082.395047908249,0.7742475930425771
7102.433349698875,0.38712379652128853
7122.4716514895,0.0
7142.509953280126,0.7742475930425771
7162.548255070752,0.38712379652128853
7182.586556861377,0.0
7202.624858652003,1.5484951860851541
7222.663160442629,0.0
7242.7014622332545,0.7742475930425771
7262.7397640238805,0.0
7282.778065814507,0.7742475930425771
7302.816367605132,0.0
7322.854669395758,0.7742475930425771
7342.892971186384,1.9356189826064427
7362.931272977009,0.0
7382.969574767635,1.1613713895638655
7403.007876558261,0.0
7423.046178348886,0.0
7443.084480139512,0.38712379652128853
7463.122781930138,0.38712379652128853
7483.161083720764,0.38712379652128853
7503.19938551139,0.7742475930425771
7523.237687302016,0.38712379652128853
7543.275989092641,0.0
7563.314290883267,0.38712379652128853
7583.352592673893,0.0
7603.390894464518,0.0
7623.429196255144,0.0
7643.46749804577,0.0
7663.505799836395,0.7742475930425771
7683.5441016270215,0.0
7703.582403417648,0.38712379652128853
7723.620705208273,1.5484951860851541
7743.659006998899,1.5484951860851541
7763.697308789525,1.5484951860851541
7783.73561058015,1.5484951860851541
7803.773912370776,0.7742475930425771
7823.812214161402,2.322742779127731
7843.850515952027,1.9356189826064427
7863.888817742653,1.1613713895638655
7883.927119533279,3.0969903721703083
7903.965421323905,1.9356189826064427
7924.003723114531,3.8712379652128854
7944.042024905157,7.355352133904482
7964.080326695782,9.678094913032213
7984.118628486408,10.83946630259608
8004.156930277034,14.323580471287675
8024.195232067659,15.484951860851542
8044.233533858285,15.097828064330253
8064.271835648911,16.646323250415406
8084.310137439536,17.033447046936697
8104.3484392301625,10.45234250607479
8124.386741020789,4.645485558255462
8144.425042811414,4.258361761734174
8164.46334460204,2.322742779127731
8184.501646392666,3.0969903721703083
8204.539948183292,1.1613713895638655
8224.578249973918,0.0
8244.616551764542,1.5484951860851541
8264.654853555168,0.38712379652128853
8284.693155345794,1.1613713895638655
8304.73145713642,1.1613713895638655
8324.769758927046,0.0
8344.808060717673,1.5484951860851541
8364.846362508297,1.1613713895638655
8384.884664298923,1.5484951860851541
8404.922966089549,0.38712379652128853
8424.961267880175,0.38712379652128853
8444.999569670801,1.5484951860851541
8465.037871461427,3.4841141686915966
8485.076173252051,6.1939807443406165
8505.114475042677,8.903847319989636
8525.152776833304,14.710704267808964
8545.19107862393,26.32441816344762
8565.229380414556,34.45401789039468
8585.267682205182,48.390474565161064
8605.305983995806,57.68144568167199
8625.344285786432,61.165559850363586
8645.382587577058,61.55268364688488
8665.420889367684,51.487464937331374
8685.45919115831,49.164722158203645
8705.497492948936,34.84114168691597
8725.53579473956,18.19481843650056
8745.574096530187,13.936456674766386
8765.612398320813,13.936456674766386
8785.650700111439,2.70986657564902
8805.689001902065,2.70986657564902
8825.72730369269,2.322742779127731
8845.765605483315,5.41973315129804
8865.803907273941,3.8712379652128854
8885.842209064567,6.1939807443406165
8905.880510855193,3.4841141686915966
8925.91881264582,4.645485558255462
8945.957114436445,2.70986657564902
8965.99541622707,2.322742779127731
8986.033718017696,3.8712379652128854
9006.072019808322,1.1613713895638655
9026.110321598948,0.0
9046.148623389574,0.0
9066.1869251802,0.7742475930425771
9086.225226970826,0.7742475930425771
9106.26352876145,0.0
9126.301830552076,0.0
9146.340132342702,0.7742475930425771
9166.378434133328,0.7742475930425771
9186.416735923955,0.38712379652128853
9206.45503771458,1.5484951860851541
9226.493339505205,0.38712379652128853
9246.531641295831,1.1613713895638655
9266.569943086457,0.0
9286.608244877083,0.7742475930425771
9306.64654666771,0.38712379652128853
9326.684848458335,0.7742475930425771
9346.72315024896,1.1613713895638655
9366.761452039585,1.9356189826064427
9386.799753830212,5.032609354776751
9406.838055620838,2.70986657564902
9426.876357411464,5.032609354776751
9446.91465920209,3.4841141686915966
9466.952960992714,8.516723523468348
9486.99126278334,7.355352133904482
9507.029564573966,7.355352133904482
9527.067866364592,11.613713895638655
9547.106168155218,10.83946630259608
9567.144469945844,11.613713895638655
9587.182771736469,17.033447046936697
9607.221073527095,10.83946630259608
9627.25937531772,9.290971116510924
9647.297677108347,6.581104540861905
9667.335978898973,3.8712379652128854
9687.374280689599,2.322742779127731
9707.412582480223,2.322742779127731
9727.45088427085,0.7742475930425771
9747.489186061475,1.1613713895638655
9767.527487852101,0.0
9787.565789642727,0.7742475930425771
9807.604091433353,0.38712379652128853
9827.642393223978,1.9356189826064427
9847.680695014604,0.0
9867.71899680523,1.1613713895638655
9887.757298595856,1.1613713895638655
9907.795600386482,0.0
9927.833902177108,0.38712379652128853
9947.872203967732,0.0
9967.910505758358,0.7742475930425771
9987.948807548984,0.0
10007.98710933961,0.7742475930425771
10028.025411130237,0.0
10048.063712920863,0.0
10068.102014711487,0.38712379652128853
10088.140316502113,0.0
10108.178618292739,0.0
10128.216920083365,0.38712379652128853
10148.255221873991,0.38712379652128853
10168.293523664617,0.7742475930425771
10188.331825455241,0.7742475930425771
10208.370127245867,0.38712379652128853
10228.408429036494,0.38712379652128853
10248.44673082712,0.38712379652128853
10268.485032617746,0.38712379652128853
10288.523334408372,0.7742475930425771
10308.561636198998,0.38712379652128853
10328.599937989622,0.38712379652128853
10348.638239780248,0.38712379652128853
10368.676541570874,1.1613713895638655
10388.7148433615,0.7742475930425771
10408.753145152126,0.7742475930425771
10428.791446942752,0.7742475930425771
10448.829748733377,1.1613713895638655
10468.868050524003,1.5484951860851541
10488.906352314629,1.1613713895638655
10508.944654105255,1.1613713895638655
10528.98295589588,1.9356189826064427
10549.021257686507,0.7742475930425771
10569.059559477131,1.5484951860851541
10589.097861267757,0.38712379652128853
10609.136163058383,0.7742475930425771
10629.17446484901,6.968228337383193
10649.212766639635,5.806856947819328
10669.251068430262,12.000837692159944
10689.289370220886,11.226590099117367
10709.327672011512,20.51756121562829
10729.365973802138,29.42140853561793
10749.404275592764,31.74415131474566
10769.44257738339,50.326093547767506
10789.480879174016,50.7132173442888
10809.51918096464,54.1973315129804
10829.557482755266,63.87542642601261
10849.595784545892,69.29515957731064
10869.634086336519,64.2625502225339
10889.672388127145,52.26171253037395
10909.71068991777,39.09950344865014
10929.748991708395,36.77676066952241
10949.787293499021,22.066056401713446
10969.825595289647,15.097828064330253
10989.863897080273,8.12959972694706
11009.9021988709,5.032609354776751
11029.940500661525,3.4841141686915966
11049.97880245215,1.5484951860851541
11070.017104242776,1.9356189826064427
11090.055406033402,0.7742475930425771
11110.093707824028,0.7742475930425771
11130.132009614654,0.38712379652128853
11150.17031140528,0.7742475930425771
11170.208613195904,0.38712379652128853
11190.24691498653,0.38712379652128853
11210.285216777156,0.38712379652128853
11230.323518567782,0.0
11250.361820358408,0.7742475930425771
11270.400122149034,0.38712379652128853
11290.438423939659,0.0
11310.476725730285,0.38712379652128853
11330.51502752091,0.7742475930425771
11350.553329311537,0.7742475930425771
11370.591631102163,1.1613713895638655
11390.629932892789,0.7742475930425771
11410.668234683413,0.38712379652128853
11430.70653647404,0.0
11450.744838264665,1.1613713895638655
11470.783140055291,0.7742475930425771
11490.821441845917,0.0
11510.859743636543,0.7742475930425771
11530.89804542717,0.0
11550.936347217794,0.7742475930425771
11570.97464900842,1.1613713895638655
11591.012950799046,0.38712379652128853
11611.051252589672,1.1613713895638655
11631.089554380298,1.5484951860851541
11651.127856170924,2.70986657564902
11671.166157961548,2.322742779127731
11691.204459752174,1.5484951860851541
11711.2427615428,3.4841141686915966
11731.281063333427,0.7742475930425771
11751.319365124053,0.0
11771.357666914679,1.1613713895638655
11791.395968705303,1.9356189826064427
11811.434270495929,3.0969903721703083
11831.472572286555,1.1613713895638655
11851.510874077181,1.9356189826064427
11871.549175867807,0.7742475930425771
11891.587477658433,1.1613713895638655
11911.625779449058,0.0
11931.664081239684,0.38712379652128853
11951.70238303031,0.0
11971.740684820936,0.0
11991.778986611562,0.0
12011.817288402188,1.5484951860851541
12031.855590192812,0.7742475930425771
12051.893891983438,0.38712379652128853
12071.932193774064,0.38712379652128853
12091.97049556469,0.7742475930425771
12112.008797355316,0.38712379652128853
12132.047099145942,0.0
12152.085400936567,0.0
12172.123702727193,0.38712379652128853
12192.162004517819,0.7742475930425771
12212.200306308445,0.38712379652128853
12232.238608099071,0.7742475930425771
12252.276909889697,0.7742475930425771
12272.315211680321,0.0
12292.353513470947,0.38712379652128853
12312.391815261573,0.38712379652128853
12332.4301170522,0.38712379652128853
12352.468418842825,0.7742475930425771
12372.506720633452,0.7742475930425771
12392.545022424076,1.1613713895638655
12412.583324214702,2.70986657564902
12432.621626005328,1.1613713895638655
12452.659927795954,2.322742779127731
12472.69822958658,3.8712379652128854
12492.736531377206,2.322742779127731
12512.77483316783,1.1613713895638655
12532.813134958456,3.0969903721703083
12552.851436749082,1.5484951860851541
12572.889738539709,9.290971116510924
12592.928040330335,3.0969903721703083
12612.96634212096,5.806856947819328
12633.004643911585,3.4841141686915966
12653.042945702211,7.355352133904482
12673.081247492837,5.41973315129804
12693.119549283463,6.581104540861905
12713.15785107409,3.8712379652128854
12733.196152864715,5.41973315129804
12753.23445465534,6.581104540861905
12773.272756445966,3.4841141686915966
12793.311058236592,7.355352133904482
12813.349360027218,8.12959972694706
12833.387661817844,10.065218709553502
12853.42596360847,14.710704267808964
12873.464265399096,15.097828064330253
12893.50256718972,23.6145515877986
12913.540868980346,28.260037146054064
12933.579170770972,40.647998634735295
12953.617472561598,54.97157910602297
12973.655774352224,58.45569327471457
12993.69407614285,61.55268364688488
13013.732377933475,70.8436547633958
13033.7706797241,69.68228337383194
13053.808981514727,57.68144568167199
13073.847283305353,49.93896975124622
13093.885585095979,39.87375104169272
13113.923886886605,32.13127511126695
13133.96218867723,30.582779925181793
13154.000490467855,20.130437419107004
13174.038792258481,15.097828064330253
13194.077094049107,10.45234250607479
13214.115395839734,9.290971116510924
13234.15369763036,5.806856947819328
13254.191999420984,10.065218709553502
13274.23030121161,5.806856947819328
13294.268603002236,7.742475930425771
13314.306904792862,5.41973315129804
13334.345206583488,4.258361761734174
13354.383508374114,2.70986657564902
13374.421810164738,3.4841141686915966
13394.460111955364,3.4841141686915966
13414.49841374599,3.8712379652128854
13434.536715536617,2.70986657564902
13454.575017327243,3.4841141686915966
13474.613319117869,2.70986657564902
13494.651620908493,2.70986657564902
13514.689922699119,3.0969903721703083
13534.728224489745,1.9356189826064427
13554.766526280371,0.7742475930425771
13574.804828070997,0.7742475930425771
13594.843129861623,1.1613713895638655
13614.881431652248,0.38712379652128853
13634.919733442874,0.0
13654.9580352335,0.38712379652128853
13674.996337024126,0.7742475930425771
13695.034638814752,0.38712379652128853
13715.072940605378,0.0
13735.111242396002,0.38712379652128853
13755.149544186628,0.38712379652128853
13775.187845977254,1.9356189826064427
13795.22614776788,2.322742779127731
13815.264449558506,1.1613713895638655
13835.302751349132,0.0
13855.341053139757,1.1613713895638655
13875.379354930383,0.38712379652128853
13895.417656721009,0.0
13915.455958511635,1.1613713895638655
13935.494260302261,1.9356189826064427
13955.532562092887,1.5484951860851541
13975.570863883511,0.38712379652128853
13995.609165674137,1.5484951860851541
14015.647467464763,2.322742779127731
14035.68576925539,4.258361761734174
14055.724071046016,5.41973315129804
14075.762372836642,5.032609354776751
14095.800674627266,3.8712379652128854
14115.838976417892,6.1939807443406165
14135.877278208518,7.742475930425771
14155.915579999144,6.968228337383193
14175.95388178977,7.355352133904482
14195.992183580396,10.065218709553502
14216.030485371022,3.0969903721703083
14236.068787161646,5.806856947819328
14256.107088952273,3.8712379652128854
14276.145390742899,2.322742779127731
14296.183692533525,2.70986657564902
14316.22199432415,1.1613713895638655
14336.260296114777,2.322742779127731
14356.298597905401,0.38712379652128853
14376.336899696027,0.38712379652128853
14396.375201486653,0.0
14416.41350327728,0.0
14436.451805067905,1.1613713895638655
14456.490106858531,0.0
14476.528408649156,0.38712379652128853
14496.566710439782,0.38712379652128853
14516.605012230408,0.38712379652128853
14536.643314021034,0.7742475930425771
14556.68161581166,0.7742475930425771
14576.719917602286,0.7742475930425771
14596.75821939291,0.38712379652128853
14616.796521183536,2.322742779127731
14636.834822974162,0.0
14656.873124764788,0.38712379652128853
14676.911426555414,1.1613713895638655
14696.94972834604,0.7742475930425771
14716.988030136665,1.5484951860851541
14737.02633192729,1.1613713895638655
14757.064633717917,0.7742475930425771
14777.102935508543,1.5484951860851541
14797.141237299169,1.5484951860851541
14817.179539089795,1.9356189826064427
14837.21784088042,0.7742475930425771
14857.256142671045,1.1613713895638655
14877.294444461671,0.7742475930425771
14897.332746252298,1.1613713895638655
14917.371048042924,2.322742779127731
14937.40934983355,2.322742779127731
14957.447651624174,1.9356189826064427
14977.4859534148,0.38712379652128853
14997.524255205426,1.9356189826064427
15017.562556996052,1.9356189826064427
15037.600858786678,1.9356189826064427
15057.639160577304,1.5484951860851541
15077.677462367928,3.4841141686915966
15097.715764158555,5.032609354776751
15117.75406594918,5.41973315129804
15137.792367739807,7.742475930425771
15157.830669530433,8.903847319989636
15177.868971321059,9.678094913032213
15197.907273111683,10.45234250607479
15217.945574902309,11.226590099117367
15237.983876692935,11.226590099117367
15258.022178483561,10.83946630259608
15278.060480274187,10.83946630259608
15298.098782064813,7.742475930425771
15318.137083855438,8.516723523468348
15338.175385646064,10.065218709553502
15358.21368743669,5.806856947819328
15378.251989227316,2.322742779127731
15398.290291017942,3.0969903721703083
15418.328592808568,2.322742779127731
15438.366894599194,2.322742779127731
15458.405196389818,1.5484951860851541
15478.443498180444,1.9356189826064427
15498.48179997107,3.8712379652128854
15518.520101761696,4.258361761734174
15538.558403552322,6.1939807443406165
15558.596705342949,5.41973315129804
15578.635007133573,5.032609354776751
15598.673308924199,6.968228337383193
15618.711610714825,8.12959972694706
15638.749912505451,10.45234250607479
15658.788214296077,12.000837692159944
15678.826516086703,10.065218709553502
15698.864817877327,13.16220908172381
15718.903119667953,17.420570843457984
15738.94142145858,15.87207565737283
15758.979723249206,14.710704267808964
15779.018025039832,14.323580471287675
15799.056326830458,12.387961488681233
15819.094628621082,13.16220908172381
15839.132930411708,5.806856947819328
15859.171232202334,9.290971116510924
15879.20953399296,4.645485558255462
15899.247835783586,5.41973315129804
15919.286137574212,3.8712379652128854
15939.324439364837,2.70986657564902
15959.362741155463,2.70986657564902
15979.401042946089,1.1613713895638655
15999.439344736715,1.9356189826064427
16019.47764652734,2.70986657564902
16039.515948317967,1.1613713895638655
16059.554250108591,3.4841141686915966
16079.592551899217,2.322742779127731
16099.630853689843,1.9356189826064427
16119.66915548047,0.7742475930425771
16139.707457271095,1.5484951860851541
16159.745759061721,3.4841141686915966
16179.784060852346,5.41973315129804
16199.822362642972,3.4841141686915966
16219.860664433598,4.258361761734174
16239.898966224224,2.70986657564902
16259.93726801485,4.645485558255462
16279.975569805476,2.70986657564902
16300.0138715961,3.4841141686915966
16320.052173386726,3.4841141686915966
16340.090475177352,2.70986657564902
16360.128776967978,4.258361761734174
16380.167078758604,3.0969903721703083
16400.20538054923,2.322742779127731
16420.243682339857,3.0969903721703083
16440.28198413048,4.258361761734174
16460.32028592111,2.70986657564902
16480.358587711733,1.9356189826064427
16500.396889502357,4.258361761734174
16520.435191292985,4.645485558255462
16540.47349308361,3.8712379652128854
16560.511794874237,2.322742779127731
16580.55009666486,3.4841141686915966
16600.588398455486,3.4841141686915966
16620.626700246114,3.0969903721703083
16640.665002036738,3.8712379652128854
16660.703303827366,4.258361761734174
16680.74160561799,2.70986657564902
16700.779907408618,4.258361761734174
16720.818209199242,2.322742779127731
16740.856510989866,5.41973315129804
16760.894812780494,3.8712379652128854
16780.93311457112,4.258361761734174
16800.971416361746,5.41973315129804
16821.00971815237,3.4841141686915966
16841.048019943,4.258361761734174
16861.086321733623,5.032609354776751
16881.124623524247,2.322742779127731
16901.162925314875,3.4841141686915966
16921.2012271055,4.645485558255462
16941.239528896127,4.645485558255462
16961.27783068675,4.258361761734174
16981.316132477376,4.645485558255462
17001.354434268003,4.258361761734174
17021.392736058628,4.645485558255462
17041.431037849256,4.645485558255462
17061.46933963988,4.645485558255462
17081.507641430508,4.645485558255462
17101.545943221132,5.41973315129804
17121.584245011756,5.41973315129804
17141.622546802384,6.581104540861905
17161.66084859301,3.8712379652128854
17181.699150383636,5.41973315129804
17201.73745217426,6.968228337383193
17221.775753964885,7.742475930425771
17241.814055755513,12.000837692159944
17261.852357546137,11.613713895638655
17281.890659336765,11.613713895638655
17301.92896112739,19.356189826064426
17321.967262918017,15.484951860851542
17342.00556470864,21.67893260519216
17362.043866499265,29.03428473909664
17382.082168289893,31.35702751822437
17402.120470080517,29.42140853561793
17422.158771871145,31.35702751822437
17442.19707366177,30.582779925181793
17462.235375452394,39.486627245171434
17482.27367724302,31.74415131474566
17502.311979033646,24.00167538431989
17522.350280824274,24.775922977362466
17542.388582614898,26.32441816344762
17562.426884405526,24.00167538431989
17582.46518619615,18.58194223302185
17602.503487986774,13.936456674766386
17622.541789777402,13.936456674766386
17642.580091568027,11.613713895638655
17662.618393358654,11.226590099117367
17682.65669514928,9.678094913032213
17702.694996939903,11.226590099117367
17722.73329873053,10.45234250607479
17742.771600521155,8.903847319989636
17762.809902311783,7.742475930425771
17782.848204102407,10.065218709553502
17802.886505893035,11.226590099117367
17822.92480768366,9.678094913032213
17842.963109474284,7.742475930425771
17863.00141126491,9.678094913032213
17883.039713055536,8.12959972694706
17903.078014846164,7.355352133904482
17923.116316636788,9.678094913032213
17943.154618427412,10.065218709553502
17963.19292021804,10.065218709553502
17983.231222008664,9.678094913032213
18003.269523799292,13.936456674766386
18023.307825589916,6.968228337383193
18043.346127380544,11.613713895638655
18063.38442917117,14.710704267808964
18083.422730961793,10.065218709553502
18103.46103275242,9.290971116510924
18123.499334543045,9.678094913032213
18143.537636333673,9.678094913032213
18163.575938124297,10.065218709553502
18183.614239914925,10.83946630259608
18203.65254170555,12.387961488681233
18223.690843496173,12.775085285202522
18243.7291452868,16.646323250415406
18263.767447077425,12.000837692159944
18283.805748868053,17.033447046936697
18303.844050658678,17.420570843457984
18323.882352449302,14.710704267808964
18343.92065423993,15.484951860851542
18363.958956030554,12.775085285202522
18383.997257821182,13.16220908172381
18404.035559611806,17.420570843457984
18424.073861402434,15.484951860851542
18444.11216319306,18.19481843650056
18464.150464983682,21.29180880867087
18484.18876677431,22.453180198234733
18504.227068564935,24.00167538431989
18524.265370355562,27.0986657564902
18544.303672146187,25.163046773883753
18564.34197393681,31.35702751822437
18584.38027572744,23.6145515877986
18604.418577518063,33.6797702973521
18624.45687930869,29.03428473909664
18644.495181099315,25.163046773883753
18664.533482889943,38.71237965212885
18684.571784680567,32.51839890778824
18704.61008647119,35.61538927995854
18724.64838826182,37.551008262564984
18744.686690052444,36.002513076479836
18764.72499184307,37.1638844660437
18784.763293633696,42.19649382082045
18804.80159542432,50.326093547767506
18824.839897214948,46.45485558255462
18844.878199005572,51.10034114081009
18864.9165007962,48.390474565161064
18884.954802586824,49.55184595472493
18904.993104377452,51.10034114081009
18925.031406168077,50.7132173442888
18945.0697079587,48.390474565161064
18965.10800974933,51.10034114081009
18985.146311539953,45.68060798951205
19005.18461333058,46.067731786033335
19025.222915121205,50.7132173442888
19045.26121691183,51.487464937331374
19065.299518702457,43.35786521038432
19085.33782049308,47.61622697211849
19105.37612228371,37.93813205908628
19125.414424074334,37.93813205908628
19145.45272586496,34.45401789039468
19165.491027655586,38.325255855607566
19185.52932944621,35.61538927995854
19205.567631236838,30.969903721703083
19225.605933027462,30.195656128660506
19245.64423481809,35.61538927995854
19265.682536608714,39.486627245171434
19285.720838399342,29.03428473909664
19305.759140189966,27.485789553011486
19325.79744198059,27.0986657564902
19345.83574377122,19.743313622585717
19365.874045561843,21.29180880867087
19385.91234735247,20.51756121562829
19405.950649143095,22.840303994756024
19425.98895093372,16.646323250415406
19446.027252724347,21.29180880867087
19466.06555451497,21.29180880867087
19486.1038563056,18.96906602954314
19506.142158096223,18.96906602954314
19526.18045988685,30.582779925181793
19546.218761677475,22.453180198234733
19566.2570634681,26.32441816344762
19586.295365258728,23.22742779127731
19606.33366704935,18.96906602954314
19626.37196883998,24.38879918084118
19646.410270630604,22.066056401713446
19666.448572421228,20.51756121562829
19686.486874211856,22.066056401713446
19706.52517600248,18.96906602954314
19726.563477793108,18.58194223302185
19746.601779583732,20.130437419107004
19766.64008137436,14.323580471287675
19786.678383164985,19.743313622585717
19806.71668495561,14.710704267808964
19826.754986746237,18.58194223302185
19846.79328853686,20.130437419107004
19866.83159032749,18.19481843650056
19886.869892118113,19.743313622585717
19906.908193908737,20.130437419107004
19926.946495699365,16.646323250415406
19946.98479748999,18.19481843650056
19967.023099280617,21.29180880867087
19987.06140107124,19.356189826064426
20007.09970286187,28.64716094257535
20027.138004652494,20.130437419107004
20047.176306443118,23.22742779127731
20067.214608233746,24.00167538431989
20087.25291002437,28.64716094257535
20107.291211814998,28.260037146054064
20127.329513605622,31.35702751822437
20147.367815396246,29.808532332139215
20167.406117186874,26.71154195996891
20187.4444189775,32.13127511126695
20207.482720768126,27.872913349532773
20227.52102255875,28.260037146054064
20247.55932434938,27.0986657564902
20267.597626140003,27.0986657564902
20287.635927930627,28.64716094257535
20307.674229721255,29.42140853561793
20327.71253151188,29.42140853561793
20347.750833302507,25.550170570405044
20367.78913509313,25.550170570405044
20387.827436883756,21.29180880867087
20407.865738674383,18.19481843650056
20427.904040465008,15.484951860851542
20447.942342255636,18.96906602954314
20467.98064404626,21.29180880867087
20488.018945836888,18.58194223302185
20508.057247627512,21.29180880867087
20528.095549418136,24.775922977362466
20548.133851208764,15.484951860851542
20568.17215299939,19.356189826064426
20588.210454790016,17.420570843457984
20608.24875658064,15.87207565737283
20628.28705837127,25.550170570405044
20648.325360161893,22.066056401713446
20668.363661952517,24.775922977362466
20688.401963743145,24.775922977362466
20708.44026553377,24.00167538431989
20728.478567324397,22.066056401713446
20748.51686911502,29.42140853561793
20768.555170905645,26.32441816344762
20788.593472696273,26.32441816344762
20808.631774486897,22.453180198234733
20828.670076277525,23.22742779127731
20848.70837806815,33.6797702973521
20868.746679858777,28.64716094257535
20888.7849816494,24.00167538431989
20908.823283440026,31.35702751822437
20928.861585230654,31.74415131474566
20948.899887021278,32.905522704309526
20968.938188811906,33.29264650083081
20988.97649060253,34.45401789039468
21009.014792393154,32.905522704309526
21029.053094183782,36.38963687300112
21049.091395974407,33.29264650083081
21069.129697765035,43.744989006905605
21089.16799955566,33.6797702973521
21109.206301346287,30.195656128660506
21129.24460313691,32.905522704309526
21149.282904927535,42.970741413863024
21169.321206718163,36.38963687300112
21189.359508508787,32.51839890778824
21209.397810299415,40.647998634735295
21229.43611209004,37.551008262564984
21249.474413880664,40.647998634735295
21269.51271567129,34.84114168691597
21289.551017461916,32.905522704309526
21309.589319252544,38.325255855607566
21329.627621043168,31.74415131474566
21349.665922833796,34.45401789039468
21369.70422462442,40.647998634735295
21389.742526415044,37.93813205908628
21409.780828205672,36.002513076479836
21429.819129996296,32.905522704309526
21449.857431786924,27.872913349532773
21469.89573357755,41.80937002429916
21489.934035368173,31.35702751822437
21509.9723371588,34.066894093873394
21530.010638949425,27.485789553011486
21550.048940740053,34.84114168691597
21570.087242530677,29.42140853561793
21590.125544321305,24.00167538431989
21610.16384611193,30.582779925181793
21630.202147902553,30.582779925181793
21650.24044969318,30.969903721703083
21670.278751483806,27.872913349532773
21690.317053274433,28.260037146054064
21710.355355065058,28.64716094257535
21730.393656855682,29.03428473909664
21750.43195864631,30.195656128660506
21770.470260436934,24.00167538431989
21790.508562227562,28.64716094257535
21810.546864018186,31.35702751822437
21830.585165808814,28.260037146054064
21850.62346759944,29.808532332139215
21870.661769390063,31.35702751822437
21890.70007118069,25.550170570405044
21910.738372971315,22.453180198234733
21930.776674761943,26.71154195996891
21950.814976552567,26.71154195996891
21970.853278343195,32.905522704309526
21990.89158013382,24.38879918084118
22010.929881924443,30.969903721703083
22030.96818371507,27.872913349532773
22051.006485505695,23.22742779127731
22071.044787296323,24.00167538431989
22091.083089086947,25.93729436692633
22111.12139087757,31.35702751822437
22131.1596926682,25.93729436692633
22151.197994458824,28.64716094257535
22171.23629624945,29.03428473909664
22191.274598040076,30.582779925181793
22211.312899830704,27.0986657564902
22231.351201621328,24.00167538431989
22251.389503411952,28.260037146054064
22271.42780520258,25.163046773883753
22291.466106993204,27.0986657564902
22311.504408783832,29.03428473909664
22331.542710574457,20.90468501214958
22351.58101236508,29.03428473909664
22371.61931415571,29.42140853561793
22391.657615946333,22.840303994756024
22411.69591773696,25.93729436692633
22431.734219527585,22.840303994756024
22451.772521318213,29.03428473909664
22471.810823108837,24.775922977362466
22491.84912489946,29.42140853561793
22511.88742669009,32.51839890778824
22531.925728480714,23.22742779127731
22551.96403027134,29.03428473909664
22572.002332061966,31.35702751822437
22592.04063385259,32.13127511126695
22612.078935643218,24.775922977362466
22632.117237433842,29.42140853561793
22652.15553922447,29.03428473909664
22672.193841015094,28.260037146054064
22692.232142805722,26.71154195996891
22712.270444596346,34.45401789039468
22732.30874638697,25.93729436692633
22752.3470481776,33.6797702973521
22772.385349968223,32.13127511126695
22792.42365175885,32.13127511126695
22812.461953549475,31.74415131474566
22832.5002553401,37.93813205908628
22852.538557130727,29.808532332139215
22872.57685892135,27.872913349532773
22892.61516071198,25.163046773883753
22912.653462502603,27.485789553011486
22932.69176429323,31.74415131474566
22952.730066083855,27.485789553011486
22972.76836787448,30.582779925181793
22992.806669665108,25.93729436692633
23012.844971455732,24.775922977362466
23032.88327324636,27.872913349532773
23052.921575036984,25.93729436692633
23072.959876827612,28.260037146054064
23092.998178618236,32.13127511126695
23113.03648040886,27.872913349532773
23133.07478219949,32.905522704309526
23153.113083990113,25.550170570405044
23173.15138578074,28.260037146054064
23193.189687571365,29.03428473909664
23213.22798936199,33.6797702973521
23233.266291152617,28.64716094257535
23253.30459294324,24.775922977362466
23273.34289473387,22.453180198234733
23293.381196524493,34.066894093873394
23313.41949831512,34.066894093873394
23333.457800105745,32.13127511126695
23353.49610189637,24.38879918084118
23373.534403686997,28.64716094257535
23393.57270547762,24.00167538431989
23413.61100726825,33.6797702973521
23433.649309058874,31.35702751822437
23453.687610849498,32.905522704309526
23473.725912640126,28.64716094257535
23493.76421443075,34.84114168691597
23513.802516221378,30.969903721703083
23533.840818012002,31.35702751822437
23553.87911980263,28.64716094257535
23573.917421593254,32.13127511126695
23593.95572338388,27.872913349532773
23613.994025174507,28.260037146054064
23634.03232696513,34.066894093873394
23654.07062875576,34.84114168691597
23674.108930546383,25.93729436692633
23694.147232337007,28.260037146054064
23714.185534127635,33.6797702973521
23734.22383591826,26.32441816344762
23754.262137708887,29.808532332139215
23774.30043949951,32.905522704309526
23794.33874129014,23.6145515877986
23814.377043080764,29.808532332139215
23834.415344871388,31.74415131474566
23854.453646662016,30.195656128660506
23874.49194845264,32.13127511126695
23894.530250243268,34.84114168691597
23914.568552033892,25.550170570405044
23934.606853824516,36.77676066952241
23954.645155615144,32.13127511126695
23974.68345740577,31.74415131474566
23994.721759196396,25.93729436692633
24014.76006098702,27.0986657564902
24034.79836277765,32.905522704309526
24054.836664568273,33.29264650083081
24074.874966358897,35.228265483437255
24094.913268149525,29.808532332139215
24114.95156994015,35.61538927995854
24134.989871730777,32.905522704309526
24155.0281735214,30.195656128660506
24175.066475312025,34.45401789039468
24195.104777102653,32.51839890778824
24215.143078893278,30.582779925181793
24235.181380683905,34.84114168691597
24255.21968247453,34.45401789039468
24275.257984265158,32.905522704309526
24295.296286055782,29.03428473909664
24315.334587846406,35.228265483437255
24335.372889637034,30.969903721703083
24355.41119142766,34.45401789039468
24375.449493218286,36.38963687300112
24395.48779500891,32.51839890778824
24415.52609679954,34.84114168691597
24435.564398590162,40.647998634735295
24455.602700380787,37.1638844660437
24475.641002171415,33.29264650083081
24495.67930396204,31.35702751822437
24515.717605752667,30.969903721703083
24535.75590754329,29.42140853561793
24555.794209333915,30.969903721703083
24575.832511124543,32.51839890778824
24595.870812915167,35.228265483437255
24615.909114705795,34.066894093873394
24635.94741649642,32.905522704309526
24655.985718287047,30.195656128660506
24676.02402007767,35.61538927995854
24696.062321868296,31.74415131474566
24716.100623658924,35.61538927995854
24736.138925449548,36.002513076479836
24756.177227240176,30.195656128660506
24776.2155290308,34.84114168691597
24796.253830821424,35.228265483437255
24816.292132612052,35.61538927995854
24836.330434402676,31.35702751822437
24856.368736193304,34.066894093873394
24876.40703798393,32.13127511126695
24896.445339774556,33.6797702973521
24916.48364156518,39.09950344865014
24936.521943355805,35.61538927995854
24956.560245146433,35.61538927995854
24976.598546937057,42.970741413863024
24996.636848727685,36.38963687300112
25016.67515051831,38.71237965212885
25036.713452308933,48.390474565161064
25056.75175409956,29.42140853561793
25076.790055890186,30.969903721703083
25096.828357680813,41.03512243125658
25116.866659471438,38.325255855607566
25136.904961262066,32.51839890778824
25156.94326305269,33.29264650083081
25176.981564843314,35.228265483437255
25197.019866633942,44.13211280342689
25217.058168424566,36.77676066952241
25237.096470215194,34.45401789039468
25257.13477200582,41.80937002429916
25277.173073796443,34.84114168691597
25297.21137558707,40.26087483821401
25317.249677377695,32.51839890778824
25337.287979168323,36.002513076479836
25357.326280958947,41.80937002429916
25377.364582749575,42.19649382082045
25397.4028845402,37.1638844660437
25417.441186330823,36.38963687300112
25437.47948812145,40.26087483821401
25457.517789912075,36.38963687300112
25477.556091702703,40.26087483821401
25497.594393493328,36.38963687300112
25517.63269528395,33.29264650083081
25537.67099707458,32.905522704309526
25557.709298865204,40.647998634735295
25577.74760065583,34.45401789039468
25597.785902446456,39.486627245171434
25617.824204237084,41.03512243125658
25637.862506027708,35.228265483437255
25657.900807818332,34.84114168691597
25677.93910960896,37.1638844660437
25697.977411399585,34.84114168691597
25718.015713190212,34.066894093873394
25738.054014980837,30.195656128660506
25758.092316771465,33.29264650083081
25778.13061856209,33.6797702973521
25798.168920352713,32.905522704309526
25818.20722214334,40.26087483821401
25838.245523933965,32.905522704309526
25858.283825724593,45.29348419299076
25878.322127515217,31.74415131474566
25898.36042930584,25.163046773883753
25918.39873109647,37.1638844660437
25938.437032887094,37.1638844660437
25958.47533467772,34.45401789039468
25978.513636468346,35.228265483437255
25998.551938258974,36.002513076479836
26018.590240049598,29.808532332139215
26038.628541840222,36.002513076479836
26058.66684363085,36.77676066952241
26078.705145421474,34.45401789039468
26098.743447212102,35.61538927995854
26118.781749002726,36.002513076479836
26138.82005079335,37.1638844660437
26158.85835258398,35.228265483437255
26178.896654374603,35.61538927995854
26198.93495616523,31.74415131474566
26218.973257955855,36.77676066952241
26239.011559746483,37.1638844660437
26259.049861537107,37.551008262564984
26279.08816332773,30.969903721703083
26299.12646511836,33.29264650083081
26319.164766908983,34.84114168691597
26339.20306869961,38.325255855607566
26359.241370490236,37.551008262564984
26379.27967228086,34.45401789039468
26399.317974071488,36.38963687300112
26419.356275862112,34.84114168691597
26439.39457765274,34.84114168691597
26459.432879443364,33.6797702973521
26479.471181233992,37.93813205908628
26499.509483024616,31.35702751822437
26519.54778481524,34.066894093873394
26539.58608660587,31.74415131474566
26559.624388396493,28.260037146054064
26579.66269018712,35.228265483437255
26599.700991977745,34.066894093873394
26619.73929376837,30.195656128660506
26639.777595558997,32.13127511126695
26659.81589734962,37.93813205908628
26679.85419914025,40.647998634735295
26699.892500930873,35.228265483437255
26719.9308027215,37.551008262564984
26739.969104512125,31.74415131474566
26760.00740630275,36.77676066952241
26780.045708093377,42.58361761734174
26800.084009884,36.38963687300112
26820.12231167463,37.93813205908628
26840.160613465254,36.002513076479836
26860.198915255878,34.84114168691597
26880.237217046506,32.51839890778824
26900.27551883713,32.905522704309526
26920.313820627758,32.13127511126695
26940.352122418382,34.84114168691597
26960.39042420901,32.51839890778824
26980.428725999634,34.45401789039468
27000.46702779026,32.51839890778824
27020.505329580887,36.38963687300112
27040.54363137151,41.80937002429916
27060.58193316214,38.71237965212885
27080.620234952763,36.38963687300112
27100.65853674339,39.87375104169272
27120.696838534015,30.195656128660506
27140.73514032464,29.808532332139215
27160.773442115267,32.905522704309526
27180.81174390589,34.45401789039468
27200.85004569652,36.38963687300112
27220.888347487144,36.002513076479836
27240.926649277768,31.74415131474566
27260.964951068396,37.1638844660437
27281.00325285902,30.195656128660506
27301.041554649648,33.29264650083081
27321.079856440272,32.51839890778824
27341.1181582309,32.51839890778824
27361.156460021524,36.38963687300112
27381.19476181215,34.066894093873394
27401.233063602776,33.6797702973521
27421.2713653934,30.969903721703083
27441.30966718403,32.51839890778824
27461.347968974653,32.51839890778824
27481.386270765277,30.969903721703083
27501.424572555905,35.228265483437255
27521.46287434653,39.09950344865014
27541.501176137157,38.325255855607566
27561.53947792778,32.905522704309526
27581.57777971841,34.45401789039468
27601.616081509033,36.38963687300112
27621.654383299658,39.09950344865014
27641.692685090286,37.1638844660437
27661.73098688091,36.002513076479836
27681.769288671538,35.61538927995854
27701.807590462162,35.61538927995854
27721.845892252786,34.84114168691597
27741.884194043414,35.228265483437255
27761.92249583404,37.1638844660437
27781.960797624666,33.29264650083081
27801.99909941529,39.09950344865014
27822.03740120592,37.93813205908628
27842.075702996543,35.228265483437255
27862.114004787167,34.84114168691597
27882.152306577795,36.38963687300112
27902.19060836842,41.03512243125658
27922.228910159047,38.325255855607566
27942.26721194967,32.905522704309526
27962.305513740295,33.29264650083081
27982.343815530923,35.228265483437255
28002.382117321547,41.422246227777876
28022.420419112175,28.260037146054064
28042.4587209028,34.84114168691597
28062.497022693427,32.51839890778824
28082.53532448405,37.93813205908628
28102.573626274676,34.45401789039468
28122.611928065304,37.93813205908628
28142.650229855928,36.38963687300112
28162.688531646556,35.61538927995854
28182.72683343718,35.61538927995854
28202.765135227804,32.905522704309526
28222.803437018432,32.905522704309526
28242.841738809057,34.84114168691597
28262.880040599684,44.906360396469466
28282.91834239031,34.45401789039468
28302.956644180937,36.77676066952241
28322.99494597156,37.1638844660437
28343.033247762185,39.87375104169272
28363.071549552813,34.84114168691597
28383.109851343437,33.6797702973521
28403.148153134065,36.77676066952241
28423.18645492469,35.61538927995854
28443.224756715317,34.84114168691597
28463.26305850594,32.13127511126695
28483.301360296566,36.77676066952241
28503.339662087194,39.09950344865014
28523.377963877818,33.29264650083081
28543.416265668446,27.0986657564902
28563.45456745907,35.61538927995854
28583.492869249694,33.6797702973521
28603.531171040322,34.84114168691597
28623.569472830946,34.45401789039468
28643.607774621574,37.551008262564984
28663.6460764122,36.38963687300112
28683.684378202826,34.84114168691597
28703.72267999345,30.195656128660506
28723.760981784075,32.51839890778824
28743.799283574703,41.03512243125658
28763.837585365327,35.228265483437255
28783.875887155955,32.905522704309526
28803.91418894658,42.970741413863024
28823.952490737203,29.42140853561793
28843.99079252783,34.066894093873394
28864.029094318455,37.93813205908628
28884.067396109083,36.38963687300112
28904.105697899708,37.1638844660437
28924.143999690335,32.905522704309526
28944.18230148096,26.71154195996891
28964.220603271584,41.422246227777876
28984.258905062212,34.066894093873394
29004.297206852836,34.45401789039468
29024.335508643464,39.09950344865014
29044.37381043409,29.808532332139215
29064.412112224712,31.35702751822437
29084.45041401534,38.325255855607566
29104.488715805965,32.51839890778824
29124.527017596592,35.61538927995854
29144.565319387217,28.260037146054064
29164.603621177845,23.6145515877986
29184.64192296847,33.29264650083081
29204.680224759093,35.61538927995854
29224.71852654972,31.74415131474566
29244.756828340345,32.905522704309526
29264.795130130973,26.71154195996891
29284.833431921597,37.1638844660437
29304.87173371222,37.551008262564984
29324.91003550285,36.002513076479836
29344.948337293474,36.77676066952241
29364.9866390841,31.74415131474566
29385.024940874726,32.905522704309526
29405.063242665354,31.74415131474566
29425.101544455978,32.13127511126695
29445.139846246602,36.002513076479836
29465.17814803723,29.03428473909664
29485.216449827854,36.002513076479836
29505.254751618482,36.77676066952241
29525.293053409107,29.42140853561793
29545.331355199734,32.905522704309526
29565.36965699036,27.0986657564902
29585.407958780983,28.64716094257535
29605.44626057161,33.6797702973521
29625.484562362235,29.42140853561793
29645.522864152863,32.905522704309526
29665.561165943487,31.35702751822437
29685.59946773411,24.775922977362466
29705.63776952474,30.969903721703083
29725.676071315364,31.35702751822437
29745.71437310599,31.35702751822437
29765.752674896616,29.03428473909664
29785.790976687244,30.582779925181793
29805.829278477868,27.485789553011486
29825.867580268492,36.77676066952241
29845.90588205912,37.93813205908628
29865.944183849744,29.03428473909664
29885.982485640372,26.32441816344762
29906.020787430996,33.6797702973521
29926.05908922162,28.64716094257535
29946.09739101225,30.582779925181793
29966.135692802873,32.13127511126695
29986.1739945935,32.13127511126695
30006.212296384125,34.84114168691597
30026.250598174753,32.51839890778824
30046.288899965377,34.84114168691597
30066.327201756,32.13127511126695
30086.36550354663,26.71154195996891
30106.403805337253,34.45401789039468
30126.44210712788,29.42140853561793
30146.480408918505,28.260037146054064
30166.51871070913,29.42140853561793
30186.557012499758,39.486627245171434
30206.59531429038,30.195656128660506
30226.63361608101,32.13127511126695
30246.671917871634,37.93813205908628
30266.71021966226,28.260037146054064
30286.748521452886,27.485789553011486
30306.78682324351,29.03428473909664
30326.82512503414,32.51839890778824
30346.863426824762,30.195656128660506
30366.90172861539,32.51839890778824
30386.940030406015,27.872913349532773
30406.97833219664,31.35702751822437
30427.016633987267,25.550170570405044
30447.05493577789,32.13127511126695
30467.09323756852,29.42140853561793
30487.131539359143,31.74415131474566
30507.16984114977,33.6797702973521
30527.208142940395,22.840303994756024
30547.24644473102,26.32441816344762
30567.284746521647,34.84114168691597
30587.32304831227,31.74415131474566
30607.3613501029,34.45401789039468
30627.399651893524,26.32441816344762
30647.437953684148,37.93813205908628
30667.476255474776,34.066894093873394
30687.5145572654,25.550170570405044
30707.552859056028,28.260037146054064
30727.591160846652,26.32441816344762
30747.62946263728,28.260037146054064
30767.667764427904,25.93729436692633
30787.70606621853,25.93729436692633
30807.744368009156,24.38879918084118
30827.78266979978,27.485789553011486
30847.82097159041,28.260037146054064
30867.859273381033,26.71154195996891
30887.89757517166,29.808532332139215
30907.935876962285,30.582779925181793
30927.97417875291,27.485789553011486
30948.012480543537,22.840303994756024
30968.05078233416,24.38879918084118
30988.08908412479,29.42140853561793
31008.127385915413,29.03428473909664
31028.165687706038,26.71154195996891
31048.203989496666,27.872913349532773
31068.24229128729,29.808532332139215
31088.280593077918,24.775922977362466
31108.318894868542,31.74415131474566
31128.35719665917,21.67893260519216
31148.395498449794,30.582779925181793
31168.43380024042,33.29264650083081
31188.472102031046,27.485789553011486
31208.51040382167,30.582779925181793
31228.5487056123,26.71154195996891
31248.587007402923,28.64716094257535
31268.625309193547,25.93729436692633
31288.663610984175,24.00167538431989
31308.7019127748,27.0986657564902
31328.740214565427,20.90468501214958
31348.77851635605,28.260037146054064
31368.81681814668,27.485789553011486
31388.855119937303,23.6145515877986
31408.893421727927,25.163046773883753
31428.931723518555,28.64716094257535
31448.97002530918,23.22742779127731
31469.008327099808,29.03428473909664
31489.04662889043,30.195656128660506
31509.084930681056,22.453180198234733
31529.123232471684,24.775922977362466
31549.161534262308,27.485789553011486
31569.199836052936,22.840303994756024
31589.23813784356,29.42140853561793
31609.276439634188,19.356189826064426
31629.314741424812,24.775922977362466
31649.353043215437,22.066056401713446
31669.391345006065,26.71154195996891
31689.42964679669,19.356189826064426
31709.467948587317,17.420570843457984
31729.50625037794,25.163046773883753
31749.544552168565,22.840303994756024
31769.582853959193,18.96906602954314
31789.621155749817,23.22742779127731
31809.659457540445,20.51756121562829
31829.69775933107,27.872913349532773
31849.736061121697,23.6145515877986
31869.77436291232,22.453180198234733
31889.812664702946,20.130437419107004
31909.850966493574,20.90468501214958
31929.889268284198,20.51756121562829
31949.927570074826,21.29180880867087
31969.96587186545,21.67893260519216
31990.004173656074,20.130437419107004
32010.042475446702,20.130437419107004
32030.080777237326,20.90468501214958
32050.119079027954,22.840303994756024
32070.15738081858,21.67893260519216
32090.195682609206,26.32441816344762
32110.23398439983,22.840303994756024
32130.272286190455,21.67893260519216
32150.310587981083,25.163046773883753
32170.348889771707,26.71154195996891
32190.387191562335,23.22742779127731
32210.42549335296,18.58194223302185
32230.463795143587,24.38879918084118
32250.50209693421,22.453180198234733
32270.540398724836,19.743313622585717
32290.578700515463,18.19481843650056
32310.617002306088,18.96906602954314
32330.655304096716,17.80769463997927
32350.69360588734,24.00167538431989
32370.731907677964,15.484951860851542
32390.770209468592,19.743313622585717
32410.808511259216,17.420570843457984
32430.846813049844,19.356189826064426
32450.88511484047,19.743313622585717
32470.923416631096,20.90468501214958
32490.96171842172,15.87207565737283
32511.000020212345,21.67893260519216
32531.038322002973,20.51756121562829
32551.076623793597,20.130437419107004
32571.114925584225,20.130437419107004
32591.15322737485,18.19481843650056
32611.191529165473,17.80769463997927
32631.2298309561,15.484951860851542
32651.268132746725,17.420570843457984
32671.306434537353,22.066056401713446
32691.344736327977,20.51756121562829
32711.383038118605,20.130437419107004
32731.42133990923,18.96906602954314
32751.459641699854,18.19481843650056
32771.49794349048,17.420570843457984
32791.53624528111,22.066056401713446
32811.57454707173,22.840303994756024
32831.61284886236,17.420570843457984
32851.651150652986,17.033447046936697
32871.68945244361,16.25919945389412
32891.727754234234,18.19481843650056
32911.76605602486,18.96906602954314
32931.80435781549,17.033447046936697
32951.84265960611,15.87207565737283
32971.88096139674,15.484951860851542
32991.91926318737,18.19481843650056
33011.95756497799,25.93729436692633
33031.995866768615,21.67893260519216
33052.03416855924,16.25919945389412
33072.07247034987,17.420570843457984
33092.11077214049,16.646323250415406
33112.14907393112,19.743313622585717
33132.18737572175,22.066056401713446
33152.22567751237,20.51756121562829
33172.263979302996,16.25919945389412
33192.30228109362,15.484951860851542
33212.340582884244,17.80769463997927
33232.37888467487,19.356189826064426
33252.4171864655,17.033447046936697
33272.45548825613,17.033447046936697
33292.49379004675,14.323580471287675
33312.532091837376,17.420570843457984
33332.570393628004,15.484951860851542
33352.608695418625,16.25919945389412
33372.64699720925,17.80769463997927
33392.68529899988,15.097828064330253
33412.72360079051,17.420570843457984
33432.76190258113,13.936456674766386
33452.80020437176,18.19481843650056
33472.838506162385,16.25919945389412
33492.876807953005,16.646323250415406
33512.91510974363,16.25919945389412
33532.95341153426,12.775085285202522
33552.99171332489,15.097828064330253
33573.03001511551,12.387961488681233
33593.06831690614,13.16220908172381
33613.106618696766,12.775085285202522
33633.144920487386,13.936456674766386
33653.183222278014,12.000837692159944
33673.22152406864,13.16220908172381
33693.25982585927,10.83946630259608
33713.29812764989,10.45234250607479
33733.33642944052,8.12959972694706
33753.374731231146,11.226590099117367
33773.41303302177,15.097828064330253
33793.451334812395,13.5493328782451
33813.48963660302,11.226590099117367
33833.52793839364,10.83946630259608
33853.56624018427,13.936456674766386
33873.6045419749,13.936456674766386
33893.64284376553,11.613713895638655
33913.68114555615,10.45234250607479
33933.719447346775,11.226590099117367
33953.7577491374,13.16220908172381
33973.796050928024,13.936456674766386
33993.83435271865,14.323580471287675
34013.87265450928,9.678094913032213
34033.91095629991,13.936456674766386
34053.94925809053,10.065218709553502
34073.987559881156,13.16220908172381
34094.025861671784,8.903847319989636
34114.064163462404,12.000837692159944
34134.10246525303,8.516723523468348
34154.14076704366,11.613713895638655
34174.17906883429,12.387961488681233
34194.21737062491,12.387961488681233
34214.25567241554,11.226590099117367
34234.293974206164,10.45234250607479
34254.332275996785,12.000837692159944
34274.37057778741,8.12959972694706
34294.40887957804,8.516723523468348
34314.44718136866,10.065218709553502
34334.48548315929,8.12959972694706
34354.52378494992,8.516723523468348
34374.562086740545,9.290971116510924
34394.600388531166,10.45234250607479
34414.63869032179,10.83946630259608
34434.67699211242,10.065218709553502
34454.71529390304,6.1939807443406165
34474.75359569367,8.516723523468348
34494.7918974843,8.903847319989636
34514.830199274926,6.1939807443406165
34534.868501065546,9.678094913032213
34554.906802856174,5.806856947819328
34574.9451046468,9.290971116510924
34594.98340643742,8.12959972694706
34615.02170822805,6.1939807443406165
34635.06001001868,10.45234250607479
34655.098311809306,8.12959972694706
34675.13661359993,4.258361761734174
34695.174915390555,4.258361761734174
34715.21321718118,5.41973315129804
34735.2515189718,8.12959972694706
34755.28982076243,5.032609354776751
34775.32812255306,5.032609354776751
34795.36642434369,7.742475930425771
34815.40472613431,5.41973315129804
34835.443027924935,5.032609354776751
34855.48132971556,5.032609354776751
34875.519631506184,6.581104540861905
34895.55793329681,6.968228337383193
34915.59623508744,5.032609354776751
34935.63453687806,3.8712379652128854
34955.67283866869,7.355352133904482
34975.711140459316,5.806856947819328
34995.749442249944,4.258361761734174
35015.787744040565,5.41973315129804
35035.82604583119,4.645485558255462
35055.86434762182,3.0969903721703083
35075.90264941244,5.41973315129804
35095.94095120307,3.4841141686915966
35115.9792529937,2.322742779127731
35136.017554784325,4.258361761734174
35156.055856574945,2.322742779127731
35176.09415836557,4.645485558255462
35196.1324601562,5.032609354776751
35216.17076194682,3.0969903721703083
35236.20906373745,1.9356189826064427
35256.24736552808,5.41973315129804
35276.285667318705,3.4841141686915966
35296.323969109326,2.322742779127731
35316.362270899954,4.645485558255462
35336.40057269058,2.70986657564902
35356.4388744812,2.70986657564902
35376.47717627183,3.4841141686915966
35396.51547806246,1.9356189826064427
35416.55377985308,4.645485558255462
35436.59208164371,3.0969903721703083
35456.630383434334,2.322742779127731
35476.66868522496,3.4841141686915966
35496.70698701558,1.9356189826064427
35516.74528880621,1.5484951860851541
35536.78359059684,1.1613713895638655
35556.82189238746,1.5484951860851541
35576.86019417809,1.5484951860851541
35596.898495968715,1.9356189826064427
35616.93679775934,3.4841141686915966
35636.97509954996,2.322742779127731
35657.01340134059,1.1613713895638655
35677.05170313122,2.322742779127731
35697.09000492184,3.0969903721703083
35717.12830671247,1.1613713895638655
35737.166608503096,1.1613713895638655
35757.20491029372,1.1613713895638655
35777.243212084344,2.322742779127731
35797.28151387497,1.1613713895638655
35817.3198156656,2.322742779127731
35837.35811745622,1.9356189826064427
35857.39641924685,1.5484951860851541
35877.434721037476,1.9356189826064427
35897.4730228281,0.7742475930425771
35917.511324618725,1.9356189826064427
35937.54962640935,1.9356189826064427
35957.58792819998,1.1613713895638655
35977.6262299906,1.5484951860851541
35997.66453178123,2.322742779127731
36017.70283357186,3.0969903721703083
36037.74113536248,1.5484951860851541
36057.779437153105,1.1613713895638655
36077.81773894373,0.7742475930425771
36097.85604073436,1.1613713895638655
36117.89434252498,1.1613713895638655
36137.93264431561,1.1613713895638655
36157.97094610624,3.0969903721703083
36178.00924789686,0.7742475930425771
36198.047549687486,1.5484951860851541
36218.085851478114,1.9356189826064427
36238.12415326874,0.38712379652128853
36258.16245505936,2.322742779127731
36278.20075684999,1.9356189826064427
36298.23905864062,2.70986657564902
36318.27736043124,1.5484951860851541
36338.31566222187,1.5484951860851541
36358.353964012495,0.7742475930425771
36378.39226580312,0.7742475930425771
36398.43056759374,0.38712379652128853
36418.46886938437,1.9356189826064427
36438.507171175,1.9356189826064427
36458.54547296562,1.1613713895638655
36478.58377475625,1.9356189826064427
36498.622076546875,0.7742475930425771
36518.660378337496,2.322742779127731
36538.698680128124,1.1613713895638655
36558.73698191875,1.5484951860851541
36578.77528370938,0.7742475930425771
36598.8135855,0.7742475930425771
36618.85188729063,1.9356189826064427
36638.890189081256,0.7742475930425771
36658.92849087188,0.7742475930425771
36678.966792662504,0.38712379652128853
36699.00509445313,0.38712379652128853
36719.04339624376,0.38712379652128853
36739.08169803438,1.5484951860851541
36759.11999982501,0.38712379652128853
36779.15830161564,0.7742475930425771
36799.19660340626,0.0
36819.234905196885,0.0
36839.27320698751,0.38712379652128853
36859.31150877814,1.1613713895638655
36879.34981056876,0.7742475930425771
36899.38811235939,0.0
36919.42641415002,1.9356189826064427
36939.46471594064,1.9356189826064427
36959.503017731266,0.38712379652128853
36979.54131952189,0.0
36999.579621312514,0.7742475930425771
37019.61792310314,0.38712379652128853
37039.65622489377,0.0
37059.6945266844,0.7742475930425771
37079.73282847502,0.7742475930425771
37099.771130265646,0.38712379652128853
37119.809432056274,0.38712379652128853
37139.847733846895,1.1613713895638655
37159.88603563752,0.38712379652128853
37179.92433742815,0.38712379652128853
37199.96263921878,0.0
37220.0009410094,0.0
37240.03924280003,1.5484951860851541
37260.077544590655,0.7742475930425771
37280.115846381275,0.38712379652128853
37300.1541481719,0.0
37320.19244996253,0.7742475930425771
37340.23075175316,0.0
37360.26905354378,0.0
37380.30735533441,1.1613713895638655
37400.345657125035,0.38712379652128853
37420.383958915656,0.38712379652128853
37440.422260706284,0.38712379652128853
37460.46056249691,0.0
37480.49886428754,0.7742475930425771
37500.53716607816,0.0
37520.57546786879,0.0
37540.613769659416,0.38712379652128853
37560.65207145004,0.7742475930425771
37580.690373240664,0.38712379652128853
37600.72867503129,1.1613713895638655
37620.76697682191,0.38712379652128853
37640.80527861254,0.7742475930425771
37660.84358040317,0.38712379652128853
37680.8818821938,0.0
37700.92018398442,0.38712379652128853
37720.958485775045,1.5484951860851541
37740.99678756567,0.0
37761.03508935629,0.38712379652128853
37781.07339114692,1.5484951860851541
37801.11169293755,0.38712379652128853
37821.14999472818,0.0
37841.1882965188,0.0
37861.226598309426,0.38712379652128853
37881.26490010005,0.38712379652128853
37901.303201890674,0.7742475930425771
37921.3415036813,0.0
37941.37980547193,0.0
37961.41810726256,0.38712379652128853
37981.45640905318,0.0
38001.49471084381,0.7742475930425771
38021.533012634434,0.0
38041.571314425055,0.0
38061.60961621568,0.0
38081.64791800631,0.38712379652128853
38101.68621979693,0.38712379652128853
38121.72452158756,0.0
38141.76282337819,0.7742475930425771
38161.801125168815,0.0
38181.839426959436,0.7742475930425771
38201.87772875006,0.38712379652128853
38221.91603054069,0.38712379652128853
38241.95433233131,0.0
38261.99263412194,0.0
38282.03093591257,0.0
38302.069237703196,0.38712379652128853
38322.107539493816,0.0
38342.145841284444,0.38712379652128853
38362.18414307507,0.7742475930425771
38382.22244486569,0.38712379652128853
38402.26074665632,0.0
38422.29904844695,0.0
38442.337350237576,0.0
38462.3756520282,0.38712379652128853
38482.413953818825,0.7742475930425771
38502.45225560945,0.0
38522.49055740007,0.0
38542.5288591907,0.0
38562.56716098133,0.38712379652128853
38582.60546277196,0.38712379652128853
38602.64376456258,0.0
38622.682066353205,0.7742475930425771
38642.72036814383,0.7742475930425771
38662.758669934454,0.7742475930425771
38682.79697172508,0.38712379652128853
38702.83527351571,0.7742475930425771
38722.87357530633,0.0
38742.91187709696,0.0
38762.950178887586,0.0
38782.988480678214,0.0
38803.026782468834,0.38712379652128853
38823.06508425946,0.38712379652128853
38843.10338605009,0.0
38863.14168784071,0.0
38883.17998963134,0.0
38903.21829142197,0.0
38923.256593212594,0.38712379652128853
38943.294895003215,0.38712379652128853
38963.33319679384,0.38712379652128853
38983.37149858447,0.38712379652128853
39003.40980037509,0.38712379652128853
39023.44810216572,0.0
39043.48640395635,0.0
39063.524705746975,0.38712379652128853
39083.563007537596,0.7742475930425771
39103.60130932822,0.0
39123.63961111885,0.0
39143.67791290947,0.0
39163.7162147001,0.38712379652128853
39183.75451649073,0.0
39203.79281828135,0.38712379652128853
39223.831120071976,0.38712379652128853
39243.869421862604,0.0
39263.90772365323,0.38712379652128853
39283.94602544385,0.38712379652128853
39303.98432723448,0.0
39324.02262902511,0.0
39344.06093081573,0.0
39364.09923260636,0.0
39384.137534396985,0.38712379652128853
39404.17583618761,0.38712379652128853
39424.21413797823,0.0
39444.25243976886,0.38712379652128853
39464.29074155949,0.0
39484.32904335011,0.38712379652128853
39504.36734514074,0.0
39524.405646931365,0.0
39544.44394872199,0.0
39564.482250512614,0.0
39584.52055230324,0.0
39604.55885409387,0.0
39624.59715588449,0.0
39644.63545767512,0.0
39664.673759465746,0.38712379652128853
39684.71206125637,0.0
39704.750363046995,0.0
39724.78866483762,0.0
39744.82696662825,0.0
39764.86526841887,0.38712379652128853
39784.9035702095,0.0
39804.94187200013,0.38712379652128853
39824.98017379075,0.0
39845.018475581375,0.0
39865.056777372,0.0
39885.09507916263,0.0
39905.13338095325,0.0
39925.17168274388,0.0
39945.20998453451,0.0
39965.24828632513,0.0
39985.286588115756,0.0
40005.324889906384,0.0
40025.36319169701,0.0
40045.40149348763,0.0
40065.43979527826,0.0
40085.47809706889,0.0
40105.51639885951,0.0
40125.55470065014,0.0
40145.593002440764,0.0
40165.63130423139,0.0
40185.66960602201,0.0
40205.70790781264,0.0
40225.74620960327,0.0
40245.78451139389,0.0
40265.82281318452,0.0
40285.861114975145,0.0
40305.899416765766,0.0
40325.93771855639,0.0
40345.97602034702,0.0
40366.01432213765,0.0
40386.05262392827,0.0
40406.0909257189,0.0
40426.129227509526,0.0
40446.167529300146,0.0
40466.205831090774,0.0
40486.2441328814,0.0
40506.28243467203,0.0
40526.32073646265,0.38712379652128853
40546.35903825328,0.0
40566.397340043906,0.0
40586.43564183453,0.0
40606.473943625155,0.0
40626.51224541578,0.0
40646.55054720641,0.38712379652128853
40666.58884899703,0.0
40686.62715078766,0.0
40706.66545257829,0.0
40726.70375436891,0.0
40746.742056159535,0.0
40766.78035795016,0.0
40786.818659740784,0.0
40806.85696153141,0.0
40826.89526332204,0.0
40846.93356511267,0.0
40866.97186690329,0.0
40887.010168693916,0.0
40907.048470484544,0.0
40927.086772275165,0.0
40947.12507406579,0.0
40967.16337585642,0.0
40987.20167764705,0.0
41007.23997943767,0.0
