Energy (keV),Intensity (CPS)
-11.410412051965562,0.0
8.631942988983525,0.0
28.67429802993261,0.0
48.71665307088169,0.0
68.75900811183078,0.0
88.80136315277987,0.0
108.84371819372895,0.0
128.88607323467807,0.0
148.92842827562714,0.0
168.97078331657622,0.0
189.01313835752532,0.0
209.0554933984744,0.0
229.09784843942347,0.42327962021026816
249.14020348037255,0.0
269.18255852132165,0.0
289.22491356227073,0.0
309.2672686032198,0.8465592404205363
329.3096236441689,0.42327962021026816
349.35197868511796,0.8465592404205363
369.3943337260671,0.42327962021026816
389.43668876701616,1.2698388606308044
409.47904380796524,0.42327962021026816
429.5213988489143,0.8465592404205363
449.5637538898634,2.9629573414718773
469.60610893081247,2.539677721261609
489.6484639717616,0.42327962021026816
509.6908190127106,3.3862369616821453
529.7331740536598,2.9629573414718773
549.7755290946089,2.9629573414718773
569.817884135558,4.65607582231295
589.8602391765071,5.502635062733486
609.9025942174561,4.232796202102682
629.9449492584052,6.7724739233642905
649.9873042993544,6.349194303154023
670.0296593403034,6.7724739233642905
690.0720143812525,6.349194303154023
710.1143694222015,4.232796202102682
730.1567244631507,5.079355442523218
750.1990795040998,4.65607582231295
770.2414345450488,7.6190331637848265
790.283789585998,5.925914682943755
810.326144626947,5.925914682943755
830.3684996678961,7.6190331637848265
850.4108547088452,6.7724739233642905
870.4532097497943,5.502635062733486
890.4955647907434,7.1957535435745585
910.5379198316924,8.465592404205363
930.5802748726416,5.925914682943755
950.6226299135906,7.1957535435745585
970.6649849545397,5.502635062733486
990.7073399954888,5.502635062733486
1010.7496950364379,5.925914682943755
1030.7920500773869,7.6190331637848265
1050.834405118336,6.349194303154023
1070.8767601592851,8.465592404205363
1090.9191152002343,4.65607582231295
1110.9614702411834,3.3862369616821453
1131.0038252821323,8.042312783995095
1151.0461803230814,7.1957535435745585
1171.0885353640306,8.465592404205363
1191.1308904049797,5.925914682943755
1211.1732454459288,4.232796202102682
1231.2156004868777,6.7724739233642905
1251.2579555278269,5.925914682943755
1271.300310568776,7.6190331637848265
1291.3426656097251,8.465592404205363
1311.3850206506743,8.042312783995095
1331.4273756916232,5.925914682943755
1351.4697307325723,3.8095165818924133
1371.5120857735214,4.65607582231295
1391.5544408144706,3.8095165818924133
1411.5967958554197,5.502635062733486
1431.6391508963686,4.232796202102682
1451.6815059373178,5.925914682943755
1471.7238609782669,7.1957535435745585
1491.766216019216,5.925914682943755
1511.8085710601651,4.232796202102682
1531.850926101114,8.465592404205363
1551.8932811420632,3.3862369616821453
1571.9356361830123,2.116398101051341
1591.9779912239615,4.65607582231295
1612.0203462649106,2.9629573414718773
1632.0627013058595,6.349194303154023
1652.1050563468086,3.3862369616821453
1672.1474113877578,5.502635062733486
1692.189766428707,4.232796202102682
1712.232121469656,5.925914682943755
1732.274476510605,4.65607582231295
1752.316831551554,4.65607582231295
1772.3591865925032,6.349194303154023
1792.4015416334523,3.8095165818924133
1812.4438966744015,8.042312783995095
1832.4862517153504,6.7724739233642905
1852.5286067562995,6.7724739233642905
1872.5709617972486,5.502635062733486
1892.6133168381978,8.888872024415631
1912.6556718791467,5.925914682943755
1932.6980269200958,8.042312783995095
1952.740381961045,3.8095165818924133
1972.782737001994,7.6190331637848265
1992.8250920429432,6.7724739233642905
2012.867447083892,2.539677721261609
2032.9098021248412,5.079355442523218
2052.9521571657906,6.349194303154023
2072.9945122067393,5.079355442523218
2093.0368672476884,5.925914682943755
2113.0792222886375,5.079355442523218
2133.1215773295867,5.079355442523218
2153.163932370536,5.079355442523218
2173.206287411485,6.7724739233642905
2193.248642452434,5.925914682943755
2213.290997493383,6.349194303154023
2233.3333525343323,7.1957535435745585
2253.3757075752815,5.079355442523218
2273.41806261623,6.349194303154023
2293.4604176571793,7.6190331637848265
2313.5027726981284,8.042312783995095
2333.5451277390775,2.9629573414718773
2353.5874827800267,3.3862369616821453
2373.629837820976,6.349194303154023
2393.672192861925,4.65607582231295
2413.714547902874,5.079355442523218
2433.756902943823,5.079355442523218
2453.7992579847723,6.7724739233642905
2473.841613025721,8.042312783995095
2493.88396806667,8.888872024415631
2513.9263231076193,4.65607582231295
2533.9686781485684,3.3862369616821453
2554.0110331895175,5.079355442523218
2574.0533882304667,3.3862369616821453
2594.095743271416,3.8095165818924133
2614.138098312365,5.079355442523218
2634.180453353314,6.349194303154023
2654.2228083942628,5.502635062733486
2674.265163435212,6.7724739233642905
2694.307518476161,5.502635062733486
2714.34987351711,5.925914682943755
2734.3922285580593,6.7724739233642905
2754.4345835990084,8.042312783995095
2774.4769386399576,5.925914682943755
2794.5192936809067,3.3862369616821453
2814.561648721856,4.65607582231295
2834.604003762805,4.65607582231295
2854.6463588037536,4.65607582231295
2874.6887138447028,4.65607582231295
2894.731068885652,3.3862369616821453
2914.773423926601,7.1957535435745585
2934.81577896755,6.349194303154023
2954.8581340084993,7.6190331637848265
2974.9004890494484,5.079355442523218
2994.9428440903976,2.9629573414718773
3014.9851991313467,4.65607582231295
3035.027554172296,7.1957535435745585
3055.0699092132445,7.1957535435745585
3075.1122642541936,5.079355442523218
3095.1546192951428,9.3121516446259
3115.196974336092,5.925914682943755
3135.239329377041,4.232796202102682
3155.28168441799,6.7724739233642905
3175.3240394589393,6.7724739233642905
3195.3663944998884,4.232796202102682
3215.4087495408376,3.3862369616821453
3235.4511045817867,5.925914682943755
3255.4934596227354,6.349194303154023
3275.5358146636845,3.3862369616821453
3295.5781697046336,8.042312783995095
3315.6205247455828,5.079355442523218
3335.662879786532,5.502635062733486
3355.705234827481,2.539677721261609
3375.74758986843,4.232796202102682
3395.7899449093793,6.349194303154023
3415.8322999503284,5.925914682943755
3435.8746549912776,4.232796202102682
3455.9170100322262,2.9629573414718773
3475.9593650731754,5.925914682943755
3496.0017201141245,2.539677721261609
3516.0440751550736,5.502635062733486
3536.086430196023,5.079355442523218
3556.128785236972,2.9629573414718773
3576.171140277921,3.3862369616821453
3596.21349531887,6.7724739233642905
3616.2558503598193,3.8095165818924133
3636.2982054007684,6.7724739233642905
3656.340560441717,5.502635062733486
3676.3829154826662,3.3862369616821453
3696.4252705236154,3.3862369616821453
3716.4676255645645,5.502635062733486
3736.5099806055136,4.232796202102682
3756.552335646463,4.65607582231295
3776.594690687412,4.232796202102682
3796.637045728361,3.8095165818924133
3816.67940076931,2.9629573414718773
3836.721755810259,5.925914682943755
3856.764110851208,4.65607582231295
3876.806465892157,3.8095165818924133
3896.8488209331063,3.8095165818924133
3916.8911759740554,5.079355442523218
3936.9335310150045,4.232796202102682
3956.9758860559537,4.232796202102682
3977.018241096903,2.539677721261609
3997.060596137852,3.8095165818924133
4017.102951178801,8.465592404205363
4037.1453062197497,2.9629573414718773
4057.187661260699,2.116398101051341
4077.230016301648,4.65607582231295
4097.272371342597,3.3862369616821453
4117.314726383546,2.116398101051341
4137.357081424495,5.502635062733486
4157.399436465444,2.116398101051341
4177.441791506393,3.3862369616821453
4197.484146547342,2.539677721261609
4217.5265015882915,0.0
4237.56885662924,2.539677721261609
4257.61121167019,1.2698388606308044
4277.653566711138,3.8095165818924133
4297.695921752088,5.502635062733486
4317.738276793037,4.232796202102682
4337.780631833985,7.1957535435745585
4357.822986874935,2.539677721261609
4377.865341915884,2.539677721261609
4397.907696956833,2.116398101051341
4417.950051997782,2.116398101051341
4437.9924070387315,4.232796202102682
4458.03476207968,2.9629573414718773
4478.07711712063,2.539677721261609
4498.119472161578,1.6931184808410726
4518.161827202528,3.3862369616821453
4538.204182243477,1.6931184808410726
4558.246537284425,1.6931184808410726
4578.288892325375,2.9629573414718773
4598.331247366324,3.3862369616821453
4618.373602407273,5.079355442523218
4638.415957448222,2.9629573414718773
4658.4583124891715,3.8095165818924133
4678.50066753012,2.9629573414718773
4698.54302257107,2.539677721261609
4718.585377612018,1.6931184808410726
4738.627732652967,3.8095165818924133
4758.670087693917,2.539677721261609
4778.712442734865,4.232796202102682
4798.754797775815,3.3862369616821453
4818.797152816764,5.079355442523218
4838.839507857713,2.116398101051341
4858.881862898662,2.9629573414718773
4878.9242179396115,5.925914682943755
4898.96657298056,0.8465592404205363
4919.00892802151,2.116398101051341
4939.051283062458,2.9629573414718773
4959.093638103407,1.2698388606308044
4979.135993144357,4.65607582231295
4999.178348185305,0.8465592404205363
5019.220703226255,1.2698388606308044
5039.263058267204,2.539677721261609
5059.305413308153,3.8095165818924133
5079.347768349102,2.9629573414718773
5099.3901233900515,1.2698388606308044
5119.432478431,2.116398101051341
5139.474833471949,1.6931184808410726
5159.517188512898,2.116398101051341
5179.559543553847,1.6931184808410726
5199.601898594797,3.3862369616821453
5219.644253635745,2.539677721261609
5239.686608676695,1.2698388606308044
5259.728963717644,2.539677721261609
5279.771318758593,0.8465592404205363
5299.813673799542,0.8465592404205363
5319.856028840491,1.6931184808410726
5339.89838388144,1.2698388606308044
5359.940738922389,2.9629573414718773
5379.983093963338,2.539677721261609
5400.025449004287,2.539677721261609
5420.067804045237,1.6931184808410726
5440.110159086185,1.6931184808410726
5460.152514127135,1.2698388606308044
5480.194869168084,2.9629573414718773
5500.237224209033,0.42327962021026816
5520.279579249982,1.2698388606308044
5540.321934290931,0.42327962021026816
5560.36428933188,1.2698388606308044
5580.406644372829,0.42327962021026816
5600.448999413778,1.6931184808410726
5620.491354454727,1.6931184808410726
5640.533709495677,1.2698388606308044
5660.576064536625,1.2698388606308044
5680.618419577575,1.6931184808410726
5700.660774618524,2.9629573414718773
5720.703129659472,1.2698388606308044
5740.745484700422,0.8465592404205363
5760.787839741371,2.539677721261609
5780.83019478232,0.8465592404205363
5800.872549823269,0.8465592404205363
5820.914904864218,0.8465592404205363
5840.957259905167,1.6931184808410726
5860.999614946117,0.0
5881.041969987065,0.8465592404205363
5901.084325028015,0.42327962021026816
5921.126680068964,0.42327962021026816
5941.169035109912,0.42327962021026816
5961.211390150862,1.6931184808410726
5981.253745191811,0.8465592404205363
6001.29610023276,1.6931184808410726
6021.338455273709,2.116398101051341
6041.380810314658,0.0
6061.423165355607,0.42327962021026816
6081.465520396557,1.6931184808410726
6101.507875437505,0.42327962021026816
6121.550230478454,0.8465592404205363
6141.592585519404,0.42327962021026816
6161.634940560352,0.42327962021026816
6181.677295601302,1.2698388606308044
6201.719650642251,0.42327962021026816
6221.7620056832,1.6931184808410726
6241.804360724149,1.2698388606308044
6261.846715765098,1.2698388606308044
6281.889070806047,1.2698388606308044
6301.931425846997,0.42327962021026816
6321.973780887945,0.0
6342.016135928894,1.6931184808410726
6362.058490969844,1.2698388606308044
6382.100846010792,1.6931184808410726
6402.143201051742,2.116398101051341
6422.185556092691,1.6931184808410726
6442.22791113364,1.2698388606308044
6462.270266174589,0.42327962021026816
6482.3126212155385,0.42327962021026816
6502.354976256487,0.42327962021026816
6522.397331297436,0.42327962021026816
6542.439686338385,0.42327962021026816
6562.482041379334,0.42327962021026816
6582.524396420284,1.6931184808410726
6602.566751461232,0.42327962021026816
6622.609106502182,0.42327962021026816
6642.651461543131,0.42327962021026816
6662.69381658408,0.8465592404205363
6682.736171625029,0.0
6702.778526665978,0.0
6722.820881706927,1.2698388606308044
6742.863236747876,0.0
6762.905591788825,0.8465592404205363
6782.947946829774,0.42327962021026816
6802.990301870724,0.0
6823.032656911672,0.0
6843.075011952622,0.42327962021026816
6863.117366993571,0.8465592404205363
6883.15972203452,0.42327962021026816
6903.202077075469,0.42327962021026816
6923.244432116418,0.42327962021026816
6943.286787157367,0.0
6963.329142198316,0.42327962021026816
6983.371497239265,0.0
7003.413852280214,0.0
7023.456207321164,0.42327962021026816
7043.498562362112,0.8465592404205363
7063.540917403062,0.0
7083.583272444011,0.8465592404205363
7103.625627484959,0.0
7123.667982525909,0.8465592404205363
7143.710337566858,1.2698388606308044
7163.752692607807,0.8465592404205363
7183.795047648756,1.2698388606308044
7203.837402689705,0.8465592404205363
7223.879757730654,0.42327962021026816
7243.922112771604,0.42327962021026816
7263.964467812552,0.0
7284.006822853502,0.42327962021026816
7304.049177894451,0.0
7324.091532935399,1.6931184808410726
7344.133887976349,0.42327962021026816
7364.176243017298,0.0
7384.218598058247,0.42327962021026816
7404.260953099196,0.0
7424.303308140145,0.8465592404205363
7444.345663181094,0.42327962021026816
7464.388018222044,0.0
7484.430373262992,0.8465592404205363
7504.472728303941,0.0
7524.515083344891,0.42327962021026816
7544.557438385839,0.0
7564.599793426789,0.0
7584.642148467738,0.42327962021026816
7604.684503508687,0.42327962021026816
7624.726858549636,0.8465592404205363
7644.769213590585,0.0
7664.811568631534,0.0
7684.853923672483,0.0
7704.896278713432,1.6931184808410726
7724.938633754381,0.42327962021026816
7744.980988795331,0.42327962021026816
7765.023343836279,0.0
7785.065698877229,0.42327962021026816
7805.108053918178,0.0
7825.150408959127,0.8465592404205363
7845.192764000076,1.2698388606308044
7865.235119041025,0.42327962021026816
7885.277474081974,0.8465592404205363
7905.319829122923,0.42327962021026816
7925.362184163872,1.2698388606308044
7945.404539204821,2.116398101051341
7965.446894245771,2.9629573414718773
7985.489249286719,3.8095165818924133
8005.531604327669,3.8095165818924133
8025.573959368618,3.3862369616821453
8045.616314409567,3.8095165818924133
8065.658669450516,2.9629573414718773
8085.7010244914645,2.116398101051341
8105.743379532414,2.116398101051341
8125.785734573363,1.2698388606308044
8145.828089614312,0.0
8165.870444655261,0.0
8185.912799696211,0.42327962021026816
8205.95515473716,0.42327962021026816
8225.997509778108,0.8465592404205363
8246.039864819058,0.0
8266.082219860007,0.42327962021026816
8286.124574900956,0.42327962021026816
8306.166929941905,0.42327962021026816
8326.209284982853,0.8465592404205363
8346.251640023804,0.0
8366.293995064752,0.42327962021026816
8386.336350105701,0.0
8406.37870514665,0.42327962021026816
8426.4210601876,0.0
8446.463415228549,0.8465592404205363
8466.505770269498,0.0
8486.548125310446,1.6931184808410726
8506.590480351395,2.9629573414718773
8526.632835392345,1.6931184808410726
8546.675190433294,4.232796202102682
8566.717545474243,8.888872024415631
8586.759900515191,11.85182936588751
8606.802255556142,8.888872024415631
8626.84461059709,11.005270125466971
8646.88696563804,13.121668226518313
8666.929320678988,9.3121516446259
8686.971675719937,7.1957535435745585
8707.014030760887,4.65607582231295
8727.056385801836,2.539677721261609
8747.098740842785,4.232796202102682
8767.141095883733,1.6931184808410726
8787.183450924684,0.0
8807.225805965632,1.2698388606308044
8827.268161006581,0.42327962021026816
8847.31051604753,0.0
8867.35287108848,0.8465592404205363
8887.395226129429,2.116398101051341
8907.437581170378,0.8465592404205363
8927.479936211326,1.6931184808410726
8947.522291252275,0.42327962021026816
8967.564646293225,1.2698388606308044
8987.607001334174,0.8465592404205363
9007.649356375123,0.0
9027.691711416071,0.42327962021026816
9047.734066457022,0.42327962021026816
9067.77642149797,0.0
9087.81877653892,0.0
9107.861131579868,0.42327962021026816
9127.903486620817,0.42327962021026816
9147.945841661767,0.0
9167.988196702716,0.42327962021026816
9188.030551743665,0.0
9208.072906784613,0.0
9228.115261825564,0.0
9248.157616866512,0.0
9268.199971907461,0.42327962021026816
9288.24232694841,0.42327962021026816
9308.284681989358,0.8465592404205363
9328.327037030309,0.0
9348.369392071258,0.42327962021026816
9368.411747112206,0.42327962021026816
9388.454102153155,0.0
9408.496457194105,0.8465592404205363
9428.538812235054,0.42327962021026816
9448.581167276003,1.6931184808410726
9468.623522316951,1.6931184808410726
9488.6658773579,0.0
9508.70823239885,0.8465592404205363
9528.7505874398,1.6931184808410726
9548.792942480748,2.539677721261609
9568.835297521697,3.3862369616821453
9588.877652562647,1.2698388606308044
9608.920007603596,1.2698388606308044
9628.962362644545,1.2698388606308044
9649.004717685493,1.2698388606308044
9669.047072726442,0.0
9689.089427767392,0.42327962021026816
9709.131782808341,0.0
9729.17413784929,0.0
9749.216492890238,0.0
9769.258847931189,0.0
9789.301202972138,0.0
9809.343558013086,0.42327962021026816
9829.385913054035,0.42327962021026816
9849.428268094985,0.0
9869.470623135934,0.0
9889.512978176883,0.0
9909.555333217832,0.42327962021026816
9929.59768825878,0.42327962021026816
9949.64004329973,0.0
9969.68239834068,0.42327962021026816
9989.724753381628,0.0
10009.767108422577,0.42327962021026816
10029.809463463527,0.0
10049.851818504476,0.0
10069.894173545425,0.0
10089.936528586373,1.2698388606308044
10109.978883627322,0.42327962021026816
10130.021238668272,0.0
10150.063593709221,0.0
10170.10594875017,0.0
10190.148303791118,0.42327962021026816
10210.190658832069,0.0
10230.233013873018,0.0
10250.275368913966,0.0
10270.317723954915,0.42327962021026816
10290.360078995864,0.0
10310.402434036814,0.0
10330.444789077763,0.42327962021026816
10350.487144118712,0.0
10370.52949915966,0.42327962021026816
10390.57185420061,0.0
10410.61420924156,0.0
10430.656564282508,0.42327962021026816
10450.698919323457,0.42327962021026816
10470.741274364405,0.0
10490.783629405356,0.42327962021026816
10510.825984446305,0.8465592404205363
10530.868339487253,0.0
10550.910694528202,0.0
10570.953049569152,0.42327962021026816
10590.995404610101,0.42327962021026816
10611.03775965105,1.6931184808410726
10631.080114691998,1.2698388606308044
10651.122469732947,1.2698388606308044
10671.164824773898,1.6931184808410726
10691.207179814846,2.539677721261609
10711.249534855795,2.9629573414718773
10731.291889896744,5.079355442523218
10751.334244937694,6.7724739233642905
10771.376599978643,9.735431264836167
10791.418955019592,10.581990505256703
10811.46131006054,9.3121516446259
10831.50366510149,12.698388606308045
10851.54602014244,11.428549745677241
10871.588375183388,11.85182936588751
10891.630730224337,7.1957535435745585
10911.673085265285,8.465592404205363
10931.715440306236,4.65607582231295
10951.757795347185,2.539677721261609
10971.800150388133,1.6931184808410726
10991.842505429082,0.0
11011.884860470032,1.2698388606308044
11031.927215510981,0.42327962021026816
11051.96957055193,0.8465592404205363
11072.011925592878,0.42327962021026816
11092.054280633827,0.0
11112.096635674778,0.0
11132.138990715726,0.0
11152.181345756675,0.42327962021026816
11172.223700797624,0.0
11192.266055838574,0.42327962021026816
11212.308410879523,0.0
11232.350765920472,0.42327962021026816
11252.39312096142,0.0
11272.435476002369,0.42327962021026816
11292.47783104332,0.0
11312.520186084268,0.0
11332.562541125217,0.0
11352.604896166165,0.42327962021026816
11372.647251207116,0.42327962021026816
11392.689606248065,0.0
11412.731961289013,0.0
11432.774316329962,0.0
11452.81667137091,0.0
11472.859026411861,0.8465592404205363
11492.90138145281,0.8465592404205363
11512.943736493758,0.0
11532.986091534707,0.42327962021026816
11553.028446575658,0.0
11573.070801616606,0.0
11593.113156657555,0.0
11613.155511698504,0.42327962021026816
11633.197866739452,0.8465592404205363
11653.240221780403,0.0
11673.282576821352,0.0
11693.3249318623,0.42327962021026816
11713.367286903249,0.8465592404205363
11733.4096419442,2.539677721261609
11753.451996985148,0.0
11773.494352026097,0.8465592404205363
11793.536707067045,0.0
11813.579062107996,0.42327962021026816
11833.621417148945,0.0
11853.663772189893,0.0
11873.706127230842,0.42327962021026816
11893.74848227179,0.42327962021026816
11913.790837312741,0.42327962021026816
11933.83319235369,0.0
11953.875547394638,0.42327962021026816
11973.917902435587,0.0
11993.960257476538,0.0
12014.002612517486,0.0
12034.044967558435,0.0
12054.087322599384,0.0
12074.129677640332,0.0
12094.172032681283,0.0
12114.214387722232,0.42327962021026816
12134.25674276318,0.0
12154.299097804129,0.0
12174.34145284508,0.42327962021026816
12194.383807886028,0.0
12214.426162926977,0.42327962021026816
12234.468517967925,0.0
12254.510873008874,0.0
12274.553228049825,0.42327962021026816
12294.595583090773,0.0
12314.637938131722,0.8465592404205363
12334.68029317267,0.0
12354.722648213621,0.8465592404205363
12374.76500325457,0.0
12394.807358295518,0.42327962021026816
12414.849713336467,0.42327962021026816
12434.892068377416,0.42327962021026816
12454.934423418366,0.8465592404205363
12474.976778459315,0.0
12495.019133500264,0.0
12515.061488541212,0.0
12535.103843582163,0.0
12555.146198623112,0.8465592404205363
12575.18855366406,0.8465592404205363
12595.230908705009,0.8465592404205363
12615.27326374596,1.2698388606308044
12635.315618786908,0.42327962021026816
12655.357973827857,1.2698388606308044
12675.400328868805,2.9629573414718773
12695.442683909754,0.8465592404205363
12715.485038950705,1.6931184808410726
12735.527393991653,1.2698388606308044
12755.569749032602,1.2698388606308044
12775.61210407355,0.0
12795.654459114501,2.116398101051341
12815.69681415545,1.6931184808410726
12835.739169196399,1.2698388606308044
12855.781524237347,3.3862369616821453
12875.823879278296,1.2698388606308044
12895.866234319246,5.925914682943755
12915.908589360195,6.7724739233642905
12935.950944401144,5.079355442523218
12955.993299442092,8.042312783995095
12976.035654483043,10.581990505256703
12996.078009523992,11.005270125466971
13016.12036456494,10.581990505256703
13036.162719605889,15.238066327569653
13056.205074646838,11.85182936588751
13076.247429687788,12.275108986097777
13096.289784728737,7.1957535435745585
13116.332139769685,3.8095165818924133
13136.374494810634,4.65607582231295
13156.416849851585,3.3862369616821453
13176.459204892533,1.2698388606308044
13196.501559933482,2.9629573414718773
13216.54391497443,2.116398101051341
13236.58627001538,1.6931184808410726
13256.62862505633,1.2698388606308044
13276.670980097279,1.6931184808410726
13296.713335138227,2.116398101051341
13316.755690179176,0.8465592404205363
13336.798045220126,1.6931184808410726
13356.840400261075,0.8465592404205363
13376.882755302024,0.8465592404205363
13396.925110342972,1.2698388606308044
13416.967465383921,0.0
13437.009820424872,0.0
13457.05217546582,0.42327962021026816
13477.094530506769,0.0
13497.136885547718,0.0
13517.179240588668,0.8465592404205363
13537.221595629617,0.0
13557.263950670565,0.42327962021026816
13577.306305711514,0.0
13597.348660752465,0.0
13617.391015793413,0.0
13637.433370834362,0.0
13657.47572587531,0.8465592404205363
13677.51808091626,0.0
13697.56043595721,0.0
13717.602790998159,0.0
13737.645146039107,0.0
13757.687501080056,1.2698388606308044
13777.729856121006,0.0
13797.772211161955,0.42327962021026816
13817.814566202904,0.0
13837.856921243852,0.42327962021026816
13857.899276284801,0.0
13877.941631325752,0.0
13897.9839863667,0.0
13918.026341407649,0.0
13938.068696448598,0.0
13958.111051489548,0.0
13978.153406530497,0.0
13998.195761571445,1.2698388606308044
14018.238116612394,1.2698388606308044
14038.280471653343,0.42327962021026816
14058.322826694293,0.8465592404205363
14078.365181735242,0.8465592404205363
14098.40753677619,0.8465592404205363
14118.44989181714,2.539677721261609
14138.49224685809,0.42327962021026816
14158.534601899039,1.2698388606308044
14178.576956939987,0.8465592404205363
14198.619311980936,0.42327962021026816
14218.661667021885,0.8465592404205363
14238.704022062835,0.0
14258.746377103784,0.42327962021026816
14278.788732144732,0.0
14298.831087185681,0.42327962021026816
14318.873442226632,0.42327962021026816
14338.91579726758,0.42327962021026816
14358.958152308529,0.0
14379.000507349478,0.0
14399.042862390426,0.0
14419.085217431377,0.42327962021026816
14439.127572472325,0.0
14459.169927513274,0.42327962021026816
14479.212282554223,0.0
14499.254637595173,0.0
14519.296992636122,0.42327962021026816
14539.33934767707,0.42327962021026816
14559.38170271802,0.42327962021026816
14579.42405775897,0.42327962021026816
14599.466412799919,0.0
14619.508767840867,0.0
14639.551122881816,0.0
14659.593477922765,0.0
14679.635832963715,1.2698388606308044
14699.678188004664,0.0
14719.720543045612,0.0
14739.762898086561,0.42327962021026816
14759.805253127512,0.0
14779.84760816846,0.42327962021026816
14799.889963209409,0.42327962021026816
14819.932318250358,0.0
14839.974673291306,0.8465592404205363
14860.017028332257,0.42327962021026816
14880.059383373205,0.42327962021026816
14900.101738414154,0.0
14920.144093455103,1.2698388606308044
14940.186448496053,0.42327962021026816
14960.228803537002,0.42327962021026816
14980.27115857795,0.0
15000.3135136189,0.0
15020.355868659848,0.42327962021026816
15040.398223700799,0.0
15060.440578741747,0.0
15080.482933782696,1.2698388606308044
15100.525288823645,0.8465592404205363
15120.567643864595,1.2698388606308044
15140.609998905544,1.2698388606308044
15160.652353946492,0.42327962021026816
15180.694708987441,1.2698388606308044
15200.73706402839,3.3862369616821453
15220.77941906934,1.2698388606308044
15240.821774110289,1.2698388606308044
15260.864129151238,0.8465592404205363
15280.906484192186,0.42327962021026816
15300.948839233137,0.8465592404205363
15320.991194274086,2.116398101051341
15341.033549315034,1.6931184808410726
15361.075904355983,1.2698388606308044
15381.118259396932,0.42327962021026816
15401.160614437882,0.42327962021026816
15421.20296947883,1.2698388606308044
15441.24532451978,0.42327962021026816
15461.287679560728,0.0
15481.330034601679,0.0
15501.372389642627,0.0
15521.414744683576,2.116398101051341
15541.457099724525,2.116398101051341
15561.499454765475,0.42327962021026816
15581.541809806424,0.42327962021026816
15601.584164847372,3.8095165818924133
15621.626519888321,5.079355442523218
15641.66887492927,4.232796202102682
15661.71122997022,5.502635062733486
15681.753585011169,5.502635062733486
15701.795940052118,8.465592404205363
15721.838295093066,11.428549745677241
15741.880650134017,7.1957535435745585
15761.923005174966,6.349194303154023
15781.965360215914,10.581990505256703
15802.007715256863,8.042312783995095
15822.050070297812,6.7724739233642905
15842.092425338762,5.925914682943755
15862.13478037971,3.3862369616821453
15882.17713542066,2.539677721261609
15902.219490461608,3.8095165818924133
15922.261845502559,2.116398101051341
15942.304200543507,0.42327962021026816
15962.346555584456,2.116398101051341
15982.388910625405,0.0
16002.431265666353,0.42327962021026816
16022.473620707304,0.0
16042.515975748252,0.0
16062.558330789201,0.0
16082.60068583015,0.42327962021026816
16102.6430408711,0.8465592404205363
16122.685395912049,0.0
16142.727750952998,0.0
16162.770105993946,0.42327962021026816
16182.812461034895,0.8465592404205363
16202.854816075846,0.42327962021026816
16222.897171116794,0.42327962021026816
16242.939526157743,0.42327962021026816
16262.981881198692,0.8465592404205363
16283.024236239642,0.0
16303.06659128059,0.0
16323.10894632154,0.0
16343.151301362488,0.0
16363.193656403439,0.0
16383.236011444387,0.42327962021026816
16403.278366485334,0.42327962021026816
16423.320721526285,0.8465592404205363
16443.363076567235,0.0
16463.405431608182,0.8465592404205363
16483.447786649132,0.42327962021026816
16503.490141690083,0.0
16523.53249673103,0.0
16543.57485177198,0.0
16563.617206812927,0.8465592404205363
16583.659561853878,0.0
16603.701916894828,1.2698388606308044
16623.744271935775,0.0
16643.786626976726,0.42327962021026816
16663.828982017672,0.0
16683.871337058623,0.0
16703.913692099573,0.0
16723.95604714052,0.0
16743.99840218147,0.42327962021026816
16764.040757222418,1.2698388606308044
16784.083112263368,0.42327962021026816
16804.12546730432,0.0
16824.167822345265,0.0
16844.210177386216,0.0
16864.252532427166,0.42327962021026816
16884.294887468113,0.0
16904.337242509064,0.42327962021026816
16924.37959755001,0.42327962021026816
16944.42195259096,0.42327962021026816
16964.46430763191,0.0
16984.50666267286,0.42327962021026816
17004.54901771381,0.0
17024.591372754756,0.42327962021026816
17044.633727795706,0.0
17064.676082836657,0.0
17084.718437877604,0.0
17104.760792918554,0.0
17124.803147959505,0.8465592404205363
17144.84550300045,0.42327962021026816
17164.887858041402,1.2698388606308044
17184.93021308235,0.8465592404205363
17204.9725681233,0.42327962021026816
17225.01492316425,2.539677721261609
17245.057278205197,2.116398101051341
17265.099633246147,2.539677721261609
17285.141988287094,5.925914682943755
17305.184343328045,2.9629573414718773
17325.226698368995,7.6190331637848265
17345.269053409942,8.042312783995095
17365.311408450892,7.1957535435745585
17385.35376349184,9.3121516446259
17405.39611853279,11.428549745677241
17425.43847357374,12.275108986097777
17445.480828614687,16.08462556799019
17465.523183655638,10.581990505256703
17485.56553869659,14.814786707359385
17505.607893737535,9.735431264836167
17525.650248778486,13.544947846728581
17545.692603819432,8.888872024415631
17565.734958860383,8.465592404205363
17585.777313901333,6.7724739233642905
17605.81966894228,4.232796202102682
17625.86202398323,3.3862369616821453
17645.904379024178,3.8095165818924133
17665.946734065128,4.232796202102682
17685.98908910608,2.9629573414718773
17706.031444147025,0.8465592404205363
17726.073799187976,1.2698388606308044
17746.116154228926,2.539677721261609
17766.158509269873,0.8465592404205363
17786.200864310824,0.0
17806.24321935177,0.8465592404205363
17826.28557439272,0.42327962021026816
17846.32792943367,0.0
17866.37028447462,0.8465592404205363
17886.41263951557,0.0
17906.454994556516,0.0
17926.497349597466,0.42327962021026816
17946.539704638417,0.0
17966.582059679364,0.0
17986.624414720314,0.0
18006.66676976126,0.0
18026.70912480221,0.42327962021026816
18046.751479843162,0.0
18066.79383488411,0.0
18086.83618992506,0.0
18106.87854496601,0.0
18126.920900006957,0.42327962021026816
18146.963255047907,0.0
18167.005610088854,0.0
18187.047965129805,0.0
18207.090320170755,0.42327962021026816
18227.132675211702,0.42327962021026816
18247.175030252653,0.0
18267.2173852936,0.0
18287.25974033455,0.0
18307.3020953755,0.42327962021026816
18327.344450416447,0.42327962021026816
18347.386805457398,0.0
18367.429160498345,0.42327962021026816
18387.471515539295,0.0
18407.513870580246,0.0
18427.556225621192,0.0
18447.598580662143,0.0
18467.640935703093,0.0
18487.68329074404,0.42327962021026816
18507.72564578499,0.42327962021026816
18527.768000825938,0.0
18547.810355866888,0.0
18567.85271090784,0.0
18587.895065948785,0.42327962021026816
18607.937420989736,0.42327962021026816
18627.979776030683,0.0
18648.022131071633,0.0
18668.064486112584,0.42327962021026816
18688.10684115353,0.42327962021026816
18708.14919619448,1.2698388606308044
18728.19155123543,0.0
18748.23390627638,0.42327962021026816
18768.27626131733,0.0
18788.318616358276,0.0
18808.360971399226,0.42327962021026816
18828.403326440177,0.42327962021026816
18848.445681481124,0.0
18868.488036522074,0.0
18888.53039156302,0.42327962021026816
18908.57274660397,0.0
18928.615101644922,0.0
18948.65745668587,0.0
18968.69981172682,0.42327962021026816
18988.742166767766,0.42327962021026816
19008.784521808717,0.42327962021026816
19028.826876849667,0.42327962021026816
19048.869231890614,0.0
19068.911586931565,0.0
19088.953941972515,0.0
19108.996297013462,0.0
19129.038652054413,0.8465592404205363
19149.08100709536,0.0
19169.12336213631,0.42327962021026816
19189.16571717726,0.0
19209.208072218207,0.0
19229.250427259158,0.0
19249.292782300105,0.8465592404205363
19269.335137341055,0.8465592404205363
19289.377492382006,0.42327962021026816
19309.419847422952,0.42327962021026816
19329.462202463903,0.0
19349.50455750485,0.42327962021026816
19369.5469125458,0.0
19389.58926758675,0.42327962021026816
19409.631622627698,0.42327962021026816
19429.673977668648,0.8465592404205363
19449.7163327096,0.8465592404205363
19469.758687750546,1.2698388606308044
19489.801042791496,0.8465592404205363
19509.843397832443,3.8095165818924133
19529.885752873393,2.116398101051341
19549.928107914344,2.539677721261609
19569.97046295529,3.3862369616821453
19590.01281799624,2.539677721261609
19610.055173037188,1.6931184808410726
19630.09752807814,1.6931184808410726
19650.13988311909,2.116398101051341
19670.182238160036,2.116398101051341
19690.224593200986,1.6931184808410726
19710.266948241937,0.42327962021026816
19730.309303282884,0.42327962021026816
19750.351658323834,0.42327962021026816
19770.39401336478,0.8465592404205363
19790.43636840573,0.0
19810.478723446682,0.0
19830.52107848763,0.42327962021026816
19850.56343352858,0.42327962021026816
19870.605788569526,0.0
19890.648143610477,0.42327962021026816
19910.690498651427,0.42327962021026816
19930.732853692374,1.6931184808410726
19950.775208733325,0.42327962021026816
19970.81756377427,0.0
19990.859918815222,1.2698388606308044
20010.902273856173,0.0
20030.94462889712,0.42327962021026816
20050.98698393807,0.0
20071.02933897902,0.0
20091.071694019967,0.0
20111.114049060918,0.42327962021026816
20131.156404101865,0.42327962021026816
20151.198759142815,0.8465592404205363
20171.241114183766,0.0
20191.283469224712,0.0
20211.325824265663,0.0
20231.36817930661,0.0
20251.41053434756,0.42327962021026816
20271.45288938851,0.42327962021026816
20291.495244429458,0.0
20311.537599470408,0.0
20331.579954511355,0.0
20351.622309552306,0.0
20371.664664593256,0.42327962021026816
20391.707019634203,0.42327962021026816
20411.749374675153,0.8465592404205363
20431.791729716104,0.0
20451.83408475705,0.0
20471.876439798,0.0
20491.918794838948,0.42327962021026816
20511.9611498799,0.42327962021026816
20532.00350492085,0.0
20552.045859961796,0.42327962021026816
20572.088215002746,0.0
20592.130570043693,0.0
20612.172925084644,0.42327962021026816
20632.215280125594,0.42327962021026816
20652.25763516654,0.0
20672.29999020749,0.0
20692.342345248442,0.0
20712.38470028939,0.42327962021026816
20732.42705533034,0.8465592404205363
20752.469410371286,0.42327962021026816
20772.511765412237,0.8465592404205363
20792.554120453187,0.42327962021026816
20812.596475494134,0.42327962021026816
20832.638830535085,0.42327962021026816
20852.68118557603,0.8465592404205363
20872.723540616982,0.0
20892.765895657933,0.0
20912.80825069888,0.42327962021026816
20932.85060573983,0.42327962021026816
20952.892960780777,0.42327962021026816
20972.935315821727,0.0
20992.977670862678,0.0
21013.020025903625,0.42327962021026816
21033.062380944575,0.0
21053.104735985526,0.0
21073.147091026472,0.42327962021026816
21093.189446067423,0.42327962021026816
21113.23180110837,0.8465592404205363
21133.27415614932,0.42327962021026816
21153.31651119027,0.42327962021026816
21173.358866231218,0.0
21193.40122127217,0.42327962021026816
21213.443576313115,0.42327962021026816
21233.485931354066,0.8465592404205363
21253.528286395016,0.8465592404205363
21273.570641435963,0.0
21293.612996476913,0.0
21313.65535151786,0.0
21333.69770655881,1.2698388606308044
21353.74006159976,0.0
21373.782416640708,0.0
21393.82477168166,0.42327962021026816
21413.86712672261,0.0
21433.909481763556,0.0
21453.951836804506,0.42327962021026816
21473.994191845453,0.8465592404205363
21494.036546886404,0.8465592404205363
21514.078901927354,0.0
21534.1212569683,0.8465592404205363
21554.16361200925,0.0
21574.2059670502,0.42327962021026816
21594.24832209115,0.0
21614.2906771321,0.42327962021026816
21634.333032173046,0.42327962021026816
21654.375387213997,0.0
21674.417742254947,0.0
21694.460097295894,0.42327962021026816
21714.502452336845,0.42327962021026816
21734.54480737779,0.42327962021026816
21754.587162418742,0.42327962021026816
21774.629517459693,0.0
21794.67187250064,0.0
21814.71422754159,0.0
21834.756582582537,0.0
21854.798937623487,1.6931184808410726
21874.841292664438,1.2698388606308044
21894.883647705385,0.0
21914.926002746335,0.0
21934.968357787282,0.0
21955.010712828232,0.0
21975.053067869183,0.0
21995.09542291013,0.42327962021026816
22015.13777795108,0.8465592404205363
22035.18013299203,0.42327962021026816
22055.222488032978,0.42327962021026816
22075.26484307393,0.0
22095.307198114875,0.42327962021026816
22115.349553155826,0.42327962021026816
22135.391908196776,0.8465592404205363
22155.434263237723,0.8465592404205363
22175.476618278673,0.8465592404205363
22195.51897331962,0.8465592404205363
22215.56132836057,0.42327962021026816
22235.60368340152,1.2698388606308044
22255.646038442468,0.0
22275.68839348342,0.42327962021026816
22295.730748524365,0.0
22315.773103565316,1.6931184808410726
22335.815458606266,0.42327962021026816
22355.857813647213,0.8465592404205363
22375.900168688164,0.42327962021026816
22395.942523729114,0.8465592404205363
22415.98487877006,0.42327962021026816
22436.02723381101,0.0
22456.06958885196,1.2698388606308044
22476.11194389291,0.42327962021026816
22496.15429893386,0.42327962021026816
22516.196653974806,0.0
22536.239009015757,1.6931184808410726
22556.281364056704,0.42327962021026816
22576.323719097654,0.42327962021026816
22596.366074138605,0.0
22616.40842917955,0.8465592404205363
22636.450784220502,0.0
22656.493139261453,0.42327962021026816
22676.5354943024,1.2698388606308044
22696.57784934335,0.42327962021026816
22716.620204384297,0.42327962021026816
22736.662559425247,0.42327962021026816
22756.704914466198,0.0
22776.747269507145,0.8465592404205363
22796.789624548095,1.2698388606308044
22816.831979589042,0.42327962021026816
22836.874334629993,0.42327962021026816
22856.916689670943,0.8465592404205363
22876.95904471189,0.0
22897.00139975284,0.42327962021026816
22917.043754793787,0.0
22937.086109834738,0.42327962021026816
22957.12846487569,1.6931184808410726
22977.170819916635,0.42327962021026816
22997.213174957586,0.42327962021026816
23017.255529998536,0.8465592404205363
23037.297885039483,1.2698388606308044
23057.340240080433,0.0
23077.38259512138,0.42327962021026816
23097.42495016233,0.0
23117.46730520328,0.42327962021026816
23137.509660244228,1.2698388606308044
23157.55201528518,1.6931184808410726
23177.594370326125,0.42327962021026816
23197.636725367076,0.42327962021026816
23217.679080408026,1.6931184808410726
23237.721435448973,1.2698388606308044
23257.763790489924,0.42327962021026816
23277.80614553087,0.42327962021026816
23297.84850057182,2.116398101051341
23317.89085561277,0.0
23337.93321065372,1.2698388606308044
23357.97556569467,0.8465592404205363
23378.01792073562,0.42327962021026816
23398.060275776566,0.42327962021026816
23418.102630817517,1.2698388606308044
23438.144985858464,1.6931184808410726
23458.187340899414,0.42327962021026816
23478.229695940365,0.8465592404205363
23498.27205098131,1.2698388606308044
23518.314406022262,2.116398101051341
23538.35676106321,0.42327962021026816
23558.39911610416,0.42327962021026816
23578.44147114511,2.9629573414718773
23598.483826186057,0.0
23618.526181227007,1.2698388606308044
23638.568536267958,1.2698388606308044
23658.610891308905,1.6931184808410726
23678.653246349855,0.8465592404205363
23698.695601390802,1.6931184808410726
23718.737956431753,0.8465592404205363
23738.780311472703,1.6931184808410726
23758.82266651365,2.116398101051341
23778.8650215546,1.2698388606308044
23798.907376595547,2.116398101051341
23818.949731636498,0.0
23838.99208667745,0.42327962021026816
23859.034441718395,1.2698388606308044
23879.076796759346,1.6931184808410726
23899.119151800292,0.42327962021026816
23919.161506841243,0.8465592404205363
23939.203861882193,2.9629573414718773
23959.24621692314,1.6931184808410726
23979.28857196409,1.6931184808410726
23999.33092700504,0.42327962021026816
24019.373282045988,0.42327962021026816
24039.41563708694,0.8465592404205363
24059.457992127886,0.42327962021026816
24079.500347168836,0.8465592404205363
24099.542702209787,0.42327962021026816
24119.585057250733,2.116398101051341
24139.627412291684,1.6931184808410726
24159.66976733263,0.42327962021026816
24179.71212237358,0.8465592404205363
24199.75447741453,1.6931184808410726
24219.79683245548,0.8465592404205363
24239.83918749643,2.539677721261609
24259.88154253738,0.0
24279.923897578326,0.42327962021026816
24299.966252619277,2.9629573414718773
24320.008607660224,2.116398101051341
24340.050962701174,2.116398101051341
24360.093317742125,2.539677721261609
24380.13567278307,4.65607582231295
24400.178027824022,1.6931184808410726
24420.22038286497,3.3862369616821453
24440.26273790592,1.6931184808410726
24460.30509294687,0.8465592404205363
24480.347447987817,0.42327962021026816
24500.389803028767,2.539677721261609
24520.432158069714,1.2698388606308044
24540.474513110665,2.116398101051341
24560.516868151615,0.0
24580.559223192562,2.116398101051341
24600.601578233513,2.116398101051341
24620.643933274463,1.6931184808410726
24640.68628831541,1.6931184808410726
24660.72864335636,2.116398101051341
24680.770998397307,0.0
24700.813353438258,1.6931184808410726
24720.85570847921,0.8465592404205363
24740.898063520155,3.8095165818924133
24760.940418561106,1.2698388606308044
24780.982773602052,2.539677721261609
24801.025128643003,1.2698388606308044
24821.067483683953,3.3862369616821453
24841.1098387249,3.3862369616821453
24861.15219376585,2.116398101051341
24881.194548806798,1.6931184808410726
24901.236903847748,3.3862369616821453
24921.2792588887,2.116398101051341
24941.321613929646,4.232796202102682
24961.363968970596,1.2698388606308044
24981.406324011547,2.116398101051341
25001.448679052493,4.65607582231295
25021.491034093444,2.116398101051341
25041.53338913439,4.65607582231295
25061.57574417534,5.502635062733486
25081.61809921629,5.079355442523218
25101.66045425724,5.502635062733486
25121.70280929819,2.116398101051341
25141.745164339136,4.65607582231295
25161.787519380086,4.65607582231295
25181.829874421037,4.232796202102682
25201.872229461984,3.8095165818924133
25221.914584502934,6.349194303154023
25241.956939543885,7.6190331637848265
25261.99929458483,4.65607582231295
25282.041649625782,5.079355442523218
25302.08400466673,7.6190331637848265
25322.12635970768,4.232796202102682
25342.16871474863,3.8095165818924133
25362.211069789577,1.6931184808410726
25382.253424830527,4.232796202102682
25402.295779871474,3.3862369616821453
25422.338134912425,2.116398101051341
25442.380489953375,1.6931184808410726
25462.422844994322,1.2698388606308044
25482.465200035273,1.2698388606308044
25502.50755507622,2.116398101051341
25522.54991011717,2.539677721261609
25542.59226515812,2.116398101051341
25562.634620199067,1.2698388606308044
25582.676975240018,2.116398101051341
25602.71933028097,2.116398101051341
25622.761685321915,0.0
25642.804040362866,2.116398101051341
25662.846395403812,2.539677721261609
25682.888750444763,0.42327962021026816
25702.931105485713,3.8095165818924133
25722.97346052666,1.2698388606308044
25743.01581556761,2.9629573414718773
25763.058170608558,4.232796202102682
25783.10052564951,4.65607582231295
25803.14288069046,1.2698388606308044
25823.185235731406,4.65607582231295
25843.227590772356,0.8465592404205363
25863.269945813303,3.8095165818924133
25883.312300854253,1.2698388606308044
25903.354655895204,1.2698388606308044
25923.39701093615,1.2698388606308044
25943.4393659771,3.8095165818924133
25963.48172101805,2.116398101051341
25983.524076059,0.8465592404205363
26003.56643109995,2.9629573414718773
26023.608786140896,2.116398101051341
26043.651141181846,4.65607582231295
26063.693496222797,4.232796202102682
26083.735851263744,3.8095165818924133
26103.778206304694,3.8095165818924133
26123.82056134564,2.539677721261609
26143.86291638659,2.116398101051341
26163.905271427542,2.9629573414718773
26183.94762646849,3.8095165818924133
26203.98998150944,0.8465592404205363
26224.03233655039,1.2698388606308044
26244.074691591337,2.539677721261609
26264.117046632287,2.539677721261609
26284.159401673234,1.6931184808410726
26304.201756714185,4.232796202102682
26324.244111755135,2.9629573414718773
26344.286466796082,5.079355442523218
26364.328821837033,3.8095165818924133
26384.37117687798,4.232796202102682
26404.41353191893,3.8095165818924133
26424.45588695988,5.079355442523218
26444.498242000827,2.116398101051341
26464.540597041778,4.232796202102682
26484.582952082725,2.116398101051341
26504.625307123675,4.65607582231295
26524.667662164626,1.6931184808410726
26544.710017205573,4.232796202102682
26564.752372246523,2.539677721261609
26584.794727287474,2.116398101051341
26604.83708232842,0.8465592404205363
26624.87943736937,3.8095165818924133
26644.921792410318,3.8095165818924133
26664.96414745127,1.6931184808410726
26685.00650249222,3.3862369616821453
26705.048857533166,2.539677721261609
26725.091212574116,4.232796202102682
26745.133567615063,1.2698388606308044
26765.175922656013,2.539677721261609
26785.218277696964,3.3862369616821453
26805.26063273791,0.42327962021026816
26825.30298777886,5.502635062733486
26845.345342819808,4.65607582231295
26865.38769786076,1.6931184808410726
26885.43005290171,4.232796202102682
26905.472407942656,2.9629573414718773
26925.514762983606,5.925914682943755
26945.557118024557,2.116398101051341
26965.599473065504,2.116398101051341
26985.641828106454,4.232796202102682
27005.6841831474,4.232796202102682
27025.72653818835,4.232796202102682
27045.768893229302,1.6931184808410726
27065.81124827025,0.8465592404205363
27085.8536033112,5.925914682943755
27105.895958352146,2.539677721261609
27125.938313393097,3.8095165818924133
27145.980668434047,6.349194303154023
27166.023023474994,0.8465592404205363
27186.065378515945,4.232796202102682
27206.107733556895,2.9629573414718773
27226.150088597842,5.079355442523218
27246.192443638793,5.502635062733486
27266.23479867974,7.1957535435745585
27286.27715372069,5.925914682943755
27306.31950876164,5.079355442523218
27326.361863802587,2.539677721261609
27346.404218843538,2.116398101051341
27366.446573884485,5.079355442523218
27386.488928925435,5.502635062733486
27406.531283966386,3.3862369616821453
27426.573639007333,5.502635062733486
27446.615994048283,3.8095165818924133
27466.65834908923,7.1957535435745585
27486.70070413018,4.232796202102682
27506.74305917113,6.349194303154023
27526.785414212078,3.3862369616821453
27546.82776925303,5.502635062733486
27566.87012429398,3.3862369616821453
27586.912479334926,6.7724739233642905
27606.954834375876,3.3862369616821453
27626.997189416823,6.7724739233642905
27647.039544457773,4.232796202102682
27667.081899498724,3.8095165818924133
27687.12425453967,6.349194303154023
27707.16660958062,4.232796202102682
27727.208964621568,3.8095165818924133
27747.25131966252,5.502635062733486
27767.29367470347,2.9629573414718773
27787.336029744416,5.079355442523218
27807.378384785367,2.539677721261609
27827.420739826313,5.925914682943755
27847.463094867264,6.7724739233642905
27867.505449908214,2.9629573414718773
27887.54780494916,4.232796202102682
27907.59015999011,5.502635062733486
27927.632515031062,3.3862369616821453
27947.67487007201,5.079355442523218
27967.71722511296,2.116398101051341
27987.759580153906,5.079355442523218
28007.801935194857,5.079355442523218
28027.844290235807,7.6190331637848265
28047.886645276754,3.3862369616821453
28067.929000317705,3.3862369616821453
28087.97135535865,3.3862369616821453
28108.013710399602,4.65607582231295
28128.056065440553,6.7724739233642905
28148.0984204815,5.079355442523218
28168.14077552245,6.349194303154023
28188.1831305634,3.8095165818924133
28208.225485604347,7.6190331637848265
28228.267840645298,5.079355442523218
28248.310195686245,8.042312783995095
28268.352550727195,5.079355442523218
28288.394905768146,6.7724739233642905
28308.437260809093,7.6190331637848265
28328.479615850043,5.925914682943755
28348.52197089099,4.65607582231295
28368.56432593194,2.9629573414718773
28388.60668097289,4.65607582231295
28408.649036013838,5.502635062733486
28428.69139105479,6.7724739233642905
28448.733746095735,2.9629573414718773
28468.776101136686,6.349194303154023
28488.818456177636,2.9629573414718773
28508.860811218583,4.232796202102682
28528.903166259533,4.232796202102682
28548.945521300484,3.8095165818924133
28568.98787634143,8.042312783995095
28589.03023138238,4.232796202102682
28609.072586423328,2.9629573414718773
28629.11494146428,5.502635062733486
28649.15729650523,4.65607582231295
28669.199651546176,4.65607582231295
28689.242006587127,3.8095165818924133
28709.284361628073,6.349194303154023
28729.326716669024,3.3862369616821453
28749.369071709974,5.079355442523218
28769.41142675092,3.3862369616821453
28789.45378179187,3.8095165818924133
28809.49613683282,5.502635062733486
28829.53849187377,5.502635062733486
28849.58084691472,4.65607582231295
28869.623201955666,7.1957535435745585
28889.665556996617,4.232796202102682
28909.707912037567,4.65607582231295
28929.750267078514,5.925914682943755
28949.792622119465,6.349194303154023
28969.83497716041,2.9629573414718773
28989.877332201362,8.042312783995095
29009.919687242313,10.158710885046435
29029.96204228326,6.7724739233642905
29050.00439732421,6.349194303154023
29070.046752365157,8.465592404205363
29090.089107406107,4.65607582231295
29110.131462447058,8.042312783995095
29130.173817488005,5.079355442523218
29150.216172528955,6.7724739233642905
29170.258527569906,6.349194303154023
29190.300882610853,5.502635062733486
29210.343237651803,3.8095165818924133
29230.38559269275,7.1957535435745585
29250.4279477337,5.925914682943755
29270.47030277465,3.8095165818924133
29290.512657815598,6.7724739233642905
29310.55501285655,6.349194303154023
29330.597367897495,7.1957535435745585
29350.639722938446,8.465592404205363
29370.682077979396,5.502635062733486
29390.724433020343,5.925914682943755
29410.766788061293,6.349194303154023
29430.80914310224,7.6190331637848265
29450.85149814319,6.349194303154023
29470.89385318414,8.465592404205363
29490.93620822509,5.925914682943755
29510.97856326604,9.3121516446259
29531.02091830699,8.042312783995095
29551.063273347936,5.925914682943755
29571.105628388887,3.8095165818924133
29591.147983429833,7.1957535435745585
29611.190338470784,4.65607582231295
29631.232693511734,4.65607582231295
29651.27504855268,3.8095165818924133
29671.31740359363,5.502635062733486
29691.35975863458,8.465592404205363
29711.40211367553,8.042312783995095
29731.44446871648,5.079355442523218
29751.486823757426,5.079355442523218
29771.529178798377,5.079355442523218
29791.571533839324,7.6190331637848265
29811.613888880274,3.8095165818924133
29831.656243921225,5.079355442523218
29851.69859896217,5.079355442523218
29871.740954003122,8.465592404205363
29891.783309044073,8.042312783995095
29911.82566408502,7.1957535435745585
29931.86801912597,5.079355442523218
29951.910374166917,7.6190331637848265
29971.952729207867,8.042312783995095
29991.995084248818,6.7724739233642905
30012.037439289765,4.65607582231295
30032.079794330715,7.6190331637848265
30052.122149371662,7.6190331637848265
30072.164504412613,6.349194303154023
30092.206859453563,7.6190331637848265
30112.24921449451,5.925914682943755
30132.29156953546,6.7724739233642905
30152.33392457641,4.65607582231295
30172.376279617358,7.1957535435745585
30192.41863465831,2.9629573414718773
30212.460989699255,6.7724739233642905
30232.503344740206,6.7724739233642905
30252.545699781156,8.465592404205363
30272.588054822103,6.7724739233642905
30292.630409863054,8.042312783995095
30312.672764904,6.7724739233642905
30332.71511994495,6.349194303154023
30352.7574749859,5.502635062733486
30372.79983002685,7.1957535435745585
30392.8421850678,7.6190331637848265
30412.884540108746,7.1957535435745585
30432.926895149696,8.465592404205363
30452.969250190647,4.65607582231295
30473.011605231593,4.65607582231295
30493.053960272544,5.079355442523218
30513.096315313494,8.465592404205363
30533.13867035444,8.888872024415631
30553.18102539539,6.349194303154023
30573.22338043634,4.232796202102682
30593.26573547729,5.079355442523218
30613.30809051824,8.042312783995095
30633.350445559186,8.888872024415631
30653.392800600137,5.502635062733486
30673.435155641084,5.079355442523218
30693.477510682034,9.3121516446259
30713.519865722985,5.925914682943755
30733.56222076393,8.042312783995095
30753.604575804882,5.079355442523218
30773.64693084583,7.6190331637848265
30793.68928588678,7.6190331637848265
30813.73164092773,10.158710885046435
30833.773995968677,6.7724739233642905
30853.816351009627,6.349194303154023
30873.858706050578,7.6190331637848265
30893.901061091525,8.042312783995095
30913.943416132475,5.925914682943755
30933.985771173422,8.042312783995095
30954.028126214373,8.042312783995095
30974.070481255323,5.925914682943755
30994.11283629627,6.7724739233642905
31014.15519133722,6.349194303154023
31034.197546378167,6.349194303154023
31054.239901419118,8.465592404205363
31074.28225646007,5.502635062733486
31094.324611501015,10.158710885046435
31114.366966541966,9.735431264836167
31134.409321582916,7.1957535435745585
31154.451676623863,10.158710885046435
31174.494031664814,6.349194303154023
31194.53638670576,10.581990505256703
31214.57874174671,5.502635062733486
31234.62109678766,6.349194303154023
31254.66345182861,8.042312783995095
31274.70580686956,9.3121516446259
31294.748161910506,6.349194303154023
31314.790516951456,8.042312783995095
31334.832871992407,7.1957535435745585
31354.875227033353,6.7724739233642905
31374.917582074304,6.7724739233642905
31394.95993711525,7.1957535435745585
31415.0022921562,8.465592404205363
31435.04464719715,8.042312783995095
31455.0870022381,6.7724739233642905
31475.12935727905,8.888872024415631
31495.17171232,5.502635062733486
31515.214067360947,8.042312783995095
31535.256422401897,7.1957535435745585
31555.298777442844,6.7724739233642905
31575.341132483794,9.735431264836167
31595.383487524745,11.85182936588751
31615.42584256569,8.888872024415631
31635.468197606642,10.158710885046435
31655.51055264759,7.1957535435745585
31675.55290768854,9.3121516446259
31695.59526272949,7.6190331637848265
31715.637617770437,6.349194303154023
31735.679972811387,6.7724739233642905
31755.722327852338,8.888872024415631
31775.764682893285,7.6190331637848265
31795.807037934235,7.6190331637848265
31815.849392975182,6.7724739233642905
31835.891748016133,10.581990505256703
31855.934103057083,8.042312783995095
31875.97645809803,9.3121516446259
31896.01881313898,7.6190331637848265
31916.061168179927,9.735431264836167
31936.103523220878,6.7724739233642905
31956.14587826183,6.349194303154023
31976.188233302775,6.349194303154023
31996.230588343726,9.735431264836167
32016.272943384673,6.349194303154023
32036.315298425623,8.888872024415631
32056.357653466574,8.042312783995095
32076.40000850752,8.042312783995095
32096.44236354847,5.079355442523218
32116.48471858942,11.428549745677241
32136.52707363037,5.502635062733486
32156.56942867132,7.1957535435745585
32176.611783712266,7.6190331637848265
32196.654138753216,9.735431264836167
32216.696493794167,7.1957535435745585
32236.738848835113,10.581990505256703
32256.781203876064,7.1957535435745585
32276.82355891701,9.3121516446259
32296.86591395796,9.735431264836167
32316.90826899891,7.6190331637848265
32336.95062403986,9.735431264836167
32356.99297908081,4.65607582231295
32377.035334121756,10.158710885046435
32397.077689162707,10.581990505256703
32417.120044203657,10.581990505256703
32437.162399244604,6.349194303154023
32457.204754285554,11.85182936588751
32477.247109326505,7.1957535435745585
32497.28946436745,11.005270125466971
32517.331819408402,6.349194303154023
32537.37417444935,6.7724739233642905
32557.4165294903,11.428549745677241
32577.45888453125,8.465592404205363
32597.501239572197,5.502635062733486
32617.543594613147,8.042312783995095
32637.585949654094,8.465592404205363
32657.628304695045,6.7724739233642905
32677.670659735995,8.465592404205363
32697.713014776942,10.158710885046435
32717.755369817893,5.079355442523218
32737.797724858843,4.232796202102682
32757.840079899794,5.925914682943755
32777.882434940744,5.079355442523218
32797.92478998169,9.3121516446259
32817.96714502264,12.698388606308045
32838.00950006359,5.925914682943755
32858.05185510454,10.158710885046435
32878.094210145486,6.349194303154023
32898.13656518644,9.3121516446259
32918.17892022739,8.888872024415631
32938.22127526833,8.042312783995095
32958.26363030929,9.3121516446259
32978.305985350235,10.581990505256703
32998.34834039118,5.502635062733486
33018.390695432136,6.349194303154023
33038.43305047308,6.349194303154023
33058.47540551403,10.581990505256703
33078.517760554976,9.3121516446259
33098.56011559593,9.3121516446259
33118.60247063688,12.698388606308045
33138.644825677824,8.465592404205363
33158.68718071878,6.349194303154023
33178.729535759725,6.349194303154023
33198.77189080067,10.581990505256703
33218.814245841626,5.502635062733486
33238.85660088257,8.042312783995095
33258.89895592352,9.735431264836167
33278.941310964474,12.275108986097777
33298.98366600542,8.042312783995095
33319.02602104637,7.1957535435745585
33339.068376087314,9.3121516446259
33359.11073112827,5.502635062733486
33379.153086169215,10.581990505256703
33399.19544121016,6.7724739233642905
33419.23779625112,11.85182936588751
33439.28015129206,4.65607582231295
33459.32250633301,8.465592404205363
33479.364861373964,5.925914682943755
33499.40721641491,7.1957535435745585
33519.44957145586,9.735431264836167
33539.491926496805,5.502635062733486
33559.53428153776,8.465592404205363
33579.576636578706,8.888872024415631
33599.61899161965,11.005270125466971
33619.66134666061,11.428549745677241
33639.703701701554,13.121668226518313
33659.7460567425,6.7724739233642905
33679.788411783455,8.465592404205363
33699.8307668244,8.888872024415631
33719.87312186535,5.502635062733486
33739.9154769063,6.349194303154023
33759.95783194725,8.042312783995095
33780.000186988196,5.925914682943755
33800.04254202914,6.349194303154023
33820.0848970701,8.465592404205363
33840.127252111044,9.3121516446259
33860.16960715199,9.735431264836167
33880.211962192945,13.121668226518313
33900.25431723389,8.042312783995095
33920.29667227484,7.1957535435745585
33940.33902731579,8.888872024415631
33960.38138235674,8.465592404205363
33980.42373739769,5.925914682943755
34000.46609243864,9.3121516446259
34020.50844747959,10.581990505256703
34040.550802520534,10.158710885046435
34060.59315756148,10.581990505256703
34080.635512602435,9.735431264836167
34100.67786764338,9.3121516446259
34120.72022268433,4.65607582231295
34140.76257772528,5.079355442523218
34160.80493276623,10.158710885046435
34180.84728780718,8.465592404205363
34200.88964284813,8.465592404205363
34220.93199788908,11.428549745677241
34240.974352930025,6.349194303154023
34261.01670797098,9.3121516446259
34281.059063011926,10.158710885046435
34301.10141805287,10.158710885046435
34321.14377309382,9.3121516446259
34341.186128134774,9.735431264836167
34361.22848317572,8.042312783995095
34381.27083821667,12.698388606308045
34401.31319325762,10.581990505256703
34421.35554829857,10.581990505256703
34441.397903339515,8.888872024415631
34461.44025838047,5.925914682943755
34481.482613421416,6.7724739233642905
34501.52496846236,5.925914682943755
34521.56732350332,5.925914682943755
34541.609678544264,9.735431264836167
34561.65203358521,9.3121516446259
34581.69438862616,9.3121516446259
34601.73674366711,8.042312783995095
34621.77909870806,8.888872024415631
34641.821453749006,7.1957535435745585
34661.86380878996,7.1957535435745585
34681.90616383091,6.349194303154023
34701.94851887185,8.888872024415631
34721.99087391281,8.888872024415631
34742.033228953755,11.005270125466971
34762.0755839947,15.238066327569653
34782.11793903565,8.888872024415631
34802.1602940766,7.6190331637848265
34822.20264911755,5.925914682943755
34842.245004158496,11.85182936588751
34862.28735919945,13.121668226518313
34882.3297142404,6.349194303154023
34902.372069281344,8.465592404205363
34922.4144243223,9.735431264836167
34942.456779363245,8.465592404205363
34962.49913440419,7.1957535435745585
34982.541489445146,8.042312783995095
35002.58384448609,11.428549745677241
35022.62619952704,7.1957535435745585
35042.66855456799,5.925914682943755
35062.71090960894,11.005270125466971
35082.75326464989,8.465592404205363
35102.795619690834,12.275108986097777
35122.83797473179,6.7724739233642905
35142.880329772735,7.6190331637848265
35162.92268481368,9.735431264836167
35182.96503985464,11.005270125466971
35203.00739489558,7.6190331637848265
35223.04974993653,10.158710885046435
35243.092104977484,9.3121516446259
35263.13446001843,7.1957535435745585
35283.17681505938,5.502635062733486
35303.219170100325,7.1957535435745585
35323.26152514128,7.6190331637848265
35343.303880182226,9.3121516446259
35363.34623522317,6.7724739233642905
35383.38859026413,7.6190331637848265
35403.430945305074,5.925914682943755
35423.47330034602,8.465592404205363
35443.515655386975,10.158710885046435
35463.55801042792,9.735431264836167
35483.60036546887,12.698388606308045
35503.64272050982,5.925914682943755
35523.68507555077,8.465592404205363
35543.727430591716,7.6190331637848265
35563.76978563266,10.581990505256703
35583.81214067362,13.121668226518313
35603.854495714564,11.428549745677241
35623.89685075551,11.428549745677241
35643.939205796465,10.158710885046435
35663.98156083741,8.042312783995095
35684.02391587836,6.349194303154023
35704.06627091931,8.888872024415631
35724.10862596026,9.3121516446259
35744.15098100121,9.3121516446259
35764.19333604215,6.7724739233642905
35784.23569108311,9.735431264836167
35804.278046124055,8.042312783995095
35824.320401165,6.7724739233642905
35844.362756205956,8.042312783995095
35864.4051112469,11.428549745677241
35884.44746628785,8.042312783995095
35904.4898213288,6.7724739233642905
35924.53217636975,7.1957535435745585
35944.5745314107,5.925914682943755
35964.61688645165,7.1957535435745585
35984.6592414926,8.465592404205363
36004.701596533545,11.428549745677241
36024.74395157449,5.925914682943755
36044.786306615446,9.735431264836167
36064.82866165639,7.6190331637848265
36084.87101669734,10.158710885046435
36104.913371738294,8.042312783995095
36124.95572677924,10.158710885046435
36144.99808182019,6.7724739233642905
36165.04043686114,5.079355442523218
36185.08279190209,9.3121516446259
36205.125146943035,7.1957535435745585
36225.16750198399,8.465592404205363
36245.209857024936,12.698388606308045
36265.25221206588,7.1957535435745585
36285.29456710683,9.3121516446259
36305.336922147784,7.6190331637848265
36325.37927718873,13.544947846728581
36345.42163222968,8.042312783995095
36365.46398727063,13.121668226518313
36385.50634231158,7.1957535435745585
36405.548697352526,9.735431264836167
36425.59105239348,8.888872024415631
36445.63340743443,6.7724739233642905
36465.67576247537,8.465592404205363
36485.71811751633,10.158710885046435
36505.760472557275,8.888872024415631
36525.80282759822,8.042312783995095
36545.84518263917,7.1957535435745585
36565.88753768012,9.3121516446259
36585.92989272107,8.042312783995095
36605.972247762016,6.7724739233642905
36626.01460280297,6.349194303154023
36646.05695784392,5.925914682943755
36666.099312884864,7.1957535435745585
36686.14166792582,5.925914682943755
36706.184022966765,8.888872024415631
36726.22637800771,7.1957535435745585
36746.26873304866,9.735431264836167
36766.31108808961,8.465592404205363
36786.35344313056,8.042312783995095
36806.39579817151,8.465592404205363
36826.43815321246,7.1957535435745585
36846.48050825341,8.042312783995095
36866.522863294354,8.888872024415631
36886.56521833531,8.888872024415631
36906.607573376255,5.502635062733486
36926.6499284172,8.465592404205363
36946.69228345816,10.158710885046435
36966.7346384991,3.3862369616821453
36986.77699354005,6.349194303154023
37006.819348581,7.1957535435745585
37026.86170362195,12.275108986097777
37046.9040586629,8.042312783995095
37066.946413703845,7.6190331637848265
37086.9887687448,8.042312783995095
37107.031123785746,7.6190331637848265
37127.07347882669,8.465592404205363
37147.11583386765,6.7724739233642905
37167.158188908594,9.3121516446259
37187.20054394954,6.349194303154023
37207.242898990495,8.042312783995095
37227.28525403144,8.465592404205363
37247.32760907239,4.65607582231295
37267.369964113335,4.65607582231295
37287.41231915429,11.005270125466971
37307.454674195236,7.6190331637848265
37327.49702923618,5.925914682943755
37347.53938427714,6.7724739233642905
37367.581739318084,6.349194303154023
37387.62409435903,11.428549745677241
37407.666449399985,7.1957535435745585
37427.70880444093,7.6190331637848265
37447.75115948188,7.6190331637848265
37467.79351452283,9.735431264836167
37487.83586956378,8.042312783995095
37507.87822460473,10.158710885046435
37527.92057964567,6.349194303154023
37547.96293468663,8.465592404205363
37568.005289727575,7.1957535435745585
37588.04764476852,6.7724739233642905
37608.089999809476,8.042312783995095
37628.13235485042,5.925914682943755
37648.17470989137,8.465592404205363
37668.21706493232,8.465592404205363
37688.25941997327,7.1957535435745585
37708.30177501422,6.7724739233642905
37728.344130055164,11.005270125466971
37748.38648509612,5.502635062733486
37768.428840137065,6.7724739233642905
37788.47119517801,9.3121516446259
37808.513550218966,9.735431264836167
37828.55590525991,8.888872024415631
37848.59826030086,7.1957535435745585
37868.640615341814,9.3121516446259
37888.68297038276,8.042312783995095
37908.72532542371,5.502635062733486
37928.76768046466,6.349194303154023
37948.81003550561,7.1957535435745585
37968.852390546555,5.925914682943755
37988.8947455875,7.1957535435745585
38008.93710062846,7.1957535435745585
38028.9794556694,5.502635062733486
38049.02181071035,8.465592404205363
38069.064165751304,5.502635062733486
38089.10652079225,6.349194303154023
38109.1488758332,7.1957535435745585
38129.19123087415,4.65607582231295
38149.2335859151,9.3121516446259
38169.275940956046,5.925914682943755
38189.318295997,5.502635062733486
38209.36065103795,7.6190331637848265
38229.403006078894,7.1957535435745585
38249.44536111984,5.502635062733486
38269.487716160795,8.042312783995095
38289.53007120174,6.7724739233642905
38309.57242624269,6.7724739233642905
38329.61478128364,5.079355442523218
38349.65713632459,5.079355442523218
38369.699491365536,8.888872024415631
38389.74184640649,5.079355442523218
38409.78420144744,6.349194303154023
38429.826556488384,7.6190331637848265
38449.86891152934,9.3121516446259
38469.911266570285,6.349194303154023
38489.95362161123,7.6190331637848265
38509.99597665218,5.079355442523218
38530.03833169313,6.349194303154023
38550.08068673408,5.925914682943755
38570.12304177503,5.502635062733486
38590.16539681598,8.042312783995095
38610.20775185693,6.7724739233642905
38630.250106897875,5.502635062733486
38650.29246193883,6.7724739233642905
38670.334816979775,5.925914682943755
38690.37717202072,7.1957535435745585
38710.41952706167,3.8095165818924133
38730.46188210262,6.7724739233642905
38750.50423714357,5.079355442523218
38770.54659218452,7.1957535435745585
38790.58894722547,8.465592404205363
38810.63130226642,4.65607582231295
38830.673657307365,6.349194303154023
38850.71601234832,5.502635062733486
38870.758367389266,4.65607582231295
38890.80072243021,4.65607582231295
38910.84307747117,9.735431264836167
38930.885432512114,6.349194303154023
38950.92778755306,8.042312783995095
38970.97014259401,10.158710885046435
38991.01249763496,5.502635062733486
39011.05485267591,8.042312783995095
39031.097207716855,8.465592404205363
39051.13956275781,6.7724739233642905
39071.181917798756,5.925914682943755
39091.2242728397,5.079355442523218
39111.26662788066,6.349194303154023
39131.308982921604,3.3862369616821453
39151.35133796255,4.232796202102682
39171.393693003505,7.6190331637848265
39191.43604804445,7.6190331637848265
39211.4784030854,6.349194303154023
39231.520758126346,6.7724739233642905
39251.5631131673,5.079355442523218
39271.60546820825,4.232796202102682
39291.64782324919,5.502635062733486
39311.69017829015,4.65607582231295
39331.732533331095,6.7724739233642905
39351.77488837204,5.925914682943755
39371.817243412996,5.079355442523218
39391.85959845394,8.042312783995095
39411.90195349489,3.8095165818924133
39431.94430853584,5.502635062733486
39451.98666357679,5.502635062733486
39472.02901861774,8.465592404205363
39492.071373658684,9.3121516446259
39512.11372869964,8.465592404205363
39532.156083740585,7.1957535435745585
39552.19843878153,4.232796202102682
39572.240793822486,6.349194303154023
39592.28314886343,5.925914682943755
39612.32550390438,4.65607582231295
39632.367858945334,5.079355442523218
39652.41021398628,5.502635062733486
39672.45256902723,8.042312783995095
39692.494924068174,5.079355442523218
39712.53727910913,6.349194303154023
39732.579634150075,6.7724739233642905
39752.62198919102,8.042312783995095
39772.66434423198,7.6190331637848265
39792.70669927292,6.7724739233642905
39812.74905431387,3.3862369616821453
39832.791409354824,6.349194303154023
39852.83376439577,7.1957535435745585
39872.87611943672,5.925914682943755
39892.91847447767,7.6190331637848265
39912.96082951862,5.925914682943755
39933.003184559566,4.65607582231295
39953.04553960051,5.079355442523218
39973.08789464147,7.1957535435745585
39993.130249682414,5.925914682943755
40013.17260472336,3.8095165818924133
40033.214959764315,8.042312783995095
40053.25731480526,5.502635062733486
40073.29966984621,8.042312783995095
40093.34202488716,4.65607582231295
40113.38437992811,4.65607582231295
40133.426734969056,4.65607582231295
40153.46909001001,6.7724739233642905
40173.51144505096,3.3862369616821453
40193.553800091904,5.925914682943755
40213.59615513285,6.349194303154023
40233.638510173805,4.65607582231295
40253.68086521475,3.3862369616821453
40273.7232202557,7.6190331637848265
40293.76557529665,5.502635062733486
40313.8079303376,3.3862369616821453
40333.85028537855,7.1957535435745585
40353.8926404195,3.8095165818924133
40373.93499546045,5.502635062733486
40393.977350501395,6.7724739233642905
40414.01970554235,4.65607582231295
40434.062060583296,2.539677721261609
40454.10441562424,3.8095165818924133
40474.14677066519,3.8095165818924133
40494.18912570614,3.3862369616821453
40514.23148074709,8.042312783995095
40534.27383578804,3.8095165818924133
40554.31619082899,4.65607582231295
40574.35854586994,3.8095165818924133
40594.400900910885,5.925914682943755
40614.44325595184,6.7724739233642905
40634.485610992786,3.3862369616821453
40654.52796603373,5.925914682943755
40674.57032107468,4.65607582231295
40694.612676115634,3.3862369616821453
40714.65503115658,5.502635062733486
40734.69738619753,6.349194303154023
40754.73974123848,5.079355442523218
40774.78209627943,5.925914682943755
40794.824451320375,4.232796202102682
40814.86680636133,5.079355442523218
40834.90916140228,2.539677721261609
40854.95151644322,4.232796202102682
40874.99387148418,3.8095165818924133
40895.036226525124,6.7724739233642905
40915.07858156607,3.8095165818924133
40935.12093660702,3.8095165818924133
40955.16329164797,5.079355442523218
40975.20564668892,3.8095165818924133
40995.248001729866,4.232796202102682
41015.29035677082,6.7724739233642905
