Energy (keV),Intensity (CPS)
-11.019765185045578,0.0
9.01887394392821,0.0
29.057513072901997,0.0
49.09615220187579,0.0
69.13479133084957,0.0
89.17343045982335,0.0
109.21206958879716,0.0
129.25070871777095,0.0
149.28934784674473,0.0
169.32798697571852,0.0
189.3666261046923,0.0
209.40526523366609,0.0
229.4439043626399,0.0
249.48254349161368,0.0
269.52118262058747,0.0
289.55982174956125,0.0
309.59846087853504,0.0
329.6371000075088,0.0
349.6757391364826,0.3840684848680751
369.7143782654564,0.0
389.7530173944302,0.0
409.79165652340396,0.0
429.83029565237774,0.3840684848680751
449.8689347813515,0.3840684848680751
469.90757391032537,0.7681369697361502
489.94621303929915,0.3840684848680751
509.98485216827294,1.9203424243403755
530.0234912972467,0.7681369697361502
550.0621304262205,1.9203424243403755
570.1007695551942,1.9203424243403755
590.1394086841681,1.1522054546042253
610.1780478131418,1.9203424243403755
630.2166869421156,1.1522054546042253
650.2553260710895,2.6884793940765257
670.2939652000632,2.3044109092084506
690.332604329037,2.3044109092084506
710.3712434580108,5.376958788153051
730.4098825869846,0.7681369697361502
750.4485217159583,2.6884793940765257
770.4871608449322,3.072547878944601
790.5257999739059,3.840684848680751
810.5644391028798,2.3044109092084506
830.6030782318535,3.072547878944601
850.6417173608273,5.376958788153051
870.680356489801,6.145095757889202
890.7189956187749,8.449506667097651
910.7576347477486,11.522054546042252
930.7962738767225,26.11665697102911
950.8349130056963,37.25464303220328
970.87355213467,24.96445151642488
990.9121912636439,11.522054546042252
1010.9508303926176,9.601712121701878
1030.9894695215914,5.761027273021126
1051.0281086505652,9.601712121701878
1071.066747779539,15.74680787959108
1091.1053869085129,16.130876364459155
1111.1440260374866,14.978670909854928
1131.1826651664603,8.449506667097651
1151.221304295434,11.522054546042252
1171.259943424408,11.906123030910328
1191.2985825533817,9.985780606569953
1211.3372216823554,19.58749272827183
1231.3758608113292,11.522054546042252
1251.4144999403031,10.369849091438027
1271.4531390692769,2.6884793940765257
1291.4917781982506,5.376958788153051
1311.5304173272245,5.376958788153051
1331.5690564561983,3.456616363812676
1351.607695585172,3.840684848680751
1371.6463347141457,3.456616363812676
1391.6849738431197,4.224753333548826
1411.7236129720934,5.761027273021126
1431.7622521010671,7.2973012124934264
1451.8008912300409,11.522054546042252
1471.8395303590148,13.058328485514554
1491.8781694879885,13.058328485514554
1511.9168086169623,6.913232727625352
1531.955447745936,8.065438182229578
1551.99408687491,6.913232727625352
1572.0327260038837,3.840684848680751
1592.0713651328574,4.992890303284977
1612.1100042618314,4.992890303284977
1632.148643390805,6.529164242757277
1652.1872825197788,7.2973012124934264
1672.2259216487525,12.674260000646479
1692.2645607777265,31.877684244050233
1712.3031999067002,59.146546669683566
1732.341839035674,66.05977939730892
1752.3804781646477,66.443847882177
1772.4191172936216,38.02278000193944
1792.4577564225954,14.21053394011878
1812.496395551569,12.290191515778403
1832.5350346805428,14.594602424986853
1852.5736738095168,8.065438182229578
1872.6123129384905,11.137986061174178
1892.6509520674642,14.21053394011878
1912.6895911964382,11.522054546042252
1932.728230325412,12.674260000646479
1952.7668694543856,21.89190363748028
1972.8055085833594,33.41395818352253
1992.8441477123333,59.53061515455164
2012.882786841307,78.7340393979554
2032.9214259702808,87.18354606505305
2052.9600650992543,94.09677879267839
2072.9987042282282,66.82791636704506
2093.0373433572017,61.83502606376009
2113.0759824861757,64.90757394270469
2133.1146216151496,54.92179333613474
2153.153260744123,52.23331394205822
2173.191899873097,38.790916971675586
2193.230539002071,42.63160182035634
2213.2691781310446,39.943122426279814
2233.3078172600185,39.55905394141173
2253.3464563889925,50.31297151771784
2273.385095517966,58.76247818481549
2293.42373464694,85.26320364071267
2313.4623737759134,79.50217636769155
2333.5010129048874,81.03845030716384
2353.5396520338613,71.82080667033004
2373.578291162835,76.42962848874694
2393.616930291809,67.98012182164929
2413.6555694207827,57.610272730211264
2433.6942085497562,60.29875212428779
2453.73284767873,54.153656366398586
2473.7714868077037,53.76958788153051
2493.8101259366777,66.05977939730892
2513.8487650656516,62.98723151836432
2533.887404194625,72.20487515519812
2553.926043323599,100.2418745505676
2573.964682452573,123.67005212752018
2594.0033215815465,219.68717334453896
2614.0419607105205,387.5251012318878
2634.0805998394944,654.8367667000681
2654.119238968468,1043.51407338656
2674.157878097442,1472.902639469068
2694.1965172264154,1701.4233879655726
2714.2351563553893,1485.5768994697146
2734.2737954843633,1064.6378400543042
2754.312434613337,711.294833975675
2774.3510737423107,606.0600691218225
2794.3897128712847,693.6276836717436
2814.428352000258,828.435721860438
2834.466991129232,936.3589661083671
2854.5056302582057,830.3560642847783
2874.5442693871796,718.2080667033005
2894.5829085161536,650.9960818513873
2914.621547645127,654.0686297303318
2934.660186774101,737.4114909467041
2954.698825903075,791.1810788282347
2974.7374650320485,699.0046424598967
2994.7761041610224,539.6162212396455
3014.8147432899964,384.4525533529432
3034.85338241897,247.34010425504036
3054.892021547944,178.59184546365492
3074.9306606769173,134.4239697038263
3094.9692998058913,133.27176424922206
3115.0079389348653,123.67005212752018
3135.0465780638388,154.0114624320981
3155.0852171928127,153.24332546236195
3175.1238563217867,150.55484606828543
3195.16249545076,145.56195576500048
3215.201134579734,126.74260000646478
3235.239773708708,102.93035394464412
3255.2784128376816,96.01712121701877
3275.3170519666555,107.9232442479291
3295.355691095629,125.20632606699249
3315.394330224603,142.1053394011878
3335.432969353577,126.3585315215967
3355.4716084825504,126.74260000646478
3375.5102476115244,117.90902485449905
3395.5488867404983,104.46662788411643
3415.587525869472,104.46662788411643
3435.626164998446,95.6330527321507
3455.6648041274193,95.6330527321507
3475.7034432563933,87.9516830347892
3495.742082385367,97.93746364135914
3515.7807215143407,91.79236788346995
3535.8193606433147,88.71982000452535
3555.8579997722886,109.4595181874014
3575.896638901262,120.59750424857558
3595.935278030236,99.08966909596337
3615.97391715921,109.84358667226948
3636.0125562881835,124.43818909725633
3656.0511954171575,130.19921637027747
3676.089834546131,163.2291060689319
3696.128473675105,154.39553091696618
3716.167112804079,153.24332546236195
3736.2057519330524,138.6487230373751
3756.2443910620264,120.21343576370751
3776.2830301910003,109.07544970253333
3796.321669319974,117.90902485449905
3816.3603084489478,125.97446303672864
3836.3989475779217,117.90902485449905
3856.437586706895,123.28598364265211
3876.476225835869,125.59039455186056
3896.5148649648427,125.20632606699249
3916.5535040938166,133.27176424922206
3936.5921432227906,128.27887394593708
3956.630782351764,135.96024364329858
3976.669421480738,133.65583273409013
3996.708060609712,133.27176424922206
4016.7466997386855,144.40975031039625
4036.7853388676594,145.17788728013238
4056.823977996633,132.5036272794859
4076.862617125607,137.88058606763897
4096.90125625458,146.3300927347366
4116.939895383554,156.31587334130657
4136.978534512528,152.09112000775775
4157.017173641502,150.93891455315352
4177.055812770476,160.5406266748554
4197.094451899449,148.250435159077
4217.133091028423,144.79381879526431
4237.171730157397,149.4026406136812
4257.210369286371,152.47518849262582
4277.249008415345,149.01857212881313
4297.287647544319,139.80092849197933
4317.326286673292,167.45385940248073
4337.364925802266,150.55484606828543
4357.40356493124,164.38131152353614
4377.442204060214,162.07690061432768
4397.480843189188,159.38842122025116
4417.519482318161,152.47518849262582
4437.558121447135,160.92469515972346
4457.596760576109,168.99013334195305
4477.635399705083,186.6572836458845
4497.674038834057,173.21488667550187
4517.712677963031,187.04135213075259
4537.751317092004,194.338653343246
4557.789956220978,185.1210097064122
4577.828595349952,167.83792788734883
4597.867234478926,167.06979091761266
4617.9058736079,174.75116061497417
4637.944512736873,173.21488667550187
4657.983151865847,179.74405091825915
4678.021790994821,186.27321516101642
4698.0604301237945,184.35287273667603
4718.0990692527685,174.3670921301061
4738.1377083817415,179.74405091825915
4758.1763475107155,178.975913948523
4778.214986639689,187.04135213075259
4798.253625768663,193.95458485837793
4818.292264897637,195.49085879785022
4838.330904026611,192.8023794037737
4858.369543155584,189.7298315248291
4878.408182284558,203.17222849521173
4898.446821413532,187.80948910048872
4918.485460542506,194.7227218281141
4938.52409967148,210.85359819257323
4958.562738800453,217.3827624353305
4978.601377929427,205.47663940442018
4998.640017058401,210.46952970770516
5018.678656187375,214.31021455638592
5038.717295316349,201.25188607087136
5058.755934445323,214.69428304125398
5078.794573574296,220.8393787991432
5098.83321270327,238.89059758794272
5118.871851832244,220.4553103142751
5138.910490961218,231.97736486031735
5158.949130090192,245.0356933458319
5178.987769219165,236.58618667873426
5199.026408348139,244.65162486096384
5219.065047477113,241.57907698201925
5239.103686606087,230.82515940571312
5259.142325735061,248.10824122477652
5279.180964864035,256.9418163767422
5299.219603993008,277.6815145596183
5319.258243121982,261.9347066800272
5339.296882250956,295.7327333484178
5359.33552137993,307.2547878944601
5379.3741605089035,318.0087054707662
5399.412799637877,321.8493903194469
5419.4514387668505,321.8493903194469
5439.4900778958245,303.4141030457793
5459.528717024798,304.1822400155155
5479.567356153772,287.66729516618824
5499.605995282746,298.8052812273624
5519.644634411719,256.55774789187416
5539.683273540693,278.83372001422254
5559.721912669667,283.44254183263945
5579.760551798641,292.6601854694732
5599.799190927615,297.26900728789013
5619.837830056588,276.91337758988215
5639.876469185562,292.6601854694732
5659.915108314536,291.8920484997371
5679.95374744351,301.87782910630705
5699.992386572484,294.5805278938136
5720.031025701457,318.0087054707662
5740.069664830431,310.3273357734047
5760.108303959405,306.4866509247239
5780.146943088379,305.3344454701197
5800.185582217353,326.07414365299576
5820.224221346327,336.0599242595657
5840.2628604753,332.98737638062113
5860.301499604274,351.8067321391568
5880.340138733248,361.79251274572675
5900.378777862222,366.78540304901173
5920.417416991196,332.21923941088494
5940.456056120169,342.58908850232297
5960.494695249143,357.5677594121779
5980.533334378117,362.5606497154629
6000.571973507091,329.91482850167654
6020.610612636065,352.19080062402486
6040.649251765039,356.4155539575737
6060.687890894012,351.8067321391568
6080.726530022986,356.03148547270564
6100.7651691519595,348.35011577534414
6120.8038082809335,355.6474169878375
6140.842447409907,351.03859516942066
6160.8810865388805,384.4525533529432
6180.919725667854,384.0684848680751
6200.958364796828,391.3657860805685
6220.997003925802,400.58342971740234
6241.035643054776,415.94616911212535
6261.07428218375,418.63464850620187
6281.112921312723,428.23636062790376
6301.151560441697,454.73708608380093
6321.190199570671,466.6432091147112
6341.228838699645,491.6076606311361
6361.267477828619,495.0642769949488
6381.306116957592,533.4711254817563
6401.344756086566,505.05005760151874
6421.38339521554,514.2677012383525
6441.422034344514,481.62188002456617
6461.460673473488,445.90351093183517
6481.499312602462,423.2434703246188
6501.537951731435,387.5251012318878
6521.576590860409,382.5322109286028
6541.615229989383,386.37289577728353
6561.653869118357,357.951827897046
6581.692508247331,379.4596630496582
6601.731147376304,370.62608789769246
6621.769786505278,383.30034789833894
6641.808425634252,369.47388244308826
6661.847064763226,344.50943092666336
6681.8857038922,364.0969236549352
6701.924343021173,355.26334850296945
6721.962982150147,369.47388244308826
6742.001621279121,364.0969236549352
6762.040260408095,366.01726607927554
6782.0788995370685,375.23490971610937
6802.1175386660425,377.15525214044976
6822.1561777950155,384.83662183781126
6842.1948169239895,368.70574547335207
6862.233456052963,363.328786685199
6882.272095181937,370.62608789769246
6902.310734310911,368.321676988484
6922.349373439884,356.7996224424418
6942.388012568858,367.1694715338798
6962.426651697832,335.2917872898296
6982.465290826806,370.2420194128244
7002.50392995578,376.0030466858455
7022.542569084754,379.07559456479015
7042.581208213727,390.5976491108324
7062.619847342701,387.1410327470197
7082.658486471675,360.6403072911225
7102.697125600649,354.11114304836525
7122.735764729623,377.5393206253178
7142.774403858596,347.58197880560795
7162.81304298757,338.74840365364224
7182.851682116544,334.90771880496146
7202.890321245518,347.1979103207399
7222.928960374492,347.58197880560795
7242.967599503466,325.6900751681277
7263.006238632439,336.0599242595657
7283.044877761413,316.85650001616193
7303.083516890387,343.7412939569272
7323.122156019361,310.3273357734047
7343.160795148335,335.67585577469765
7363.199434277308,335.67585577469765
7383.238073406282,316.47243153129386
7403.276712535256,339.1324721385103
7423.31535166423,349.8863897148164
7443.353990793204,344.1253624417953
7463.392629922178,319.1609109253704
7483.431269051151,339.90060910824644
7503.469908180125,308.4069933490643
7523.5085473090985,311.863609712877
7543.5471864380725,312.63174668261314
7563.585825567046,307.2547878944601
7583.6244646960195,299.5734181970986
7603.663103824993,327.99448607733615
7623.701742953967,300.7256236517028
7643.740382082941,313.78395213721734
7663.779021211915,308.4069933490643
7683.817660340889,313.3998836523493
7703.856299469862,285.3628842569798
7723.894938598836,309.55919880366855
7743.93357772781,297.26900728789013
7763.972216856784,306.10258243985584
7784.010855985758,289.9717060753967
7804.049495114731,305.3344454701197
7824.088134243705,278.83372001422254
7844.126773372679,284.2106788023756
7864.165412501653,299.5734181970986
7884.204051630627,307.2547878944601
7904.2426907596,283.44254183263945
7924.281329888574,299.95748668196666
7944.319969017548,280.3699939536948
7964.358608146522,287.66729516618824
7984.397247275496,292.27611698460515
8004.43588640447,268.8479394076526
8024.474525533443,295.34866486354974
8044.513164662417,293.8123909240775
8064.551803791391,284.2106788023756
8084.590442920365,288.8195006207925
8104.629082049339,282.2903363780352
8124.667721178312,283.44254183263945
8144.706360307286,279.2177884990906
8164.74499943626,286.8991581964521
8184.783638565233,261.9347066800272
8204.822277694208,262.7028436497634
8224.860916823181,271.92048728659717
8244.899555952155,258.0940218313465
8264.93819508113,269.23200789252064
8284.976834210103,291.507980014869
8305.015473339077,255.40554243726993
8325.054112468051,277.6815145596183
8345.092751597025,255.78961092213802
8365.131390726,256.9418163767422
8385.170029854973,253.86926849779763
8405.208668983945,262.7028436497634
8425.24730811292,232.7455018300535
8445.285947241893,238.12246061820656
8465.324586370867,244.65162486096384
8485.363225499841,228.90481698137276
8505.401864628815,242.34721395175538
8525.440503757789,240.42687152741502
8545.479142886763,238.50652910307463
8565.517782015737,229.67295395110892
8585.55642114471,252.33299455832534
8605.595060273685,236.58618667873426
8625.633699402657,238.12246061820656
8645.67233853163,239.2746660728108
8665.710977660605,219.68717334453896
8685.749616789579,218.15089940506667
8705.788255918553,228.90481698137276
8725.826895047527,215.46242001099014
8745.8655341765,220.4553103142751
8765.904173305475,207.78105031362864
8785.942812434449,183.5847357669399
8805.981451563423,191.2661054643014
8826.020090692396,190.49796849456524
8846.058729821369,182.43253031233567
8866.097368950343,191.65017394916947
8886.136008079317,178.975913948523
8906.17464720829,185.88914667614836
8926.213286337264,176.67150303931456
8946.251925466238,172.4467497057657
8966.290564595212,175.51929758471033
8986.329203724186,166.30165394787653
9006.36784285316,167.06979091761266
9026.406481982134,164.38131152353614
9046.445121111108,155.9318048564385
9066.48376024008,154.77959940183428
9086.522399369054,147.8663666742089
9106.561038498028,143.25754485579202
9126.599677627002,139.41686000711127
9146.638316755976,147.48229818934084
9166.67695588495,144.02568182552815
9186.715595013924,147.8663666742089
9206.754234142898,144.40975031039625
9226.792873271872,129.04701091567324
9246.831512400846,123.28598364265211
9266.870151529818,127.89480546106901
9286.908790658792,116.75681939989482
9306.947429787766,112.91613455121409
9326.98606891674,100.2418745505676
9347.024708045714,105.23476485385258
9367.063347174688,94.86491576241455
9387.101986303662,106.3869703084568
9407.140625432636,97.55339515649108
9427.17926456161,99.08966909596337
9447.217903690584,92.5605048532061
9467.256542819558,82.19065576176807
9487.29518194853,73.35708060980234
9507.333821077504,73.74114909467042
9527.372460206478,78.34997091308732
9547.411099335452,72.97301212493427
9567.449738464426,66.443847882177
9587.4883775934,61.450957578892016
9607.527016722373,62.21909454862816
9627.565655851347,54.53772485126667
9647.604294980321,52.61738242692629
9667.642934109295,45.704149699300935
9687.68157323827,55.305861821002814
9707.720212367241,46.08821818416901
9727.758851496215,45.32008121443286
9747.79749062519,40.32719091114789
9767.836129754163,29.957341819709857
9787.874768883137,34.56616363812676
9807.913408012111,32.26175272891831
9827.952047141085,32.645821213786384
9847.990686270059,34.182095153258686
9868.029325399033,25.348520001292957
9888.067964528007,28.805136365105632
9908.106603656981,25.348520001292957
9928.145242785953,17.28308181906338
9948.183881914927,21.507835152612206
9968.222521043901,15.74680787959108
9988.261160172875,16.899013334195303
10008.299799301849,15.74680787959108
10028.338438430823,12.674260000646479
10048.377077559797,11.906123030910328
10068.41571668877,8.065438182229578
10088.454355817745,9.217643636833802
10108.492994946719,12.674260000646479
10128.531634075693,11.906123030910328
10148.570273204665,7.681369697361502
10168.608912333639,6.145095757889202
10188.647551462613,6.145095757889202
10208.686190591587,3.072547878944601
10228.72482972056,3.072547878944601
10248.763468849535,3.072547878944601
10268.802107978509,2.3044109092084506
10288.840747107482,3.840684848680751
10308.879386236456,2.6884793940765257
10328.91802536543,0.7681369697361502
10348.956664494404,3.072547878944601
10368.995303623376,1.1522054546042253
10389.03394275235,1.5362739394723004
10409.072581881324,2.6884793940765257
10429.111221010298,1.1522054546042253
10449.149860139272,1.1522054546042253
10469.188499268246,1.5362739394723004
10489.22713839722,0.0
10509.265777526194,0.3840684848680751
10529.304416655168,1.5362739394723004
10549.343055784142,0.0
10569.381694913116,2.3044109092084506
10589.420334042088,1.1522054546042253
10609.458973171062,1.1522054546042253
10629.497612300036,1.1522054546042253
10649.53625142901,1.1522054546042253
10669.574890557984,1.9203424243403755
10689.613529686958,2.6884793940765257
10709.652168815932,0.7681369697361502
10729.690807944906,1.1522054546042253
10749.72944707388,1.1522054546042253
10769.768086202854,0.7681369697361502
10789.806725331828,3.072547878944601
10809.8453644608,1.1522054546042253
10829.884003589774,1.9203424243403755
10849.922642718748,0.3840684848680751
10869.961281847722,2.3044109092084506
10889.999920976696,2.3044109092084506
10910.03856010567,2.3044109092084506
10930.077199234644,0.7681369697361502
10950.115838363618,0.7681369697361502
10970.154477492591,2.3044109092084506
10990.193116621565,0.3840684848680751
11010.23175575054,1.9203424243403755
11030.270394879512,0.7681369697361502
11050.309034008485,1.1522054546042253
11070.34767313746,1.9203424243403755
11090.386312266433,1.9203424243403755
11110.424951395407,1.5362739394723004
11130.463590524381,1.1522054546042253
11150.502229653355,1.9203424243403755
11170.54086878233,1.1522054546042253
11190.579507911303,0.0
11210.618147040277,1.9203424243403755
11230.656786169251,0.7681369697361502
11250.695425298223,1.1522054546042253
11270.734064427197,1.1522054546042253
11290.772703556171,1.1522054546042253
11310.811342685145,2.6884793940765257
11330.849981814119,0.3840684848680751
11350.888620943093,1.1522054546042253
11370.927260072067,1.9203424243403755
11390.96589920104,1.5362739394723004
11411.004538330015,0.7681369697361502
11431.043177458989,0.7681369697361502
11451.081816587961,2.3044109092084506
11471.120455716935,1.5362739394723004
11491.159094845909,1.1522054546042253
11511.197733974883,0.7681369697361502
11531.236373103857,2.3044109092084506
11551.27501223283,1.5362739394723004
11571.313651361805,1.5362739394723004
11591.352290490779,0.7681369697361502
11611.390929619753,1.1522054546042253
11631.429568748727,1.9203424243403755
11651.4682078777,2.6884793940765257
11671.506847006673,1.9203424243403755
11691.545486135647,0.3840684848680751
11711.58412526462,0.0
11731.622764393594,0.3840684848680751
11751.661403522568,0.7681369697361502
11771.700042651542,0.7681369697361502
11791.738681780516,1.9203424243403755
11811.77732090949,1.9203424243403755
11831.815960038464,0.7681369697361502
11851.854599167438,0.3840684848680751
11871.893238296412,1.9203424243403755
11891.931877425384,0.7681369697361502
11911.970516554358,1.9203424243403755
11932.009155683332,1.5362739394723004
11952.047794812306,1.1522054546042253
11972.08643394128,0.7681369697361502
11992.125073070254,1.1522054546042253
12012.163712199228,1.1522054546042253
12032.202351328202,1.9203424243403755
12052.240990457176,0.7681369697361502
12072.27962958615,1.1522054546042253
12092.318268715124,1.1522054546042253
12112.356907844096,1.9203424243403755
12132.39554697307,0.7681369697361502
12152.434186102044,1.5362739394723004
12172.472825231018,2.3044109092084506
12192.511464359992,0.7681369697361502
12212.550103488966,1.9203424243403755
12232.58874261794,0.0
12252.627381746914,1.1522054546042253
12272.666020875888,1.9203424243403755
12292.704660004862,1.1522054546042253
12312.743299133836,1.1522054546042253
12332.781938262808,0.7681369697361502
12352.820577391782,1.1522054546042253
12372.859216520756,1.1522054546042253
12392.89785564973,1.1522054546042253
12412.936494778703,1.9203424243403755
12432.975133907677,0.7681369697361502
12453.013773036651,1.5362739394723004
12473.052412165625,1.9203424243403755
12493.0910512946,1.5362739394723004
12513.129690423573,0.7681369697361502
12533.168329552547,0.7681369697361502
12553.20696868152,1.5362739394723004
12573.245607810493,0.3840684848680751
12593.284246939467,1.5362739394723004
12613.322886068441,0.3840684848680751
12633.361525197415,2.3044109092084506
12653.40016432639,0.3840684848680751
12673.438803455363,1.9203424243403755
12693.477442584337,0.7681369697361502
12713.516081713311,0.3840684848680751
12733.554720842285,1.5362739394723004
12753.593359971259,1.9203424243403755
12773.631999100231,1.5362739394723004
12793.670638229205,0.7681369697361502
12813.709277358179,1.5362739394723004
12833.747916487153,1.5362739394723004
12853.786555616127,0.3840684848680751
12873.8251947451,1.5362739394723004
12893.863833874075,1.1522054546042253
12913.902473003049,1.5362739394723004
12933.941112132023,2.6884793940765257
12953.979751260997,0.3840684848680751
12974.01839038997,1.9203424243403755
12994.057029518943,0.0
13014.095668647917,0.7681369697361502
13034.13430777689,1.5362739394723004
13054.172946905865,0.3840684848680751
13074.211586034839,0.3840684848680751
13094.250225163813,0.3840684848680751
13114.288864292786,1.9203424243403755
13134.32750342176,0.7681369697361502
13154.366142550734,1.1522054546042253
13174.404781679708,0.3840684848680751
13194.443420808682,1.1522054546042253
13214.482059937654,1.5362739394723004
13234.520699066628,0.3840684848680751
13254.559338195602,1.9203424243403755
13274.597977324576,1.1522054546042253
13294.63661645355,0.3840684848680751
13314.675255582524,0.3840684848680751
13334.713894711498,1.1522054546042253
13354.752533840472,3.456616363812676
13374.791172969446,0.3840684848680751
13394.82981209842,0.3840684848680751
13414.868451227392,1.9203424243403755
13434.907090356366,1.5362739394723004
13454.94572948534,0.0
13474.984368614314,1.5362739394723004
13495.023007743288,0.3840684848680751
13515.061646872262,1.9203424243403755
13535.100286001236,0.7681369697361502
13555.13892513021,0.3840684848680751
13575.177564259184,1.5362739394723004
13595.216203388158,0.7681369697361502
13615.254842517132,1.9203424243403755
13635.293481646104,1.9203424243403755
13655.332120775078,0.3840684848680751
13675.370759904052,0.7681369697361502
13695.409399033026,1.1522054546042253
13715.448038162,0.3840684848680751
13735.486677290974,2.3044109092084506
13755.525316419948,1.9203424243403755
13775.563955548922,1.1522054546042253
13795.602594677895,0.0
13815.64123380687,1.9203424243403755
13835.679872935843,0.3840684848680751
13855.718512064816,0.3840684848680751
13875.75715119379,0.7681369697361502
13895.795790322763,1.9203424243403755
13915.834429451737,0.3840684848680751
13935.873068580711,0.7681369697361502
13955.911707709685,1.5362739394723004
13975.95034683866,0.0
13995.988985967633,1.5362739394723004
14016.027625096607,0.7681369697361502
14036.066264225581,0.0
14056.104903354555,0.7681369697361502
14076.143542483527,0.0
14096.182181612501,1.1522054546042253
14116.220820741475,2.3044109092084506
14136.259459870449,0.7681369697361502
14156.298098999423,1.5362739394723004
14176.336738128397,1.5362739394723004
14196.375377257371,1.1522054546042253
14216.414016386345,1.5362739394723004
14236.452655515319,0.3840684848680751
14256.491294644293,0.3840684848680751
14276.529933773267,0.7681369697361502
14296.568572902239,0.7681369697361502
14316.607212031213,0.3840684848680751
14336.645851160187,1.9203424243403755
14356.68449028916,1.5362739394723004
14376.723129418135,2.3044109092084506
14396.761768547109,0.0
14416.800407676083,0.3840684848680751
14436.839046805057,0.7681369697361502
14456.87768593403,0.3840684848680751
14476.916325063004,0.3840684848680751
14496.954964191978,0.7681369697361502
14516.99360332095,1.1522054546042253
14537.032242449925,1.9203424243403755
14557.070881578898,0.7681369697361502
14577.109520707872,1.1522054546042253
14597.148159836846,1.1522054546042253
14617.18679896582,0.3840684848680751
14637.225438094794,1.5362739394723004
14657.264077223768,0.0
14677.302716352742,1.5362739394723004
14697.341355481716,0.7681369697361502
14717.37999461069,1.1522054546042253
14737.418633739662,1.5362739394723004
14757.457272868636,0.3840684848680751
14777.49591199761,1.5362739394723004
14797.534551126584,1.5362739394723004
14817.573190255558,0.3840684848680751
14837.611829384532,0.0
14857.650468513506,0.3840684848680751
14877.68910764248,0.3840684848680751
14897.727746771454,1.5362739394723004
14917.766385900428,2.6884793940765257
14937.805025029402,0.7681369697361502
14957.843664158374,0.7681369697361502
14977.882303287348,0.7681369697361502
14997.920942416322,0.3840684848680751
15017.959581545296,1.5362739394723004
15037.99822067427,0.0
15058.036859803244,0.0
15078.075498932218,1.1522054546042253
15098.114138061192,0.7681369697361502
15118.152777190166,1.1522054546042253
15138.19141631914,1.1522054546042253
15158.230055448113,0.7681369697361502
15178.268694577086,0.3840684848680751
15198.30733370606,0.7681369697361502
15218.345972835034,1.1522054546042253
15238.384611964007,1.1522054546042253
15258.423251092981,1.5362739394723004
15278.461890221955,0.7681369697361502
15298.50052935093,0.3840684848680751
15318.539168479903,0.0
15338.577807608877,0.3840684848680751
15358.616446737851,0.7681369697361502
15378.655085866825,0.3840684848680751
15398.693724995797,0.7681369697361502
15418.732364124771,0.7681369697361502
15438.771003253745,1.5362739394723004
15458.80964238272,0.0
15478.848281511693,0.0
15498.886920640667,1.1522054546042253
15518.925559769641,0.0
15538.964198898615,1.1522054546042253
15559.002838027589,0.3840684848680751
15579.041477156563,0.0
15599.080116285535,0.3840684848680751
15619.118755414509,0.3840684848680751
15639.157394543483,0.3840684848680751
15659.196033672457,0.7681369697361502
15679.23467280143,0.0
15699.273311930405,0.7681369697361502
15719.311951059379,0.0
15739.350590188353,0.0
15759.389229317327,1.5362739394723004
15779.4278684463,1.1522054546042253
15799.466507575275,0.7681369697361502
15819.505146704247,1.1522054546042253
15839.54378583322,1.1522054546042253
15859.582424962195,0.3840684848680751
15879.621064091169,0.3840684848680751
15899.659703220143,1.1522054546042253
15919.698342349117,0.3840684848680751
15939.73698147809,0.7681369697361502
15959.775620607064,0.3840684848680751
15979.814259736038,1.1522054546042253
15999.852898865012,0.3840684848680751
16019.891537993986,0.3840684848680751
16039.930177122958,0.3840684848680751
16059.968816251932,0.3840684848680751
16080.007455380906,0.0
16100.04609450988,0.0
16120.084733638854,0.0
16140.123372767828,0.3840684848680751
16160.162011896802,0.3840684848680751
16180.200651025776,0.7681369697361502
16200.23929015475,0.3840684848680751
16220.277929283724,0.0
16240.316568412698,0.3840684848680751
16260.35520754167,0.0
16280.393846670644,0.0
16300.432485799618,0.3840684848680751
16320.471124928592,0.0
16340.509764057566,0.7681369697361502
16360.54840318654,0.0
16380.587042315512,0.0
16400.625681444486,0.0
16420.664320573458,0.0
16440.702959702434,1.1522054546042253
16460.741598831406,0.3840684848680751
16480.78023796038,0.0
16500.818877089354,0.3840684848680751
16520.85751621833,0.0
16540.896155347302,0.3840684848680751
16560.934794476278,0.7681369697361502
16580.97343360525,1.5362739394723004
16601.012072734222,0.7681369697361502
16621.050711863198,0.7681369697361502
16641.08935099217,0.0
16661.127990121146,0.0
16681.166629250118,0.0
16701.205268379093,0.0
16721.243907508066,0.3840684848680751
16741.28254663704,0.0
16761.321185766014,0.3840684848680751
16781.35982489499,0.0
16801.39846402396,0.0
16821.437103152934,0.0
16841.47574228191,0.3840684848680751
16861.51438141088,0.0
16881.553020539857,0.0
16901.59165966883,0.3840684848680751
16921.630298797805,0.0
16941.668937926777,0.0
16961.707577055753,0.3840684848680751
16981.746216184725,0.3840684848680751
17001.7848553137,0.0
17021.823494442673,0.0
17041.862133571645,0.0
17061.90077270062,0.0
17081.939411829593,0.7681369697361502
17101.97805095857,0.0
17122.01669008754,0.0
17142.055329216517,0.3840684848680751
17162.09396834549,0.0
17182.132607474465,0.0
17202.171246603437,0.0
17222.209885732413,0.3840684848680751
17242.248524861385,0.0
17262.287163990357,0.0
17282.325803119333,0.0
17302.364442248305,0.0
17322.40308137728,0.3840684848680751
17342.441720506253,0.0
17362.48035963523,0.3840684848680751
17382.5189987642,0.3840684848680751
17402.557637893176,0.3840684848680751
17422.59627702215,0.0
17442.634916151124,0.0
17462.673555280096,0.0
17482.71219440907,0.0
17502.750833538044,0.0
17522.789472667017,0.0
17542.828111795992,0.0
17562.866750924964,0.0
17582.90539005394,0.0
17602.944029182912,0.0
17622.982668311888,0.0
17643.02130744086,0.3840684848680751
17663.059946569836,0.3840684848680751
17683.098585698808,0.0
17703.13722482778,0.0
17723.175863956756,0.3840684848680751
17743.21450308573,0.0
17763.253142214704,0.0
17783.291781343676,0.0
17803.330420472652,0.3840684848680751
17823.369059601624,0.0
17843.4076987306,0.0
17863.446337859572,0.3840684848680751
17883.484976988548,0.0
17903.52361611752,0.0
17923.562255246492,0.0
17943.600894375468,0.0
17963.63953350444,0.0
17983.678172633416,0.3840684848680751
18003.716811762388,0.0
18023.755450891364,0.0
18043.794090020336,0.0
18063.83272914931,0.0
18083.871368278284,0.3840684848680751
18103.91000740726,0.0
18123.94864653623,0.3840684848680751
18143.987285665204,0.0
18164.02592479418,0.0
18184.06456392315,0.0
18204.103203052127,0.0
18224.1418421811,0.0
18244.180481310075,0.0
18264.219120439047,0.0
18284.257759568023,0.0
18304.296398696995,0.0
18324.33503782597,0.3840684848680751
18344.373676954943,0.0
18364.412316083915,0.0
18384.45095521289,0.0
18404.489594341863,0.0
18424.52823347084,0.0
18444.56687259981,0.3840684848680751
18464.605511728787,0.0
18484.64415085776,0.0
18504.682789986735,0.0
18524.721429115707,0.0
18544.76006824468,0.3840684848680751
18564.798707373655,0.0
18584.837346502627,0.0
18604.875985631603,0.0
18624.914624760575,0.0
18644.95326388955,0.0
18664.991903018523,0.0
18685.0305421475,0.0
18705.06918127647,0.0
18725.107820405447,0.0
18745.14645953442,0.0
18765.18509866339,0.0
18785.223737792367,0.0
18805.26237692134,0.0
18825.301016050315,0.0
18845.339655179287,0.0
18865.378294308262,0.0
18885.416933437235,0.0
18905.45557256621,0.0
18925.494211695182,0.0
18945.53285082416,0.0
18965.57148995313,0.0
18985.610129082103,0.0
19005.64876821108,0.0
19025.68740734005,0.0
19045.726046469026,0.0
19065.764685598,0.0
19085.803324726974,0.0
19105.841963855946,0.0
19125.880602984922,0.0
19145.919242113894,0.0
19165.95788124287,0.0
19185.996520371842,0.0
19206.035159500814,0.0
19226.07379862979,0.0
19246.112437758762,0.0
19266.151076887738,0.0
19286.18971601671,0.0
19306.228355145686,0.0
19326.266994274658,0.0
19346.305633403634,0.0
19366.344272532606,0.0
19386.38291166158,0.0
19406.421550790554,0.0
19426.460189919526,0.0
19446.4988290485,0.3840684848680751
19466.537468177474,0.0
19486.57610730645,0.0
19506.61474643542,0.0
19526.653385564397,0.0
19546.69202469337,0.0
19566.730663822345,0.0
19586.769302951318,0.0
19606.807942080293,0.0
19626.846581209265,0.0
19646.885220338238,0.0
19666.923859467213,0.0
19686.962498596185,0.0
19707.00113772516,0.0
19727.039776854133,0.0
19747.07841598311,0.0
19767.11705511208,0.0
19787.155694241057,0.0
19807.19433337003,0.0
19827.232972499005,0.0
19847.271611627977,0.0
19867.31025075695,0.0
19887.348889885925,0.3840684848680751
19907.387529014897,0.0
19927.426168143873,0.0
19947.464807272845,0.0
19967.50344640182,0.0
19987.542085530793,0.0
20007.58072465977,0.0
20027.61936378874,0.0
20047.658002917717,0.0
20067.69664204669,0.0
20087.73528117566,0.0
20107.773920304637,0.0
20127.81255943361,0.0
20147.851198562585,0.0
20167.889837691557,0.0
20187.928476820533,0.0
20207.967115949505,0.0
20228.00575507848,0.0
20248.044394207453,0.0
20268.08303333643,0.0
20288.1216724654,0.0
20308.160311594373,0.0
20328.19895072335,0.3840684848680751
20348.23758985232,0.0
20368.276228981296,0.0
20388.31486811027,0.0
20408.353507239244,0.0
20428.392146368216,0.0
20448.430785497192,0.0
20468.469424626164,0.0
20488.50806375514,0.0
20508.546702884112,0.0
20528.585342013084,0.0
20548.62398114206,0.0
20568.662620271032,0.0
20588.701259400008,0.0
20608.73989852898,0.0
20628.778537657956,0.0
20648.817176786928,0.0
20668.855815915904,0.0
20688.894455044876,0.0
20708.93309417385,0.0
20728.971733302824,0.0
20749.010372431796,0.0
20769.04901156077,0.0
20789.087650689744,0.0
20809.12628981872,0.0
20829.16492894769,0.0
20849.203568076668,0.0
20869.24220720564,0.0
20889.280846334615,0.0
20909.319485463588,0.0
20929.358124592563,0.0
20949.396763721536,0.0
20969.435402850508,0.0
20989.474041979483,0.0
21009.512681108456,0.0
21029.55132023743,0.0
21049.589959366403,0.0
21069.62859849538,0.0
21089.66723762435,0.0
21109.705876753327,0.0
21129.7445158823,0.0
21149.783155011275,0.0
21169.821794140247,0.0
21189.86043326922,0.0
21209.899072398195,0.0
21229.937711527167,0.0
21249.976350656143,0.0
21270.014989785115,0.0
21290.05362891409,0.0
21310.092268043063,0.0
21330.13090717204,0.0
21350.16954630101,0.0
21370.208185429987,0.0
21390.24682455896,0.0
21410.28546368793,0.0
21430.324102816907,0.0
21450.36274194588,0.0
21470.401381074855,0.0
21490.440020203827,0.0
21510.478659332803,0.0
21530.517298461775,0.0
21550.55593759075,0.0
21570.594576719723,0.0
21590.6332158487,0.0
21610.67185497767,0.0
21630.710494106643,0.0
21650.74913323562,0.0
21670.78777236459,0.3840684848680751
21690.826411493566,0.0
21710.86505062254,0.0
21730.903689751514,0.0
21750.942328880486,0.0
21770.980968009462,0.0
21791.019607138434,0.0
21811.05824626741,0.0
21831.096885396382,0.0
21851.135524525354,0.0
21871.17416365433,0.0
21891.212802783302,0.0
21911.251441912278,0.0
21931.29008104125,0.0
21951.328720170226,0.0
21971.367359299198,0.0
21991.405998428174,0.0
22011.444637557146,0.0
22031.483276686122,0.0
22051.521915815094,0.0
22071.560554944066,0.0
22091.599194073042,0.0
22111.637833202014,0.0
22131.67647233099,0.0
22151.715111459962,0.0
22171.753750588938,0.0
22191.79238971791,0.0
22211.831028846886,0.0
22231.869667975858,0.0
22251.908307104834,0.0
22271.946946233806,0.0
22291.985585362778,0.0
22312.024224491754,0.0
22332.062863620726,0.0
22352.1015027497,0.0
22372.140141878674,0.0
22392.17878100765,0.0
22412.21742013662,0.0
22432.256059265597,0.0
22452.29469839457,0.0
22472.333337523545,0.0
22492.371976652517,0.0
22512.41061578149,0.0
22532.449254910465,0.0
22552.487894039437,0.0
22572.526533168413,0.0
22592.565172297385,0.0
22612.60381142636,0.0
22632.642450555333,0.0
22652.68108968431,0.0
22672.71972881328,0.0
22692.758367942253,0.0
22712.79700707123,0.0
22732.8356462002,0.0
22752.874285329177,0.0
22772.91292445815,0.0
22792.951563587125,0.0
22812.990202716097,0.0
22833.028841845073,0.0
22853.067480974045,0.0
22873.10612010302,0.0
22893.144759231993,0.0
22913.183398360965,0.0
22933.22203748994,0.0
22953.260676618913,0.0
22973.29931574789,0.0
22993.33795487686,0.0
23013.376594005837,0.0
23033.41523313481,0.0
23053.453872263784,0.0
23073.492511392757,0.0
23093.531150521732,0.0
23113.569789650704,0.0
23133.608428779677,0.0
23153.647067908652,0.0
23173.685707037625,0.0
23193.7243461666,0.0
23213.762985295572,0.0
23233.80162442455,0.0
23253.84026355352,0.0
23273.878902682496,0.0
23293.91754181147,0.0
23313.956180940444,0.0
23333.994820069416,0.0
23354.03345919839,0.0
23374.072098327364,0.0
23394.110737456336,0.0
23414.149376585312,0.0
23434.188015714284,0.0
23454.22665484326,0.0
23474.265293972232,0.0
23494.303933101208,0.0
23514.34257223018,0.0
23534.381211359156,0.0
23554.419850488128,0.0
23574.4584896171,0.0
23594.497128746076,0.0
23614.535767875048,0.0
23634.574407004024,0.0
23654.613046132996,0.0
23674.65168526197,0.0
23694.690324390944,0.0
23714.72896351992,0.0
23734.76760264889,0.0
23754.806241777867,0.0
23774.84488090684,0.0
23794.88352003581,0.0
23814.922159164787,0.0
23834.96079829376,0.0
23854.999437422735,0.0
23875.038076551707,0.0
23895.076715680683,0.0
23915.115354809655,0.0
23935.15399393863,0.0
23955.192633067603,0.0
23975.23127219658,0.0
23995.26991132555,0.0
24015.308550454523,0.0
24035.3471895835,0.0
24055.38582871247,0.0
24075.424467841447,0.0
24095.46310697042,0.0
24115.501746099395,0.0
24135.540385228367,0.0
24155.579024357343,0.0
24175.617663486315,0.0
24195.65630261529,0.0
24215.694941744263,0.0
24235.733580873235,0.0
24255.77222000221,0.0
24275.810859131183,0.0
24295.84949826016,0.0
24315.88813738913,0.0
24335.926776518107,0.0
24355.96541564708,0.0
24376.004054776055,0.0
24396.042693905027,0.0
24416.081333034002,0.0
24436.119972162975,0.0
24456.158611291947,0.0
24476.197250420923,0.0
24496.235889549895,0.0
24516.27452867887,0.0
24536.313167807843,0.0
24556.35180693682,0.0
24576.39044606579,0.0
24596.429085194766,0.0
24616.46772432374,0.0
24636.506363452714,0.0
24656.545002581686,0.0
24676.58364171066,0.0
24696.622280839634,0.0
24716.660919968606,0.0
24736.699559097582,0.0
24756.738198226554,0.0
24776.77683735553,0.0
24796.815476484502,0.0
24816.854115613478,0.0
24836.89275474245,0.0
24856.931393871426,0.0
24876.970033000398,0.0
24897.00867212937,0.0
24917.047311258346,0.0
24937.085950387318,0.0
24957.124589516294,0.0
24977.163228645266,0.0
24997.20186777424,0.0
25017.240506903214,0.0
25037.27914603219,0.0
25057.31778516116,0.0
25077.356424290138,0.0
25097.39506341911,0.0
25117.43370254808,0.0
25137.472341677058,0.0
25157.51098080603,0.0
25177.549619935005,0.0
25197.588259063978,0.0
25217.626898192953,0.0
25237.665537321926,0.0
25257.7041764509,0.0
25277.742815579873,0.0
25297.78145470885,0.0
25317.82009383782,0.0
25337.858732966793,0.0
25357.89737209577,0.0
25377.93601122474,0.0
25397.974650353717,0.0
25418.01328948269,0.0
25438.051928611665,0.0
25458.090567740637,0.0
25478.129206869613,0.0
25498.167845998585,0.0
25518.20648512756,0.0
25538.245124256533,0.0
25558.283763385505,0.0
25578.32240251448,0.0
25598.361041643453,0.0
25618.39968077243,0.0
25638.4383199014,0.0
25658.476959030377,0.0
25678.51559815935,0.0
25698.554237288325,0.0
25718.592876417297,0.0
25738.631515546273,0.0
25758.670154675245,0.0
25778.708793804217,0.0
25798.747432933193,0.0
25818.786072062165,0.0
25838.82471119114,0.0
25858.863350320113,0.0
25878.90198944909,0.0
25898.94062857806,0.0
25918.979267707036,0.0
25939.01790683601,0.0
25959.056545964984,0.0
25979.095185093956,0.0
25999.13382422293,0.0
26019.172463351904,0.0
26039.211102480876,0.0
26059.249741609852,0.0
26079.288380738824,0.0
26099.3270198678,0.0
26119.365658996772,0.0
26139.404298125748,0.0
26159.44293725472,0.0
26179.481576383696,0.0
26199.520215512668,0.0
26219.55885464164,0.0
26239.597493770616,0.0
26259.636132899588,0.0
26279.674772028564,0.0
26299.713411157536,0.0
26319.75205028651,0.0
26339.790689415484,0.0
26359.82932854446,0.0
26379.867967673432,0.0
26399.906606802408,0.0
26419.94524593138,0.0
26439.983885060352,0.0
26460.022524189328,0.0
26480.0611633183,0.0
26500.099802447276,0.0
26520.138441576248,0.0
26540.177080705223,0.0
26560.215719834196,0.0
26580.25435896317,0.0
26600.292998092144,0.0
26620.33163722112,0.0
26640.37027635009,0.0
26660.408915479064,0.0
26680.44755460804,0.0
26700.48619373701,0.0
26720.524832865987,0.0
26740.56347199496,0.0
26760.602111123935,0.0
26780.640750252907,0.0
26800.679389381883,0.0
26820.718028510855,0.0
26840.756667639827,0.0
26860.795306768803,0.0
26880.833945897775,0.0
26900.87258502675,0.0
26920.911224155723,0.0
26940.9498632847,0.0
26960.98850241367,0.0
26981.027141542647,0.0
27001.06578067162,0.0
27021.104419800595,0.0
27041.143058929567,0.0
27061.18169805854,0.0
27081.220337187515,0.0
27101.258976316487,0.0
27121.297615445463,0.0
27141.336254574435,0.0
27161.37489370341,0.0
27181.413532832383,0.0
27201.45217196136,0.0
27221.49081109033,0.0
27241.529450219306,0.0
27261.56808934828,0.0
27281.60672847725,0.0
27301.645367606227,0.0
27321.6840067352,0.0
27341.722645864174,0.0
27361.761284993147,0.0
27381.799924122122,0.0
27401.838563251094,0.0
27421.87720238007,0.0
27441.915841509042,0.0
27461.954480638018,0.0
27481.99311976699,0.0
27502.031758895962,0.0
27522.07039802494,0.0
27542.10903715391,0.0
27562.147676282886,0.0
27582.18631541186,0.0
27602.224954540834,0.0
27622.263593669806,0.0
27642.302232798782,0.0
27662.340871927754,0.0
27682.37951105673,0.0
27702.418150185702,0.0
27722.456789314674,0.0
27742.49542844365,0.0
27762.534067572622,0.0
27782.572706701598,0.0
27802.61134583057,0.0
27822.649984959546,0.0
27842.688624088518,0.0
27862.727263217494,0.0
27882.765902346466,0.0
27902.80454147544,0.0
27922.843180604414,0.0
27942.881819733386,0.0
27962.92045886236,0.0
27982.959097991334,0.0
28002.99773712031,0.0
28023.03637624928,0.0
28043.075015378257,0.0
28063.11365450723,0.0
28083.152293636205,0.0
28103.190932765177,0.0
28123.229571894153,0.0
28143.268211023125,0.0
28163.306850152097,0.0
28183.345489281073,0.0
28203.384128410045,0.0
28223.42276753902,0.0
28243.461406667993,0.0
28263.50004579697,0.0
28283.53868492594,0.0
28303.577324054917,0.0
28323.61596318389,0.0
28343.654602312865,0.0
28363.693241441837,0.0
28383.73188057081,0.0
28403.770519699785,0.0
28423.809158828757,0.0
28443.847797957733,0.0
28463.886437086705,0.0
28483.92507621568,0.0
28503.963715344653,0.0
28524.00235447363,0.0
28544.0409936026,0.0
28564.079632731577,0.0
28584.11827186055,0.0
28604.15691098952,0.0
28624.195550118497,0.0
28644.23418924747,0.0
28664.272828376445,0.0
28684.311467505417,0.0
28704.350106634392,0.0
28724.388745763365,0.0
28744.42738489234,0.0
28764.466024021312,0.0
28784.50466315029,0.0
28804.54330227926,0.0
28824.581941408233,0.0
28844.62058053721,0.0
28864.65921966618,0.0
28884.697858795156,0.0
28904.73649792413,0.0
28924.775137053104,0.0
28944.813776182076,0.0
28964.852415311052,0.0
28984.891054440024,0.0
29004.929693569,0.0
29024.968332697972,0.0
29045.006971826944,0.0
29065.04561095592,0.0
29085.084250084892,0.0
29105.122889213868,0.0
29125.16152834284,0.0
29145.200167471816,0.0
29165.238806600788,0.0
29185.277445729764,0.0
29205.316084858736,0.0
29225.35472398771,0.0
29245.393363116684,0.0
29265.432002245656,0.0
29285.47064137463,0.0
29305.509280503604,0.0
29325.54791963258,0.0
29345.58655876155,0.0
29365.625197890527,0.0
29385.6638370195,0.0
29405.702476148475,0.0
29425.741115277448,0.0
29445.779754406423,0.0
29465.818393535395,0.0
29485.857032664368,0.0
29505.895671793343,0.0
29525.934310922315,0.0
29545.97295005129,0.0
29566.011589180263,0.0
29586.05022830924,0.0
29606.08886743821,0.0
29626.127506567187,0.0
29646.16614569616,0.0
29666.204784825135,0.0
29686.243423954107,0.0
29706.28206308308,0.0
29726.320702212055,0.0
29746.359341341027,0.0
29766.397980470003,0.0
29786.436619598975,0.0
29806.47525872795,0.0
29826.513897856923,0.0
29846.5525369859,0.0
29866.59117611487,0.0
29886.629815243847,0.0
29906.66845437282,0.0
29926.70709350179,0.0
29946.745732630767,0.0
29966.78437175974,0.0
29986.823010888715,0.0
30006.861650017687,0.0
30026.900289146663,0.0
30046.938928275635,0.0
30066.97756740461,0.0
30087.016206533583,0.0
30107.05484566256,0.0
30127.09348479153,0.0
30147.132123920503,0.0
30167.17076304948,0.0
30187.20940217845,0.0
30207.248041307426,0.0
30227.2866804364,0.0
30247.325319565374,0.0
30267.363958694346,0.0
30287.402597823322,0.0
30307.441236952294,0.0
30327.47987608127,0.0
30347.518515210242,0.0
30367.557154339214,0.0
30387.59579346819,0.0
30407.634432597162,0.0
30427.673071726138,0.0
30447.71171085511,0.0
30467.750349984086,0.0
30487.788989113058,0.0
30507.827628242034,0.0
30527.866267371006,0.0
30547.90490649998,0.0
30567.943545628954,0.0
30587.982184757926,0.0
30608.0208238869,0.0
30628.059463015874,0.0
30648.09810214485,0.0
30668.136741273822,0.0
30688.175380402798,0.0
30708.21401953177,0.0
30728.252658660746,0.0
30748.291297789718,0.0
30768.329936918693,0.0
30788.368576047666,0.0
30808.407215176638,0.0
30828.445854305613,0.0
30848.484493434586,0.0
30868.52313256356,0.0
30888.561771692534,0.0
30908.60041082151,0.0
30928.63904995048,0.0
30948.677689079457,0.0
30968.71632820843,0.0
30988.7549673374,0.0
31008.793606466377,0.0
31028.83224559535,0.0
31048.870884724325,0.0
31068.909523853297,0.0
31088.948162982273,0.0
31108.986802111245,0.0
31129.02544124022,0.0
31149.064080369193,0.0
31169.10271949817,0.0
31189.14135862714,0.0
31209.179997756113,0.0
31229.21863688509,0.0
31249.25727601406,0.0
31269.295915143037,0.0
31289.33455427201,0.0
31309.373193400985,0.0
31329.411832529957,0.0
31349.450471658933,0.0
31369.489110787905,0.0
31389.52774991688,0.0
31409.566389045853,0.0
31429.605028174825,0.0
31449.6436673038,0.0
31469.682306432773,0.0
31489.72094556175,0.0
31509.75958469072,0.0
31529.798223819696,0.0
31549.83686294867,0.0
31569.875502077644,0.0
31589.914141206616,0.0
31609.952780335592,0.0
31629.991419464564,0.0
31650.030058593537,0.0
31670.068697722512,0.0
31690.107336851484,0.0
31710.14597598046,0.0
31730.184615109432,0.0
31750.223254238408,0.0
31770.26189336738,0.0
31790.300532496356,0.0
31810.339171625328,0.0
31830.377810754304,0.0
31850.416449883276,0.0
31870.45508901225,0.0
31890.493728141224,0.0
31910.532367270196,0.0
31930.571006399172,0.0
31950.609645528144,0.0
31970.64828465712,0.0
31990.686923786092,0.0
32010.725562915068,0.0
32030.76420204404,0.0
32050.802841173016,0.0
32070.841480301988,0.0
32090.88011943096,0.0
32110.918758559936,0.0
32130.957397688908,0.0
32150.996036817884,0.0
32171.034675946856,0.0
32191.07331507583,0.0
32211.111954204804,0.0
32231.15059333378,0.0
32251.18923246275,0.0
32271.227871591727,0.0
32291.2665107207,0.0
32311.30514984967,0.0
32331.343788978647,0.0
32351.38242810762,0.0
32371.421067236595,0.0
32391.459706365567,0.0
32411.498345494543,0.0
32431.536984623515,0.0
32451.57562375249,0.0
32471.614262881463,0.0
32491.65290201044,0.0
32511.69154113941,0.0
32531.730180268383,0.0
32551.76881939736,0.0
32571.80745852633,0.0
32591.846097655307,0.0
32611.88473678428,0.0
32631.923375913255,0.0
32651.962015042227,0.0
32672.000654171203,0.0
32692.039293300175,0.0
32712.07793242915,0.0
32732.116571558123,0.0
32752.155210687095,0.0
32772.19384981607,0.0
32792.23248894505,0.0
32812.27112807402,0.0
32832.30976720299,0.0
32852.34840633196,0.0
32872.38704546094,0.0
32892.425684589914,0.0
32912.46432371889,0.0
32932.50296284786,0.0
32952.54160197683,0.0
32972.58024110581,0.0
32992.61888023478,0.0
33012.657519363755,0.0
33032.69615849273,0.0
33052.734797621706,0.0
33072.77343675068,0.0
33092.81207587965,0.0
33112.85071500862,0.0
33132.8893541376,0.0
33152.927993266574,0.0
33172.966632395546,0.0
33193.00527152452,0.0
33213.04391065349,0.0
33233.08254978247,0.0
33253.12118891144,0.0
33273.159828040414,0.0
33293.198467169386,0.0
33313.237106298366,0.0
33333.27574542734,0.0
33353.31438455631,0.0
33373.35302368528,0.0
33393.391662814254,0.0
33413.430301943234,0.0
33433.468941072206,0.0
33453.50758020118,0.0
33473.54621933015,0.0
33493.58485845913,0.0
33513.6234975881,0.0
33533.662136717074,0.0
33553.700775846046,0.0
33573.739414975025,0.0
33593.778054104,0.0
33613.81669323297,0.0
33633.85533236194,0.0
33653.893971490914,0.0
33673.93261061989,0.0
33693.971249748865,0.0
33714.00988887784,0.0
33734.04852800681,0.0
33754.08716713579,0.0
33774.12580626476,0.0
33794.16444539373,0.0
33814.203084522705,0.0
33834.24172365168,0.0
33854.28036278066,0.0
33874.31900190963,0.0
33894.3576410386,0.0
33914.39628016757,0.0
33934.43491929655,0.0
33954.473558425525,0.0
33974.5121975545,0.0
33994.55083668347,0.0
34014.58947581245,0.0
34034.62811494142,0.0
34054.66675407039,0.0
34074.705393199365,0.0
34094.74403232834,0.0
34114.78267145732,0.0
34134.82131058629,0.0
34154.85994971526,0.0
34174.89858884423,0.0
34194.93722797321,0.0
34214.975867102185,0.0
34235.01450623116,0.0
34255.05314536013,0.0
34275.0917844891,0.0
34295.13042361808,0.0
34315.16906274705,0.0
34335.207701876025,0.0
34355.246341005,0.0
34375.284980133976,0.0
34395.32361926295,0.0
34415.36225839192,0.0
34435.40089752089,0.0
34455.43953664987,0.0
34475.478175778844,0.0
34495.516814907816,0.0
34515.55545403679,0.0
34535.59409316576,0.0
34555.63273229474,0.0
34575.67137142371,0.0
34595.710010552684,0.0
34615.74864968166,0.0
34635.787288810636,0.0
34655.82592793961,0.0
34675.86456706858,0.0
34695.90320619755,0.0
34715.941845326524,0.0
34735.980484455504,0.0
34756.019123584476,0.0
34776.05776271345,0.0
34796.09640184242,0.0
34816.1350409714,0.0
34836.17368010037,0.0
34856.212319229344,0.0
34876.250958358316,0.0
34896.289597487295,0.0
34916.32823661627,0.0
34936.36687574524,0.0
34956.40551487421,0.0
34976.444154003184,0.0
34996.48279313216,0.0
35016.521432261135,0.0
35036.56007139011,0.0
35056.59871051908,0.0
35076.63734964806,0.0
35096.67598877703,0.0
35116.714627906,0.0
35136.753267034976,0.0
35156.79190616395,0.0
35176.83054529293,0.0
35196.8691844219,0.0
35216.90782355087,0.0
35236.94646267984,0.0
35256.98510180882,0.0
35277.023740937795,0.0
35297.06238006677,0.0
35317.10101919574,0.0
35337.13965832472,0.0
35357.17829745369,0.0
35377.21693658266,0.0
35397.255575711635,0.0
35417.29421484061,0.0
35437.33285396959,0.0
35457.37149309856,0.0
35477.41013222753,0.0
35497.4487713565,0.0
35517.48741048548,0.0
35537.526049614455,0.0
35557.56468874343,0.0
35577.6033278724,0.0
35597.64196700137,0.0
35617.68060613035,0.0
35637.71924525932,0.0
35657.757884388295,0.0
35677.79652351727,0.0
35697.835162646246,0.0
35717.87380177522,0.0
35737.91244090419,0.0
35757.95108003316,0.0
35777.98971916214,0.0
35798.028358291114,0.0
35818.06699742009,0.0
35838.10563654906,0.0
35858.14427567803,0.0
35878.18291480701,0.0
35898.22155393598,0.0
35918.260193064954,0.0
35938.29883219393,0.0
35958.337471322906,0.0
35978.37611045188,0.0
35998.41474958085,0.0
36018.45338870982,0.0
36038.492027838794,0.0
36058.530666967774,0.0
36078.569306096746,0.0
36098.60794522572,0.0
36118.64658435469,0.0
36138.68522348367,0.0
36158.72386261264,0.0
36178.762501741614,0.0
36198.801140870586,0.0
36218.839779999566,0.0
36238.87841912854,0.0
36258.91705825751,0.0
36278.95569738648,0.0
36298.994336515454,0.0
36319.03297564443,0.0
36339.071614773406,0.0
36359.11025390238,0.0
36379.14889303135,0.0
36399.18753216033,0.0
36419.2261712893,0.0
36439.26481041827,0.0
36459.303449547246,0.0
36479.34208867622,0.0
36499.3807278052,0.0
36519.41936693417,0.0
36539.45800606314,0.0
36559.496645192114,0.0
36579.53528432109,0.0
36599.573923450065,0.0
36619.61256257904,0.0
36639.65120170801,0.0
36659.68984083699,0.0
36679.72847996596,0.0
36699.76711909493,0.0
36719.805758223905,0.0
36739.84439735288,0.0
36759.88303648186,0.0
36779.92167561083,0.0
36799.9603147398,0.0
36819.99895386877,0.0
36840.03759299775,0.0
36860.076232126725,0.0
36880.1148712557,0.0
36900.15351038467,0.0
36920.19214951364,0.0
36940.23078864262,0.0
36960.26942777159,0.0
36980.308066900565,0.0
37000.34670602954,0.0
37020.38534515852,0.0
37040.42398428749,0.0
37060.46262341646,0.0
37080.50126254543,0.0
37100.539901674405,0.0
37120.578540803384,0.0
37140.61717993236,0.0
37160.65581906133,0.0
37180.6944581903,0.0
37200.73309731928,0.0
37220.77173644825,0.0
37240.810375577224,0.0
37260.8490147062,0.0
37280.887653835176,0.0
37300.92629296415,0.0
37320.96493209312,0.0
37341.00357122209,0.0
37361.042210351065,0.0
37381.080849480044,0.0
37401.119488609016,0.0
37421.15812773799,0.0
37441.19676686696,0.0
37461.23540599594,0.0
37481.27404512491,0.0
37501.312684253884,0.0
37521.351323382856,0.0
37541.38996251183,0.0
37561.42860164081,0.0
37581.46724076978,0.0
37601.50587989875,0.0
37621.544519027724,0.0
37641.5831581567,0.0
37661.621797285676,0.0
37681.66043641465,0.0
37701.69907554362,0.0
37721.7377146726,0.0
37741.77635380157,0.0
37761.814992930544,0.0
37781.853632059516,0.0
37801.89227118849,0.0
37821.93091031747,0.0
37841.96954944644,0.0
37862.00818857541,0.0
37882.046827704384,0.0
37902.08546683336,0.0
37922.124105962335,0.0
37942.16274509131,0.0
37962.20138422028,0.0
37982.24002334925,0.0
38002.27866247823,0.0
38022.3173016072,0.0
38042.355940736175,0.0
38062.39457986515,0.0
38082.43321899413,0.0
38102.4718581231,0.0
38122.51049725207,0.0
38142.54913638104,0.0
38162.58777551002,0.0
38182.626414638995,0.0
38202.66505376797,0.0
38222.70369289694,0.0
38242.74233202591,0.0
38262.78097115489,0.0
38282.81961028386,0.0
38302.858249412835,0.0
38322.89688854181,0.0
38342.93552767079,0.0
38362.97416679976,0.0
38383.01280592873,0.0
38403.0514450577,0.0
38423.090084186675,0.0
38443.128723315654,0.0
38463.16736244463,0.0
38483.2060015736,0.0
38503.24464070257,0.0
38523.28327983155,0.0
38543.32191896052,0.0
38563.360558089495,0.0
38583.39919721847,0.0
38603.437836347446,0.0
38623.47647547642,0.0
38643.51511460539,0.0
38663.55375373436,0.0
38683.592392863335,0.0
38703.631031992314,0.0
38723.669671121286,0.0
38743.70831025026,0.0
38763.74694937923,0.0
38783.78558850821,0.0
38803.82422763718,0.0
38823.862866766154,0.0
38843.901505895126,0.0
38863.9401450241,0.0
38883.97878415308,0.0
38904.01742328205,0.0
38924.05606241102,0.0
38944.094701539994,0.0
38964.133340668974,0.0
38984.171979797946,0.0
39004.21061892692,0.0
39024.24925805589,0.0
39044.28789718487,0.0
39064.32653631384,0.0
39084.365175442814,0.0
39104.403814571786,0.0
39124.44245370076,0.0
39144.48109282974,0.0
39164.51973195871,0.0
39184.55837108768,0.0
39204.597010216654,0.0
39224.63564934563,0.0
39244.674288474605,0.0
39264.71292760358,0.0
39284.75156673255,0.0
39304.79020586152,0.0
39324.8288449905,0.0
39344.86748411947,0.0
39364.906123248446,0.0
39384.94476237742,0.0
39404.9834015064,0.0
39425.02204063537,0.0
39445.06067976434,0.0
39465.09931889331,0.0
39485.13795802229,0.0
39505.176597151265,0.0
39525.21523628024,0.0
39545.25387540921,0.0
39565.29251453818,0.0
39585.33115366716,0.0
39605.36979279613,0.0
39625.408431925105,0.0
39645.44707105408,0.0
39665.48571018306,0.0
39685.52434931203,0.0
39705.562988441,0.0
39725.60162756997,0.0
39745.640266698945,0.0
39765.678905827925,0.0
39785.7175449569,0.0
39805.75618408587,0.0
39825.79482321484,0.0
39845.83346234382,0.0
39865.87210147279,0.0
39885.910740601765,0.0
39905.94937973074,0.0
39925.988018859716,0.0
39946.02665798869,0.0
39966.06529711766,0.0
39986.10393624663,0.0
40006.142575375605,0.0
40026.181214504584,0.0
40046.219853633556,0.0
40066.25849276253,0.0
40086.2971318915,0.0
40106.33577102048,0.0
40126.37441014945,0.0
40146.413049278424,0.0
40166.4516884074,0.0
40186.49032753637,0.0
40206.52896666535,0.0
40226.56760579432,0.0
40246.60624492329,0.0
40266.644884052264,0.0
40286.683523181244,0.0
40306.722162310216,0.0
40326.76080143919,0.0
40346.79944056816,0.0
40366.83807969714,0.0
40386.87671882611,0.0
40406.915357955084,0.0
40426.953997084056,0.0
40446.99263621303,0.0
40467.03127534201,0.0
40487.06991447098,0.0
40507.10855359995,0.0
40527.147192728924,0.0
40547.1858318579,0.0
40567.224470986876,0.0
40587.26311011585,0.0
40607.30174924482,0.0
40627.34038837379,0.0
40647.37902750277,0.0
40667.41766663174,0.0
40687.456305760716,0.0
40707.49494488969,0.0
40727.53358401867,0.0
40747.57222314764,0.0
40767.61086227661,0.0
40787.64950140558,0.0
40807.68814053456,0.0
40827.726779663535,0.0
40847.76541879251,0.0
40867.80405792148,0.0
40887.84269705045,0.0
40907.88133617943,0.0
40927.9199753084,0.0
40947.958614437375,0.0
40967.99725356635,0.0
40988.03589269533,0.0
41008.0745318243,0.0
