Energy (keV),Intensity (CPS)
-11.163123179579234,0.0
8.87587993245603,0.0
28.914883044491294,0.0
48.953886156526565,0.0
68.99288926856183,0.0
89.03189238059709,0.0
109.07089549263236,0.0
129.10989860466762,0.0
149.14890171670288,0.0
169.18790482873814,0.0
189.2269079407734,0.0
209.26591105280866,0.0
229.30491416484395,0.0
249.34391727687918,0.0
269.38292038891444,0.0
289.4219235009497,0.0
309.46092661298496,0.0
329.49992972502025,0.0
349.5389328370555,0.0
369.5779359490908,0.3848171374891245
389.616939061126,0.3848171374891245
409.6559421731613,0.3848171374891245
429.6949452851965,1.1544514124673735
449.7339483972318,0.3848171374891245
469.7729515092671,0.769634274978249
489.81195462130233,0.769634274978249
509.85095773333757,1.9240856874456225
529.8899608453729,0.769634274978249
549.9289639574082,1.539268549956498
569.9679670694435,0.769634274978249
590.0069701814787,3.078537099912996
610.045973293514,1.539268549956498
630.0849764055492,0.769634274978249
650.1239795175845,1.539268549956498
670.1629826296198,2.308902824934747
690.201985741655,3.4633542374021205
710.2409888536903,1.539268549956498
730.2799919657256,0.769634274978249
750.3189950777609,1.1544514124673735
770.357998189796,3.078537099912996
790.3970013018313,4.617805649869494
810.4360044138666,3.848171374891245
830.4750075259019,3.4633542374021205
850.5140106379372,5.002622787358618
870.5530137499724,5.387439924847743
890.5920168620077,14.623051224586732
910.6310199740429,15.007868362075856
930.6700230860782,24.628296799303968
950.7090261981135,34.633542374021204
970.7480293101487,24.243479661814842
990.787032422184,14.238234087097606
1010.8260355342193,5.387439924847743
1030.8650386462543,7.311525612293366
1050.9040417582896,11.92933126216286
1070.943044870325,16.547136912032354
1090.9820479823602,18.8560397369671
1111.0210510943955,8.850794162249864
1131.0600542064308,13.083782674630232
1151.099057318466,8.850794162249864
1171.1380604305014,12.698965537141108
1191.1770635425364,14.238234087097606
1211.2160666545717,13.083782674630232
1231.255069766607,12.698965537141108
1251.2940728786423,10.774879849695486
1271.3330759906776,6.926708474804241
1291.3720791027129,4.617805649869494
1311.4110822147481,4.617805649869494
1331.4500853267834,3.078537099912996
1351.4890884388187,2.6937199624238715
1371.5280915508538,3.848171374891245
1391.567094662889,5.772257062336868
1411.6060977749244,4.617805649869494
1431.6451008869597,7.69634274978249
1451.684103998995,13.468599812119358
1471.7231071110302,20.780125424412724
1491.7621102230655,19.62567401194535
1511.8011133351008,10.390062712206362
1531.840116447136,5.772257062336868
1551.8791195591712,6.157074199825992
1571.9181226712064,5.772257062336868
1591.9571257832417,4.617805649869494
1611.996128895277,4.617805649869494
1632.0351320073123,6.541891337315116
1652.0741351193476,9.620428437228112
1672.113138231383,11.544514124673736
1692.1521413434182,35.403176648999455
1712.1911444554535,58.87702203583605
1732.2301475674885,73.11525612293366
1752.2691506795238,64.26446196068379
1772.308153791559,41.17543371133632
1792.3471569035944,23.85866252432572
1812.3861600156297,13.468599812119358
1832.425163127665,10.774879849695486
1852.4641662397003,8.850794162249864
1872.5031693517356,9.235611299738988
1892.5421724637708,6.541891337315116
1912.5811755758061,9.620428437228112
1932.6201786878412,15.777502637054104
1952.6591817998765,18.08640546198885
1972.6981849119118,20.010491149434472
1992.737188023947,25.397931074282216
2012.7761911359823,31.555005274108208
2032.8151942480176,28.47646817419521
2052.854197360053,24.628296799303968
2072.893200472088,19.62567401194535
2092.9322035841237,22.704211111858346
2112.971206696159,20.010491149434472
2133.0102098081943,26.937199624238716
2153.0492129202294,23.08902824934747
2173.088216032265,21.164942561901846
2193.1272191443,30.01573672415171
2213.166222256335,28.861285311684338
2233.2052253683705,37.7120794739342
2253.2442284804056,43.484336536271066
2273.283231592441,55.79848493592305
2293.322234704476,71.19117043548803
2313.3612378165117,80.42678173522702
2333.4002409285467,91.97129585990075
2353.4392440405823,73.11525612293366
2373.4782471526173,71.57598757297716
2393.5172502646524,73.8848903979119
2413.556253376688,53.87439924847743
2433.595256488723,54.25921638596655
2453.6342596007585,48.87177646111881
2473.6732627127935,59.26183917332517
2493.712265824829,67.72781619808592
2513.751268936864,66.18854764812941
2533.7902720488996,69.65190188553153
2553.8292751609347,98.51318719721587
2573.8682782729697,130.4530096088132
2593.9072813850053,208.57088851910547
2613.9462844970403,364.4218292022009
2633.985287609076,644.1838881567944
2654.024290721111,1095.9592075690266
2674.0632938331464,1515.7947045696615
2694.1022969451815,1688.9624164397674
2714.141300057217,1509.2528132323462
2734.180303169252,1081.720973481929
2754.219306281287,752.7023209287275
2774.2583093933226,585.6916832584475
2794.2973125053577,699.2127388177393
2814.336315617393,820.8149542643025
2834.3753187294283,918.9433243240293
2854.414321841464,827.3568456016177
2874.453324953499,723.8410356170432
2894.4923280655344,613.3985171576644
2914.5313311775694,690.7467617929784
2934.5703342896045,753.0871380662167
2954.60933740164,785.026960477814
2974.648340513675,750.3934181037928
2994.6873436257106,549.1340551969806
3014.7263467377456,386.74122317657014
3034.765349849781,250.90077364290917
3054.804352961816,170.08917477019304
3074.8433560738517,138.53416949608481
3094.882359185887,123.91111827149808
3114.921362297922,131.9922781587697
3134.9603654099574,144.3064265584217
3154.9993685219924,158.92947778300842
3175.038371634028,160.85356347045405
3195.077374746063,160.08392919547578
3215.1163778580985,130.06819247132407
3235.1553809701336,119.29331262162859
3255.194384082169,107.36398135946574
3275.233387194204,127.75928964638933
3295.2723903062392,151.61795217071506
3315.3113934182747,165.0865519828344
3335.35039653031,169.31954049521477
3355.3893996423453,139.30380377106306
3375.4284027543804,133.5315467087262
3395.467405866416,106.9791642219766
3415.506408978451,107.36398135946574
3435.5454120904865,94.66501582232462
3455.5844152025215,88.12312448500951
3475.6234183145566,91.58647872241163
3495.662421426592,95.04983295981376
3515.701424538627,90.81684444743338
3535.7404276506627,91.97129585990075
3555.7794307626978,115.82995838422647
3575.8184338747333,109.67288418440049
3595.8574369867683,110.05770132188961
3615.896440098804,120.83258117158509
3635.935443210839,133.14672957123707
3655.974446322874,145.84569510837818
3676.0134494349095,155.85094068309542
3696.0524525469446,153.54203785816068
3716.09145565898,155.08130640811717
3736.130458771015,138.53416949608481
3756.1694618830506,131.60746102128059
3776.2084649950857,130.06819247132407
3796.247468107121,113.52105555929172
3816.2864712191563,120.06294689660685
3836.325474331192,120.83258117158509
3856.364477443227,121.21739830907421
3876.403480555262,121.60221544656333
3896.4424836672974,120.83258117158509
3916.4814867793325,115.06032410924823
3936.520489891368,129.29855819634582
3956.559493003403,133.91636384621532
3976.5984961154386,138.1493523585957
3996.6374992274737,132.76191243374794
4016.676502339509,133.5315467087262
4036.7155054515442,135.0708152586827
4056.7545085635793,133.5315467087262
4076.793511675615,147.38496365833467
4096.83251478765,132.76191243374794
4116.871517899685,139.30380377106306
4136.91052101172,140.0734380460413
4156.9495241237555,138.53416949608481
4176.9885272357915,147.00014652084556
4197.0275303478265,142.38234087097607
4217.066533459862,141.22788945850868
4237.105536571897,148.15459793331294
4257.144539683932,136.99490094612833
4277.183542795968,139.30380377106306
4297.222545908003,158.92947778300842
4317.261549020038,152.77240358318244
4337.300552132073,149.69386648326943
4357.339555244109,159.69911205798667
4377.378558356144,155.4661235456063
4397.417561468179,168.16508908274741
4417.456564580214,171.2436261826604
4437.495567692249,174.7069804200625
4457.534570804285,182.403323169845
4477.57357391632,194.717471569497
4497.612577028355,199.33527721936647
4517.65158014039,189.71484878213838
4537.690583252426,185.86667740724712
4557.729586364461,178.9399689324429
4577.768589476496,177.7855175199755
4597.807592588531,180.86405461988852
4617.8465957005665,170.47399190768215
4637.885598812602,181.24887175737763
4657.9246019246375,167.39545480776914
4677.963605036673,172.39807759512777
4698.002608148708,190.48448305711662
4718.041611260744,169.31954049521477
4738.080614372779,187.40594595720364
4758.119617484814,187.40594595720364
4778.158620596849,192.40856874456225
4798.197623708884,193.94783729451873
4818.23662682092,192.0237516070731
4838.275629932955,199.7200943568556
4858.31463304499,196.6415572569426
4878.353636157025,201.64418004430124
4898.392639269061,218.96095123131184
4918.431642381096,203.56826573174686
4938.470645493131,209.72533993157285
4958.509648605166,200.48972863183386
4978.548651717201,222.42430546871395
4998.587654829237,207.4164371066381
5018.626657941272,227.42692825607259
5038.665661053307,227.04211111858345
5058.704664165342,217.42168268135535
5078.743667277378,212.41905989399672
5098.782670389413,220.11540264377922
5118.8216735014485,219.34576836880098
5138.8606766134835,231.65991676845294
5158.899679725519,224.34839115615958
5178.938682837555,230.50546535598556
5198.97768594959,223.57875688118133
5219.016689061625,250.13113936793093
5239.05569217366,280.1468760920826
5259.094695285696,283.61023032948475
5279.133698397731,279.3772418171044
5299.172701509766,278.222790404637
5319.211704621801,289.76730452931076
5339.250707733836,306.3144414413431
5359.289710845872,328.2490182782232
5379.328713957907,315.9348698785712
5399.367717069942,349.0291437026359
5419.406720181977,323.2463954908646
5439.445723294013,315.165235603593
5459.484726406048,296.3091958666259
5479.523729518083,285.9191331544195
5499.562732630118,282.8405960545065
5519.601735742153,279.7620589545935
5539.640738854189,296.3091958666259
5559.679741966224,292.07620735424547
5579.718745078259,280.9165103670609
5599.7577481902945,297.0788301416041
5619.79675130233,289.76730452931076
5639.8357544143655,297.4636472790932
5659.874757526401,293.23065876671285
5679.913760638436,295.1547444541585
5699.952763750471,324.0160297658428
5719.991766862507,300.92700151649535
5740.030769974542,313.6259670536365
5760.069773086577,301.31181865398446
5780.108776198612,313.6259670536365
5800.147779310648,335.94536102800566
5820.186782422683,295.9243787291367
5840.225785534718,335.94536102800566
5860.264788646753,347.4898751526794
5880.303791758788,357.8799378648858
5900.342794870824,367.5003663021139
5920.381797982859,335.56054389051656
5940.420801094894,360.57365782730966
5960.459804206929,356.7254864524184
5980.498807318965,338.2542638529404
6000.537810431,346.72024087770114
6020.576813543035,345.18097232774466
6040.61581665507,325.1704811783102
6060.654819767105,324.0160297658428
6080.693822879141,348.2595094276577
6100.7328259911765,366.7307320271356
6120.7718291032115,362.8825606522444
6140.810832215247,376.7359776018529
6160.849835327283,377.120794739342
6180.888838439318,397.5161030262656
6200.927841551353,395.59201733881997
6220.966844663388,390.58939455146134
6241.005847775423,434.8433653627107
6261.044850887459,425.9925712004608
6281.083853999494,468.3224563242645
6301.122857111529,435.6129996376889
6321.161860223564,476.78843334902524
6341.2008633356,503.34081583577483
6361.239866447635,501.03191301084007
6381.27886955967,546.4403352345568
6401.317872671705,494.10520453603584
6421.35687578374,497.568558773438
6441.395878895776,477.5580676240035
6461.434882007811,440.61562242504755
6481.473885119846,407.52134860098283
6501.512888231881,409.8302514259176
6521.551891343917,407.52134860098283
6541.590894455952,376.7359776018529
6561.629897567987,368.27000057709216
6581.6689006800225,376.3511604643638
6601.707903792058,376.3511604643638
6621.7469069040935,375.5815261893855
6641.785910016129,375.1967090518964
6661.824913128164,374.8118919144073
6681.863916240199,360.95847496479877
6701.902919352235,370.19408626453776
6721.94192246427,360.57365782730966
6741.980925576305,378.6600632892985
6762.01992868834,374.8118919144073
6782.058931800375,347.8746922901685
6802.097934912411,380.58414897674413
6822.136938024446,381.35378325172235
6842.175941136481,354.03176648999454
6862.214944248516,393.6679316513744
6882.253947360552,387.51085745154836
6902.292950472587,355.571035039951
6922.331953584622,389.05012600150485
6942.370956696657,397.90092016375473
6962.409959808692,377.120794739342
6982.448962920728,357.4951207273967
7002.487966032763,386.74122317657014
7022.526969144798,350.5684122525924
7042.565972256833,373.6574405019399
7062.604975368869,358.649572139864
7082.6439784809045,353.26213221501627
7102.6829815929395,355.95585217744014
7122.721984704975,374.8118919144073
7142.76098781701,365.9610977521574
7162.799990929046,342.1024352278317
7182.838994041081,327.47938400324495
7202.877997153116,350.1835951151033
7222.917000265151,368.65481771458127
7242.956003377187,347.4898751526794
7262.995006489222,361.72810923977704
7283.034009601257,360.57365782730966
7303.073012713292,344.0265209152773
7323.112015825327,340.9479838153643
7343.151018937363,321.7071269409081
7363.190022049398,341.3328009528534
7383.229025161433,347.4898751526794
7403.268028273468,349.7987779776142
7423.307031385504,360.18884068982055
7443.346034497539,348.6443265651468
7463.385037609574,339.7935324028969
7483.424040721609,335.56054389051656
7503.463043833644,331.3275553781362
7523.50204694568,359.03438927735317
7543.541050057715,325.1704811783102
7563.5800531697505,295.9243787291367
7583.619056281786,307.8537099912996
7603.6580593938215,318.62858984099506
7623.697062505857,314.7804184661038
7643.736065617892,307.4688928538105
7663.775068729927,319.78304125346244
7683.814071841963,303.2359043414301
7703.853074953998,310.54742995372345
7723.892078066033,300.1573672415171
7743.931081178068,300.92700151649535
7763.970084290103,302.85108720394095
7784.009087402139,310.16261281623434
7804.048090514174,315.9348698785712
7824.087093626209,286.3039502919086
7844.126096738244,302.46627006645184
7864.16509985028,295.1547444541585
7884.204102962315,294.38511017918023
7904.24310607435,307.4688928538105
7924.282109186385,310.54742995372345
7944.32111229842,297.8484644165824
7964.360115410456,291.30657307926725
7984.399118522491,302.08145292896273
8004.438121634526,280.5316932295718
8024.4771247465615,288.2280359793543
8044.516127858597,297.4636472790932
8064.5551309706325,288.6128531168434
8084.594134082668,275.91388757970225
8104.633137194703,289.3824873918216
8124.672140306738,284.379864604463
8144.711143418774,294.0002930416911
8164.750146530809,291.69139021675636
8184.789149642845,262.0604706300938
8204.828152754879,274.75943616723487
8224.867155866914,279.7620589545935
8244.906158978949,257.82748211771343
8264.945162090984,273.98980189225665
8284.984165203019,254.74894501780042
8305.023168315054,261.2908363551155
8325.06217142709,240.89552806819194
8345.101174539124,266.29345914247415
8365.140177651161,246.28296799303968
8385.179180763196,262.0604706300938
8405.218183875231,237.04735669330069
8425.257186987266,251.67040791788742
8445.296190099301,240.89552806819194
8465.335193211336,254.74894501780042
8485.374196323372,247.05260226801792
8505.413199435407,253.2096764678439
8525.452202547442,239.35625951823545
8545.491205659479,239.74107665572456
8565.530208771514,243.20443089312667
8585.569211883549,236.27772241832244
8605.608214995584,236.66253955581158
8625.647218107619,257.82748211771343
8645.686221219654,241.28034520568104
8665.725224331689,256.28821356775694
8685.764227443724,230.12064821849646
8705.803230555759,217.0368655438662
8725.842233667796,215.1127798564206
8745.881236779831,223.57875688118133
8765.920239891866,195.48710584447525
8785.959243003901,215.88241413139883
8805.998246115936,198.18082580689912
8826.037249227971,193.94783729451873
8846.076252340006,184.32740885729064
8866.115255452041,196.2567401194535
8886.154258564076,197.02637439443174
8906.193261676113,178.9399689324429
8926.232264788148,185.09704313226888
8946.271267900183,173.93734614508426
8966.310271012218,176.63106610750813
8986.349274124253,167.01063767028003
9006.388277236289,164.31691770785616
9026.427280348324,178.9399689324429
9046.466283460359,167.78027194525828
9066.505286572394,172.39807759512777
9086.54428968443,156.62057495807366
9106.583292796466,162.77764915789967
9126.6222959085,157.3902092330519
9146.661299020536,153.54203785816068
9166.70030213257,131.22264388379145
9186.739305244606,143.1519751459543
9206.778308356641,145.46087797088907
9226.817311468676,145.84569510837818
9246.856314580711,128.14410678387847
9266.895317692748,121.60221544656333
9286.934320804783,121.21739830907421
9306.973323916818,126.98965537141109
9327.012327028853,120.06294689660685
9347.051330140888,106.9791642219766
9367.090333252923,97.74355292223763
9387.129336364958,89.662393034966
9407.168339476993,96.58910150977025
9427.207342589028,89.662393034966
9447.246345701065,88.12312448500951
9467.2853488131,91.58647872241163
9487.324351925135,80.81159887271615
9507.36335503717,77.34824463531402
9527.402358149206,76.19379322284665
9547.44136126124,71.57598757297716
9567.480364373276,68.88226761055328
9587.51936748531,69.26708474804241
9607.558370597346,63.87964482319467
9627.597373709383,58.49220489834693
9647.636376821418,51.56549642354268
9667.675379933453,53.10476497349918
9687.714383045488,49.64141073609706
9707.753386157523,47.71732504865144
9727.792389269558,49.256593598607935
9747.831392381593,45.02360508622757
9767.870395493628,40.020982298868944
9787.909398605663,33.09427382406471
9807.9484017177,34.24872523653208
9827.987404829735,29.246102449173463
9848.02640794177,26.167565349260464
9868.065411053805,24.628296799303968
9888.10441416584,24.243479661814842
9908.143417277875,23.473845386836594
9928.18242038991,19.62567401194535
9948.221423501946,18.471222599477976
9968.26042661398,13.853416949608482
9988.299429726017,14.623051224586732
10008.338432838053,14.623051224586732
10028.377435950088,13.083782674630232
10048.416439062123,9.620428437228112
10068.455442174158,13.468599812119358
10088.494445286193,8.46597702476074
10108.533448398228,7.311525612293366
10128.572451510263,7.311525612293366
10148.611454622298,6.926708474804241
10168.650457734335,6.926708474804241
10188.68946084637,9.235611299738988
10208.728463958405,5.387439924847743
10228.76746707044,4.617805649869494
10248.806470182475,5.772257062336868
10268.84547329451,2.308902824934747
10288.884476406545,1.9240856874456225
10308.92347951858,1.9240856874456225
10328.962482630615,1.539268549956498
10349.001485742652,1.539268549956498
10369.040488854687,0.3848171374891245
10389.079491966722,1.9240856874456225
10409.118495078757,0.0
10429.157498190792,1.9240856874456225
10449.196501302828,2.6937199624238715
10469.235504414863,2.6937199624238715
10489.274507526898,1.539268549956498
10509.313510638933,1.1544514124673735
10529.35251375097,0.769634274978249
10549.391516863005,0.769634274978249
10569.43051997504,1.539268549956498
10589.469523087075,1.1544514124673735
10609.50852619911,0.769634274978249
10629.547529311145,0.3848171374891245
10649.58653242318,1.539268549956498
10669.625535535215,0.3848171374891245
10689.66453864725,0.769634274978249
10709.703541759287,1.539268549956498
10729.742544871322,2.6937199624238715
10749.781547983357,0.769634274978249
10769.820551095392,1.9240856874456225
10789.859554207427,1.1544514124673735
10809.898557319462,0.3848171374891245
10829.937560431497,2.308902824934747
10849.976563543532,0.3848171374891245
10870.015566655567,2.308902824934747
10890.054569767604,0.769634274978249
10910.09357287964,1.1544514124673735
10930.132575991674,1.1544514124673735
10950.17157910371,1.1544514124673735
10970.210582215745,1.1544514124673735
10990.24958532778,1.9240856874456225
11010.288588439815,2.308902824934747
11030.32759155185,3.4633542374021205
11050.366594663885,0.3848171374891245
11070.405597775922,3.4633542374021205
11090.444600887957,1.1544514124673735
11110.483603999992,2.308902824934747
11130.522607112027,1.1544514124673735
11150.561610224062,2.308902824934747
11170.600613336097,0.0
11190.639616448132,1.1544514124673735
11210.678619560167,0.3848171374891245
11230.717622672202,1.1544514124673735
11250.756625784239,1.1544514124673735
11270.795628896274,1.1544514124673735
11290.83463200831,1.9240856874456225
11310.873635120344,0.3848171374891245
11330.91263823238,1.539268549956498
11350.951641344414,1.1544514124673735
11370.99064445645,1.1544514124673735
11391.029647568485,0.3848171374891245
11411.06865068052,1.539268549956498
11431.107653792556,3.848171374891245
11451.146656904592,1.1544514124673735
11471.185660016627,0.769634274978249
11491.224663128662,1.9240856874456225
11511.263666240697,1.1544514124673735
11531.302669352732,0.769634274978249
11551.341672464767,2.308902824934747
11571.380675576802,1.539268549956498
11591.419678688837,0.769634274978249
11611.458681800874,1.1544514124673735
11631.497684912909,0.769634274978249
11651.536688024944,0.3848171374891245
11671.575691136979,1.539268549956498
11691.614694249014,1.9240856874456225
11711.65369736105,1.9240856874456225
11731.692700473084,0.769634274978249
11751.73170358512,1.539268549956498
11771.770706697154,0.3848171374891245
11791.809709809191,1.1544514124673735
11811.848712921226,0.3848171374891245
11831.887716033261,2.308902824934747
11851.926719145296,1.539268549956498
11871.965722257331,1.9240856874456225
11892.004725369366,2.6937199624238715
11912.043728481402,0.769634274978249
11932.082731593437,1.9240856874456225
11952.121734705472,1.539268549956498
11972.160737817509,1.9240856874456225
11992.199740929544,1.1544514124673735
12012.238744041579,1.9240856874456225
12032.277747153614,1.539268549956498
12052.316750265649,0.3848171374891245
12072.355753377684,1.539268549956498
12092.394756489719,1.539268549956498
12112.433759601754,1.1544514124673735
12132.472762713789,0.3848171374891245
12152.511765825826,0.769634274978249
12172.550768937861,0.769634274978249
12192.589772049896,1.9240856874456225
12212.628775161931,0.3848171374891245
12232.667778273966,1.539268549956498
12252.706781386001,1.9240856874456225
12272.745784498036,0.769634274978249
12292.784787610071,3.078537099912996
12312.823790722106,1.1544514124673735
12332.862793834143,0.3848171374891245
12352.901796946178,3.078537099912996
12372.940800058213,0.769634274978249
12392.979803170248,0.3848171374891245
12413.018806282284,2.308902824934747
12433.057809394319,1.539268549956498
12453.096812506354,3.078537099912996
12473.135815618389,2.6937199624238715
12493.174818730424,0.0
12513.21382184246,0.769634274978249
12533.252824954496,0.769634274978249
12553.29182806653,1.539268549956498
12573.330831178566,1.1544514124673735
12593.369834290601,1.9240856874456225
12613.408837402636,0.769634274978249
12633.447840514671,2.308902824934747
12653.486843626706,1.9240856874456225
12673.525846738741,1.1544514124673735
12693.564849850778,2.308902824934747
12713.603852962813,1.539268549956498
12733.642856074848,0.769634274978249
12753.681859186883,0.769634274978249
12773.720862298918,0.769634274978249
12793.759865410953,0.769634274978249
12813.798868522988,1.539268549956498
12833.837871635023,0.3848171374891245
12853.876874747059,1.1544514124673735
12873.915877859095,1.1544514124673735
12893.95488097113,1.9240856874456225
12913.993884083166,0.769634274978249
12934.0328871952,1.1544514124673735
12954.071890307236,0.769634274978249
12974.11089341927,0.3848171374891245
12994.149896531306,1.539268549956498
13014.18889964334,1.539268549956498
13034.227902755376,1.1544514124673735
13054.266905867413,3.078537099912996
13074.305908979448,1.539268549956498
13094.344912091483,1.539268549956498
13114.383915203518,0.3848171374891245
13134.422918315553,1.539268549956498
13154.461921427588,0.3848171374891245
13174.500924539623,1.1544514124673735
13194.539927651658,0.0
13214.578930763693,1.1544514124673735
13234.61793387573,0.769634274978249
13254.656936987765,1.1544514124673735
13274.6959400998,0.769634274978249
13294.734943211835,1.539268549956498
13314.77394632387,0.769634274978249
13334.812949435905,1.1544514124673735
13354.85195254794,1.9240856874456225
13374.890955659976,0.769634274978249
13394.92995877201,0.3848171374891245
13414.968961884048,1.539268549956498
13435.007964996083,1.539268549956498
13455.046968108118,1.1544514124673735
13475.085971220153,1.539268549956498
13495.124974332188,0.769634274978249
13515.163977444223,0.3848171374891245
13535.202980556258,1.1544514124673735
13555.241983668293,0.769634274978249
13575.280986780328,0.3848171374891245
13595.319989892365,1.1544514124673735
13615.3589930044,0.769634274978249
13635.397996116435,1.539268549956498
13655.43699922847,0.769634274978249
13675.476002340505,0.769634274978249
13695.51500545254,1.1544514124673735
13715.554008564575,1.1544514124673735
13735.59301167661,1.539268549956498
13755.632014788645,0.769634274978249
13775.671017900682,1.539268549956498
13795.710021012717,0.769634274978249
13815.749024124752,2.308902824934747
13835.788027236787,1.1544514124673735
13855.827030348823,1.9240856874456225
13875.866033460858,1.9240856874456225
13895.905036572893,1.9240856874456225
13915.944039684928,1.1544514124673735
13935.983042796963,1.1544514124673735
13956.022045909,3.4633542374021205
13976.061049021035,0.3848171374891245
13996.10005213307,0.0
14016.139055245105,1.9240856874456225
14036.17805835714,0.3848171374891245
14056.217061469175,1.9240856874456225
14076.25606458121,0.3848171374891245
14096.295067693245,1.539268549956498
14116.33407080528,0.769634274978249
14136.373073917317,1.1544514124673735
14156.412077029352,1.1544514124673735
14176.451080141387,2.308902824934747
14196.490083253422,1.539268549956498
14216.529086365457,0.769634274978249
14236.568089477492,1.1544514124673735
14256.607092589527,1.1544514124673735
14276.646095701562,1.1544514124673735
14296.685098813598,0.769634274978249
14316.724101925634,2.308902824934747
14336.76310503767,1.539268549956498
14356.802108149705,1.9240856874456225
14376.84111126174,1.9240856874456225
14396.880114373775,1.9240856874456225
14416.91911748581,1.1544514124673735
14436.958120597845,0.3848171374891245
14456.99712370988,1.539268549956498
14477.036126821915,0.769634274978249
14497.075129933952,0.769634274978249
14517.114133045987,0.3848171374891245
14537.153136158022,1.1544514124673735
14557.192139270057,1.539268549956498
14577.231142382092,0.769634274978249
14597.270145494127,1.539268549956498
14617.309148606162,0.3848171374891245
14637.348151718197,0.769634274978249
14657.387154830232,0.769634274978249
14677.42615794227,0.3848171374891245
14697.465161054304,1.9240856874456225
14717.50416416634,0.0
14737.543167278374,1.9240856874456225
14757.58217039041,1.1544514124673735
14777.621173502444,1.9240856874456225
14797.66017661448,1.539268549956498
14817.699179726515,0.3848171374891245
14837.73818283855,1.1544514124673735
14857.777185950586,0.0
14877.816189062622,0.3848171374891245
14897.855192174657,0.3848171374891245
14917.894195286692,0.3848171374891245
14937.933198398727,0.3848171374891245
14957.972201510762,0.3848171374891245
14978.011204622797,1.539268549956498
14998.050207734832,0.0
15018.089210846867,0.769634274978249
15038.128213958904,0.769634274978249
15058.167217070939,0.769634274978249
15078.206220182974,0.769634274978249
15098.245223295009,0.0
15118.284226407044,1.1544514124673735
15138.32322951908,0.3848171374891245
15158.362232631114,0.3848171374891245
15178.40123574315,1.1544514124673735
15198.440238855184,0.3848171374891245
15218.479241967221,1.1544514124673735
15238.518245079256,0.3848171374891245
15258.557248191291,0.0
15278.596251303326,1.1544514124673735
15298.635254415361,0.3848171374891245
15318.674257527397,1.1544514124673735
15338.713260639432,0.769634274978249
15358.752263751467,1.1544514124673735
15378.791266863504,1.539268549956498
15398.830269975539,0.0
15418.869273087574,1.539268549956498
15438.908276199609,1.1544514124673735
15458.947279311644,0.769634274978249
15478.986282423679,1.1544514124673735
15499.025285535714,0.0
15519.064288647749,0.769634274978249
15539.103291759784,0.3848171374891245
15559.142294871821,1.539268549956498
15579.181297983856,0.769634274978249
15599.220301095891,1.9240856874456225
15619.259304207926,0.769634274978249
15639.298307319961,0.769634274978249
15659.337310431996,0.769634274978249
15679.376313544031,0.3848171374891245
15699.415316656066,0.0
15719.454319768101,1.1544514124673735
15739.493322880138,0.0
15759.532325992173,0.769634274978249
15779.571329104208,0.769634274978249
15799.610332216243,0.3848171374891245
15819.649335328279,0.3848171374891245
15839.688338440314,1.539268549956498
15859.727341552349,0.769634274978249
15879.766344664384,0.0
15899.805347776419,1.539268549956498
15919.844350888456,0.769634274978249
15939.88335400049,0.769634274978249
15959.922357112526,0.3848171374891245
15979.96136022456,0.0
16000.000363336596,0.3848171374891245
16020.039366448631,1.9240856874456225
16040.078369560666,0.3848171374891245
16060.117372672701,0.3848171374891245
16080.156375784736,1.1544514124673735
16100.195378896773,0.0
16120.234382008808,0.3848171374891245
16140.273385120843,0.0
16160.312388232878,0.769634274978249
16180.351391344913,1.1544514124673735
16200.390394456948,0.3848171374891245
16220.429397568983,0.3848171374891245
16240.468400681018,0.3848171374891245
16260.507403793054,0.3848171374891245
16280.54640690509,0.0
16300.585410017125,0.769634274978249
16320.62441312916,0.0
16340.663416241196,0.0
16360.70241935323,0.0
16380.741422465268,0.3848171374891245
16400.7804255773,0.3848171374891245
16420.819428689338,0.769634274978249
16440.85843180137,0.3848171374891245
16460.897434913408,0.3848171374891245
16480.93643802544,0.3848171374891245
16500.975441137478,1.1544514124673735
16521.01444424951,0.3848171374891245
16541.053447361548,0.3848171374891245
16561.092450473585,0.3848171374891245
16581.131453585618,0.769634274978249
16601.170456697655,0.769634274978249
16621.20945980969,0.3848171374891245
16641.248462921725,0.0
16661.28746603376,0.3848171374891245
16681.326469145795,0.3848171374891245
16701.36547225783,0.769634274978249
16721.404475369865,0.3848171374891245
16741.443478481902,1.1544514124673735
16761.482481593936,0.3848171374891245
16781.521484705972,0.0
16801.560487818006,0.769634274978249
16821.599490930043,0.769634274978249
16841.638494042076,0.3848171374891245
16861.677497154113,0.3848171374891245
16881.716500266146,0.3848171374891245
16901.755503378183,0.769634274978249
16921.79450649022,0.3848171374891245
16941.833509602253,0.3848171374891245
16961.87251271429,0.3848171374891245
16981.911515826323,0.769634274978249
17001.95051893836,0.3848171374891245
17021.989522050393,0.0
17042.02852516243,0.0
17062.067528274463,0.769634274978249
17082.1065313865,0.0
17102.145534498537,0.3848171374891245
17122.18453761057,0.3848171374891245
17142.223540722607,0.769634274978249
17162.26254383464,0.0
17182.301546946677,0.3848171374891245
17202.34055005871,0.0
17222.379553170747,0.0
17242.41855628278,0.0
17262.457559394818,0.0
17282.496562506854,0.0
17302.535565618888,0.0
17322.574568730925,0.3848171374891245
17342.613571842958,1.1544514124673735
17362.652574954995,0.0
17382.691578067028,0.3848171374891245
17402.730581179065,0.0
17422.769584291098,0.0
17442.808587403135,0.0
17462.84759051517,0.0
17482.886593627205,0.0
17502.925596739242,0.0
17522.964599851275,0.0
17543.003602963312,0.0
17563.042606075345,0.0
17583.081609187382,0.3848171374891245
17603.120612299415,0.0
17623.159615411452,0.0
17643.19861852349,0.3848171374891245
17663.237621635522,0.0
17683.27662474756,0.0
17703.315627859592,0.0
17723.35463097163,0.0
17743.393634083663,0.0
17763.4326371957,0.0
17783.471640307733,0.0
17803.51064341977,0.0
17823.549646531807,0.0
17843.58864964384,0.0
17863.627652755877,0.0
17883.66665586791,0.0
17903.705658979947,0.0
17923.74466209198,0.0
17943.783665204017,0.3848171374891245
17963.82266831605,0.0
17983.861671428087,0.0
18003.900674540124,0.0
18023.939677652157,0.3848171374891245
18043.978680764194,0.0
18064.017683876227,0.0
18084.056686988264,0.0
18104.095690100297,0.0
18124.134693212334,0.0
18144.173696324367,0.0
18164.212699436404,0.0
18184.25170254844,0.0
18204.290705660474,0.3848171374891245
18224.32970877251,0.3848171374891245
18244.368711884545,0.0
18264.40771499658,0.3848171374891245
18284.446718108615,0.0
18304.48572122065,0.0
18324.524724332685,0.3848171374891245
18344.56372744472,0.0
18364.60273055676,0.0
18384.641733668792,0.3848171374891245
18404.68073678083,0.0
18424.719739892862,0.0
18444.7587430049,0.3848171374891245
18464.797746116932,0.0
18484.83674922897,0.0
18504.875752341002,0.0
18524.91475545304,0.0
18544.953758565076,0.0
18564.99276167711,0.0
18585.031764789146,0.0
18605.07076790118,0.0
18625.109771013216,0.0
18645.14877412525,0.3848171374891245
18665.187777237286,0.0
18685.22678034932,0.0
18705.265783461356,0.0
18725.304786573393,0.0
18745.343789685427,0.0
18765.382792797463,0.0
18785.421795909497,0.0
18805.460799021534,0.0
18825.499802133567,0.0
18845.538805245604,0.0
18865.577808357637,0.0
18885.616811469674,0.0
18905.65581458171,0.0
18925.694817693744,0.0
18945.73382080578,0.0
18965.772823917814,0.0
18985.81182702985,0.0
19005.850830141884,0.0
19025.88983325392,0.0
19045.928836365954,0.0
19065.96783947799,0.0
19086.006842590028,0.0
19106.04584570206,0.0
19126.0848488141,0.0
19146.12385192613,0.0
19166.16285503817,0.0
19186.2018581502,0.0
19206.24086126224,0.0
19226.27986437427,0.0
19246.31886748631,0.0
19266.357870598345,0.0
19286.39687371038,0.0
19306.435876822416,0.0
19326.47487993445,0.0
19346.513883046486,0.0
19366.55288615852,0.0
19386.591889270556,0.0
19406.63089238259,0.0
19426.669895494626,0.0
19446.708898606663,0.0
19466.747901718696,0.0
19486.786904830733,0.0
19506.825907942766,0.0
19526.864911054803,0.0
19546.903914166836,0.0
19566.942917278873,0.0
19586.981920390906,0.0
19607.020923502943,0.0
19627.05992661498,0.0
19647.098929727013,0.0
19667.13793283905,0.0
19687.176935951084,0.0
19707.21593906312,0.0
19727.254942175154,0.0
19747.29394528719,0.0
19767.332948399224,0.3848171374891245
19787.37195151126,0.0
19807.410954623298,0.0
19827.44995773533,0.0
19847.488960847368,0.0
19867.5279639594,0.0
19887.566967071438,0.0
19907.60597018347,0.0
19927.644973295508,0.0
19947.68397640754,0.0
19967.722979519578,0.0
19987.761982631615,0.0
20007.80098574365,0.0
20027.839988855685,0.0
20047.87899196772,0.0
20067.917995079755,0.0
20087.95699819179,0.0
20107.996001303825,0.0
20128.03500441586,0.0
20148.074007527895,0.0
20168.113010639932,0.0
20188.152013751966,0.0
20208.191016864002,0.0
20228.230019976036,0.0
20248.269023088073,0.0
20268.308026200106,0.0
20288.347029312143,0.0
20308.386032424176,0.0
20328.425035536213,0.0
20348.46403864825,0.0
20368.503041760283,0.0
20388.54204487232,0.0
20408.581047984353,0.0
20428.62005109639,0.0
20448.659054208423,0.0
20468.69805732046,0.0
20488.737060432493,0.0
20508.77606354453,0.0
20528.815066656567,0.0
20548.8540697686,0.0
20568.893072880637,0.0
20588.93207599267,0.0
20608.971079104707,0.0
20629.01008221674,0.0
20649.049085328777,0.0
20669.08808844081,0.0
20689.127091552848,0.0
20709.166094664884,0.0
20729.205097776918,0.0
20749.244100888955,0.0
20769.283104000988,0.0
20789.322107113025,0.0
20809.361110225058,0.0
20829.400113337095,0.0
20849.439116449128,0.0
20869.478119561165,0.0
20889.5171226732,0.0
20909.556125785235,0.0
20929.595128897272,0.0
20949.634132009305,0.0
20969.673135121342,0.0
20989.712138233375,0.0
21009.751141345412,0.0
21029.790144457445,0.0
21049.829147569482,0.0
21069.86815068152,0.0
21089.907153793552,0.0
21109.94615690559,0.0
21129.985160017623,0.0
21150.02416312966,0.0
21170.063166241693,0.0
21190.10216935373,0.0
21210.141172465763,0.0
21230.1801755778,0.0
21250.219178689837,0.0
21270.25818180187,0.0
21290.297184913907,0.0
21310.33618802594,0.0
21330.375191137977,0.0
21350.41419425001,0.0
21370.453197362047,0.0
21390.49220047408,0.0
21410.531203586117,0.0
21430.570206698154,0.0
21450.609209810187,0.0
21470.648212922224,0.0
21490.687216034257,0.0
21510.726219146294,0.0
21530.765222258327,0.0
21550.804225370364,0.0
21570.843228482398,0.0
21590.882231594434,0.0
21610.92123470647,0.0
21630.960237818505,0.0
21650.99924093054,0.0
21671.038244042575,0.0
21691.07724715461,0.0
21711.116250266645,0.0
21731.15525337868,0.0
21751.194256490715,0.0
21771.23325960275,0.0
21791.27226271479,0.0
21811.311265826822,0.0
21831.35026893886,0.0
21851.389272050892,0.0
21871.42827516293,0.0
21891.467278274962,0.0
21911.506281387,0.0
21931.545284499032,0.0
21951.58428761107,0.0
21971.623290723106,0.0
21991.66229383514,0.0
22011.701296947176,0.0
22031.74030005921,0.0
22051.779303171246,0.0
22071.81830628328,0.0
22091.857309395316,0.0
22111.89631250735,0.0
22131.935315619387,0.0
22151.974318731423,0.0
22172.013321843457,0.0
22192.052324955494,0.0
22212.091328067527,0.0
22232.130331179564,0.0
22252.169334291597,0.0
22272.208337403634,0.0
22292.247340515667,0.0
22312.286343627704,0.0
22332.32534673974,0.0
22352.364349851774,0.0
22372.40335296381,0.0
22392.442356075844,0.0
22412.48135918788,0.0
22432.520362299914,0.0
22452.55936541195,0.0
22472.598368523984,0.0
22492.63737163602,0.0
22512.676374748058,0.0
22532.71537786009,0.0
22552.75438097213,0.0
22572.79338408416,0.0
22592.8323871962,0.0
22612.87139030823,0.0
22632.91039342027,0.0
22652.9493965323,0.0
22672.98839964434,0.0
22693.027402756376,0.0
22713.06640586841,0.0
22733.105408980446,0.0
22753.14441209248,0.0
22773.183415204516,0.0
22793.22241831655,0.0
22813.261421428586,0.0
22833.30042454062,0.0
22853.339427652656,0.0
22873.378430764693,0.0
22893.417433876726,0.0
22913.456436988763,0.0
22933.495440100796,0.0
22953.534443212833,0.0
22973.573446324866,0.0
22993.612449436903,0.0
23013.651452548937,0.0
23033.690455660973,0.0
23053.72945877301,0.0
23073.768461885044,0.0
23093.80746499708,0.0
23113.846468109114,0.0
23133.88547122115,0.0
23153.924474333184,0.0
23173.96347744522,0.0
23194.002480557254,0.0
23214.04148366929,0.0
23234.080486781328,0.0
23254.11948989336,0.0
23274.158493005398,0.0
23294.19749611743,0.0
23314.236499229468,0.0
23334.2755023415,0.0
23354.314505453538,0.0
23374.35350856557,0.0
23394.392511677608,0.0
23414.431514789645,0.0
23434.47051790168,0.0
23454.509521013715,0.0
23474.54852412575,0.0
23494.587527237785,0.0
23514.62653034982,0.0
23534.665533461855,0.0
23554.70453657389,0.0
23574.743539685925,0.0
23594.782542797962,0.0
23614.821545909996,0.0
23634.860549022033,0.0
23654.899552134066,0.0
23674.938555246103,0.0
23694.977558358136,0.0
23715.016561470173,0.0
23735.055564582206,0.0
23755.094567694243,0.0
23775.13357080628,0.0
23795.172573918313,0.0
23815.21157703035,0.0
23835.250580142383,0.0
23855.28958325442,0.0
23875.328586366453,0.0
23895.36758947849,0.0
23915.406592590523,0.0
23935.44559570256,0.0
23955.484598814597,0.0
23975.52360192663,0.0
23995.562605038667,0.0
24015.6016081507,0.0
24035.640611262737,0.0
24055.67961437477,0.0
24075.718617486807,0.0
24095.75762059884,0.0
24115.796623710878,0.0
24135.835626822914,0.0
24155.874629934948,0.0
24175.913633046985,0.0
24195.952636159018,0.0
24215.991639271055,0.0
24236.030642383088,0.0
24256.069645495125,0.0
24276.108648607158,0.0
24296.147651719195,0.0
24316.186654831232,0.0
24336.225657943265,0.0
24356.264661055302,0.0
24376.303664167335,0.0
24396.342667279372,0.0
24416.381670391405,0.0
24436.420673503442,0.0
24456.459676615475,0.0
24476.498679727512,0.0
24496.53768283955,0.0
24516.576685951582,0.0
24536.61568906362,0.0
24556.654692175653,0.0
24576.69369528769,0.0
24596.732698399723,0.0
24616.77170151176,0.0
24636.810704623793,0.0
24656.84970773583,0.0
24676.888710847867,0.0
24696.9277139599,0.0
24716.966717071937,0.0
24737.00572018397,0.0
24757.044723296007,0.0
24777.08372640804,0.0
24797.122729520077,0.0
24817.16173263211,0.0
24837.200735744147,0.0
24857.239738856184,0.0
24877.278741968217,0.0
24897.317745080254,0.0
24917.356748192287,0.0
24937.395751304324,0.0
24957.434754416357,0.0
24977.473757528394,0.0
24997.512760640428,0.0
25017.551763752464,0.0
25037.5907668645,0.0
25057.629769976535,0.0
25077.66877308857,0.0
25097.707776200605,0.0
25117.74677931264,0.0
25137.785782424675,0.0
25157.82478553671,0.0
25177.863788648745,0.0
25197.902791760782,0.0
25217.94179487282,0.0
25237.980797984852,0.0
25258.01980109689,0.0
25278.058804208922,0.0
25298.09780732096,0.0
25318.136810432992,0.0
25338.17581354503,0.0
25358.214816657062,0.0
25378.2538197691,0.0
25398.292822881136,0.0
25418.33182599317,0.0
25438.370829105206,0.0
25458.40983221724,0.0
25478.448835329276,0.0
25498.48783844131,0.0
25518.526841553346,0.0
25538.56584466538,0.0
25558.604847777417,0.0
25578.643850889453,0.0
25598.682854001487,0.0
25618.721857113524,0.0
25638.760860225557,0.0
25658.799863337594,0.0
25678.838866449627,0.0
25698.877869561664,0.0
25718.916872673697,0.0
25738.955875785734,0.0
25758.99487889777,0.0
25779.033882009804,0.0
25799.07288512184,0.0
25819.111888233874,0.0
25839.15089134591,0.0
25859.189894457944,0.0
25879.22889756998,0.0
25899.267900682014,0.0
25919.30690379405,0.0
25939.34590690609,0.0
25959.38491001812,0.0
25979.42391313016,0.0
25999.46291624219,0.0
26019.50191935423,0.0
26039.54092246626,0.0
26059.5799255783,0.0
26079.61892869033,0.0
26099.65793180237,0.0
26119.696934914406,0.0
26139.73593802644,0.0
26159.774941138476,0.0
26179.81394425051,0.0
26199.852947362546,0.0
26219.89195047458,0.0
26239.930953586616,0.0
26259.96995669865,0.0
26280.008959810686,0.0
26300.047962922723,0.0
26320.086966034756,0.0
26340.125969146793,0.0
26360.164972258826,0.0
26380.203975370863,0.0
26400.242978482896,0.0
26420.281981594933,0.0
26440.320984706967,0.0
26460.359987819003,0.0
26480.39899093104,0.0
26500.437994043074,0.0
26520.47699715511,0.0
26540.516000267144,0.0
26560.55500337918,0.0
26580.594006491214,0.0
26600.63300960325,0.0
26620.672012715284,0.0
26640.71101582732,0.0
26660.750018939358,0.0
26680.78902205139,0.0
26700.828025163428,0.0
26720.86702827546,0.0
26740.906031387498,0.0
26760.94503449953,0.0
26780.984037611568,0.0
26801.0230407236,0.0
26821.062043835638,0.0
26841.101046947675,0.0
26861.14005005971,0.0
26881.179053171745,0.0
26901.21805628378,0.0
26921.257059395815,0.0
26941.29606250785,0.0
26961.335065619885,0.0
26981.37406873192,0.0
27001.413071843956,0.0
27021.452074955992,0.0
27041.491078068026,0.0
27061.530081180063,0.0
27081.569084292096,0.0
27101.608087404133,0.0
27121.647090516166,0.0
27141.686093628203,0.0
27161.725096740236,0.0
27181.764099852273,0.0
27201.80310296431,0.0
27221.842106076343,0.0
27241.88110918838,0.0
27261.920112300413,0.0
27281.95911541245,0.0
27301.998118524483,0.0
27322.03712163652,0.0
27342.076124748553,0.0
27362.11512786059,0.0
27382.154130972627,0.0
27402.19313408466,0.0
27422.232137196697,0.0
27442.27114030873,0.0
27462.310143420767,0.0
27482.3491465328,0.0
27502.388149644838,0.0
27522.42715275687,0.0
27542.466155868908,0.0
27562.505158980945,0.0
27582.544162092978,0.0
27602.583165205015,0.0
27622.622168317048,0.0
27642.661171429085,0.0
27662.700174541118,0.0
27682.739177653155,0.0
27702.778180765188,0.0
27722.817183877225,0.0
27742.856186989262,0.0
27762.895190101295,0.0
27782.934193213332,0.0
27802.973196325365,0.0
27823.012199437402,0.0
27843.051202549435,0.0
27863.090205661472,0.0
27883.129208773506,0.0
27903.168211885542,0.0
27923.20721499758,0.0
27943.246218109613,0.0
27963.28522122165,0.0
27983.324224333683,0.0
28003.36322744572,0.0
28023.402230557753,0.0
28043.44123366979,0.0
28063.480236781823,0.0
28083.51923989386,0.0
28103.558243005897,0.0
28123.59724611793,0.0
28143.636249229967,0.0
28163.675252342,0.0
28183.714255454037,0.0
28203.75325856607,0.0
28223.792261678107,0.0
28243.83126479014,0.0
28263.870267902177,0.0
28283.909271014214,0.0
28303.948274126247,0.0
28323.987277238284,0.0
28344.026280350317,0.0
28364.065283462354,0.0
28384.104286574388,0.0
28404.143289686424,0.0
28424.182292798458,0.0
28444.221295910495,0.0
28464.26029902253,0.0
28484.299302134565,0.0
28504.3383052466,0.0
28524.377308358635,0.0
28544.41631147067,0.0
28564.455314582705,0.0
28584.49431769474,0.0
28604.533320806775,0.0
28624.572323918812,0.0
28644.61132703085,0.0
28664.650330142882,0.0
28684.68933325492,0.0
28704.728336366952,0.0
28724.76733947899,0.0
28744.806342591022,0.0
28764.84534570306,0.0
28784.884348815092,0.0
28804.92335192713,0.0
28824.962355039166,0.0
28845.0013581512,0.0
28865.040361263236,0.0
28885.07936437527,0.0
28905.118367487306,0.0
28925.15737059934,0.0
28945.196373711377,0.0
28965.23537682341,0.0
28985.274379935447,0.0
29005.313383047484,0.0
29025.352386159517,0.0
29045.391389271554,0.0
29065.430392383587,0.0
29085.469395495624,0.0
29105.508398607657,0.0
29125.547401719694,0.0
29145.586404831727,0.0
29165.625407943764,0.0
29185.6644110558,0.0
29205.703414167834,0.0
29225.74241727987,0.0
29245.781420391904,0.0
29265.82042350394,0.0
29285.859426615974,0.0
29305.89842972801,0.0
29325.937432840044,0.0
29345.97643595208,0.0
29366.01543906412,0.0
29386.05444217615,0.0
29406.09344528819,0.0
29426.13244840022,0.0
29446.17145151226,0.0
29466.21045462429,0.0
29486.24945773633,0.0
29506.288460848362,0.0
29526.3274639604,0.0
29546.366467072436,0.0
29566.40547018447,0.0
29586.444473296506,0.0
29606.48347640854,0.0
29626.522479520576,0.0
29646.56148263261,0.0
29666.600485744646,0.0
29686.63948885668,0.0
29706.678491968716,0.0
29726.717495080753,0.0
29746.756498192786,0.0
29766.795501304823,0.0
29786.834504416856,0.0
29806.873507528893,0.0
29826.912510640926,0.0
29846.951513752963,0.0
29866.990516864997,0.0
29887.029519977033,0.0
29907.06852308907,0.0
29927.107526201104,0.0
29947.14652931314,0.0
29967.185532425174,0.0
29987.22453553721,0.0
30007.263538649244,0.0
30027.30254176128,0.0
30047.341544873314,0.0
30067.38054798535,0.0
30087.419551097388,0.0
30107.45855420942,0.0
30127.497557321458,0.0
30147.53656043349,0.0
30167.575563545528,0.0
30187.61456665756,0.0
30207.653569769598,0.0
30227.69257288163,0.0
30247.73157599367,0.0
30267.770579105705,0.0
30287.80958221774,0.0
30307.848585329775,0.0
30327.88758844181,0.0
30347.926591553845,0.0
30367.96559466588,0.0
30388.004597777915,0.0
30408.04360088995,0.0
30428.082604001986,0.0
30448.121607114022,0.0
30468.160610226056,0.0
30488.199613338093,0.0
30508.238616450126,0.0
30528.277619562163,0.0
30548.316622674196,0.0
30568.355625786233,0.0
30588.394628898266,0.0
30608.433632010303,0.0
30628.47263512234,0.0
30648.511638234373,0.0
30668.55064134641,0.0
30688.589644458443,0.0
30708.62864757048,0.0
30728.667650682513,0.0
30748.70665379455,0.0
30768.745656906587,0.0
30788.78466001862,0.0
30808.823663130657,0.0
30828.86266624269,0.0
30848.901669354727,0.0
30868.94067246676,0.0
30888.979675578797,0.0
30909.01867869083,0.0
30929.057681802868,0.0
30949.096684914904,0.0
30969.135688026938,0.0
30989.174691138975,0.0
31009.213694251008,0.0
31029.252697363045,0.0
31049.291700475078,0.0
31069.330703587115,0.0
31089.369706699148,0.0
31109.408709811185,0.0
31129.447712923222,0.0
31149.486716035255,0.0
31169.525719147292,0.0
31189.564722259325,0.0
31209.603725371362,0.0
31229.642728483395,0.0
31249.681731595432,0.0
31269.720734707465,0.0
31289.759737819502,0.0
31309.79874093154,0.0
31329.837744043572,0.0
31349.87674715561,0.0
31369.915750267643,0.0
31389.95475337968,0.0
31409.993756491713,0.0
31430.03275960375,0.0
31450.071762715783,0.0
31470.11076582782,0.0
31490.149768939857,0.0
31510.18877205189,0.0
31530.227775163927,0.0
31550.26677827596,0.0
31570.305781387997,0.0
31590.34478450003,0.0
31610.383787612067,0.0
31630.4227907241,0.0
31650.461793836137,0.0
31670.500796948174,0.0
31690.539800060207,0.0
31710.578803172244,0.0
31730.617806284277,0.0
31750.656809396314,0.0
31770.695812508347,0.0
31790.734815620384,0.0
31810.773818732418,0.0
31830.812821844454,0.0
31850.85182495649,0.0
31870.890828068525,0.0
31890.92983118056,0.0
31910.968834292595,0.0
31931.00783740463,0.0
31951.046840516665,0.0
31971.0858436287,0.0
31991.124846740735,0.0
32011.16384985277,0.0
32031.20285296481,0.0
32051.241856076842,0.0
32071.28085918888,0.0
32091.319862300912,0.0
32111.35886541295,0.0
32131.397868524982,0.0
32151.43687163702,0.0
32171.475874749052,0.0
32191.51487786109,0.0
32211.553880973126,0.0
32231.59288408516,0.0
32251.631887197196,0.0
32271.67089030923,0.0
32291.709893421266,0.0
32311.7488965333,0.0
32331.787899645336,0.0
32351.82690275737,0.0
32371.865905869407,0.0
32391.904908981443,0.0
32411.943912093477,0.0
32431.982915205514,0.0
32452.021918317547,0.0
32472.060921429584,0.0
32492.099924541617,0.0
32512.138927653654,0.0
32532.177930765687,0.0
32552.216933877724,0.0
32572.25593698976,0.0
32592.294940101794,0.0
32612.33394321383,0.0
32632.372946325864,0.0
32652.4119494379,0.0
32672.450952549934,0.0
32692.48995566197,0.0
32712.528958774004,0.0
32732.56796188604,0.0
32752.60696499808,0.0
32772.64596811012,0.0
32792.68497122215,0.0
32812.723974334185,0.0
32832.76297744622,0.0
32852.80198055826,0.0
32872.84098367029,0.0
32892.879986782325,0.0
32912.91898989436,0.0
32932.9579930064,0.0
32952.99699611843,0.0
32973.035999230466,0.0
32993.075002342506,0.0
33013.11400545454,0.0
33033.15300856657,0.0
33053.192011678606,0.0
33073.23101479065,0.0
33093.27001790268,0.0
33113.30902101471,0.0
33133.34802412675,0.0
33153.38702723879,0.0
33173.42603035082,0.0
33193.46503346285,0.0
33213.504036574894,0.0
33233.54303968693,0.0
33253.58204279896,0.0
33273.62104591099,0.0
33293.660049023034,0.0
33313.69905213507,0.0
33333.7380552471,0.0
33353.77705835914,0.0
33373.816061471174,0.0
33393.85506458321,0.0
33413.89406769524,0.0
33433.93307080728,0.0
33453.972073919314,0.0
33474.01107703135,0.0
33494.05008014339,0.0
33514.08908325542,0.0
33534.128086367455,0.0
33554.16708947949,0.0
33574.20609259153,0.0
33594.24509570356,0.0
33614.284098815595,0.0
33634.32310192763,0.0
33654.36210503967,0.0
33674.4011081517,0.0
33694.440111263735,0.0
33714.479114375776,0.0
33734.51811748781,0.0
33754.55712059984,0.0
33774.596123711875,0.0
33794.635126823916,0.0
33814.67412993595,0.0
33834.71313304798,0.0
33854.75213616002,0.0
33874.791139272056,0.0
33894.83014238409,0.0
33914.86914549612,0.0
33934.90814860816,0.0
33954.9471517202,0.0
33974.98615483223,0.0
33995.02515794426,0.0
34015.0641610563,0.0
34035.10316416834,0.0
34055.14216728037,0.0
34075.18117039241,0.0
34095.220173504444,0.0
34115.25917661648,0.0
34135.29817972851,0.0
34155.33718284055,0.0
34175.376185952584,0.0
34195.41518906462,0.0
34215.45419217666,0.0
34235.49319528869,0.0
34255.532198400724,0.0
34275.57120151276,0.0
34295.6102046248,0.0
34315.64920773683,0.0
34335.688210848864,0.0
34355.7272139609,0.0
34375.76621707294,0.0
34395.80522018497,0.0
34415.844223297005,0.0
34435.883226409045,0.0
34455.92222952108,0.0
34475.96123263311,0.0
34496.000235745145,0.0
34516.039238857185,0.0
34536.07824196922,0.0
34556.11724508125,0.0
34576.15624819329,0.0
34596.195251305326,0.0
34616.23425441736,0.0
34636.27325752939,0.0
34656.31226064143,0.0
34676.351263753466,0.0
34696.3902668655,0.0
34716.42926997753,0.0
34736.46827308957,0.0
34756.507276201606,0.0
34776.54627931364,0.0
34796.58528242568,0.0
34816.62428553771,0.0
34836.66328864975,0.0
34856.70229176178,0.0
34876.74129487382,0.0
34896.78029798585,0.0
34916.81930109789,0.0
34936.85830420993,0.0
34956.89730732196,0.0
34976.936310433994,0.0
34996.97531354603,0.0
35017.01431665807,0.0
35037.0533197701,0.0
35057.092322882134,0.0
35077.13132599417,0.0
35097.17032910621,0.0
35117.20933221824,0.0
35137.248335330274,0.0
35157.287338442315,0.0
35177.32634155435,0.0
35197.36534466638,0.0
35217.404347778414,0.0
35237.443350890455,0.0
35257.48235400249,0.0
35277.52135711452,0.0
35297.56036022656,0.0
35317.599363338595,0.0
35337.63836645063,0.0
35357.67736956266,0.0
35377.7163726747,0.0
35397.755375786735,0.0
35417.79437889877,0.0
35437.8333820108,0.0
35457.87238512284,0.0
35477.911388234876,0.0
35497.95039134691,0.0
35517.98939445895,0.0
35538.02839757098,0.0
35558.067400683016,0.0
35578.10640379505,0.0
35598.14540690709,0.0
35618.18441001912,0.0
35638.223413131156,0.0
35658.2624162432,0.0
35678.30141935523,0.0
35698.34042246726,0.0
35718.3794255793,0.0
35738.41842869134,0.0
35758.45743180337,0.0
35778.4964349154,0.0
35798.53543802744,0.0
35818.57444113948,0.0
35838.61344425151,0.0
35858.65244736354,0.0
35878.691450475584,0.0
35898.73045358762,0.0
35918.76945669965,0.0
35938.808459811684,0.0
35958.847462923724,0.0
35978.88646603576,0.0
35998.92546914779,0.0
36018.96447225983,0.0
36039.003475371865,0.0
36059.0424784839,0.0
36079.08148159593,0.0
36099.12048470797,0.0
36119.159487820005,0.0
36139.19849093204,0.0
36159.23749404407,0.0
36179.27649715611,0.0
36199.315500268145,0.0
36219.35450338018,0.0
36239.39350649222,0.0
36259.43250960425,0.0
36279.471512716285,0.0
36299.51051582832,0.0
36319.54951894036,0.0
36339.58852205239,0.0
36359.627525164426,0.0
36379.666528276466,0.0
36399.7055313885,0.0
36419.74453450053,0.0
36439.783537612566,0.0
36459.82254072461,0.0
36479.86154383664,0.0
36499.90054694867,0.0
36519.939550060706,0.0
36539.97855317275,0.0
36560.01755628478,0.0
36580.05655939681,0.0
36600.09556250885,0.0
36620.13456562089,0.0
36640.17356873292,0.0
36660.21257184495,0.0
36680.251574956994,0.0
36700.29057806903,0.0
36720.32958118106,0.0
36740.3685842931,0.0
36760.407587405134,0.0
36780.44659051717,0.0
36800.4855936292,0.0
36820.52459674124,0.0
36840.563599853274,0.0
36860.60260296531,0.0
36880.64160607734,0.0
36900.68060918938,0.0
36920.719612301415,0.0
36940.75861541345,0.0
36960.79761852549,0.0
36980.83662163752,0.0
37000.875624749555,0.0
37020.91462786159,0.0
37040.95363097363,0.0
37060.99263408566,0.0
37081.031637197695,0.0
37101.070640309736,0.0
37121.10964342177,0.0
37141.1486465338,0.0
37161.187649645835,0.0
37181.226652757876,0.0
37201.26565586991,0.0
37221.30465898194,0.0
37241.343662093976,0.0
37261.382665206016,0.0
37281.42166831805,0.0
37301.46067143008,0.0
37321.49967454212,0.0
37341.538677654156,0.0
37361.57768076619,0.0
37381.61668387822,0.0
37401.65568699026,0.0
37421.6946901023,0.0
37441.73369321433,0.0
37461.77269632637,0.0
37481.8116994384,0.0
37501.85070255044,0.0
37521.88970566247,0.0
37541.92870877451,0.0
37561.967711886544,0.0
37582.00671499858,0.0
37602.04571811061,0.0
37622.08472122265,0.0
37642.123724334684,0.0
37662.16272744672,0.0
37682.20173055876,0.0
37702.24073367079,0.0
37722.279736782824,0.0
37742.31873989486,0.0
37762.3577430069,0.0
37782.39674611893,0.0
37802.435749230965,0.0
37822.474752343005,0.0
37842.51375545504,0.0
37862.55275856707,0.0
37882.591761679105,0.0
37902.630764791145,0.0
37922.66976790318,0.0
37942.70877101521,0.0
37962.747774127245,0.0
37982.786777239286,0.0
38002.82578035132,0.0
38022.86478346335,0.0
38042.90378657539,0.0
38062.942789687426,0.0
38082.98179279946,0.0
38103.02079591149,0.0
38123.05979902353,0.0
38143.098802135566,0.0
38163.1378052476,0.0
38183.17680835964,0.0
38203.21581147167,0.0
38223.254814583706,0.0
38243.29381769574,0.0
38263.33282080778,0.0
38283.37182391981,0.0
38303.41082703185,0.0
38323.44983014388,0.0
38343.48883325592,0.0
38363.52783636795,0.0
38383.56683947999,0.0
38403.60584259203,0.0
38423.64484570406,0.0
38443.683848816094,0.0
38463.72285192813,0.0
38483.76185504017,0.0
38503.8008581522,0.0
38523.839861264234,0.0
38543.878864376275,0.0
38563.91786748831,0.0
38583.95687060034,0.0
38603.995873712374,0.0
38624.034876824415,0.0
38644.07387993645,0.0
38664.11288304848,0.0
38684.151886160515,0.0
38704.190889272555,0.0
38724.22989238459,0.0
38744.26889549662,0.0
38764.30789860866,0.0
38784.346901720695,0.0
38804.38590483273,0.0
38824.42490794476,0.0
38844.4639110568,0.0
38864.502914168836,0.0
38884.54191728087,0.0
38904.58092039291,0.0
38924.61992350494,0.0
38944.658926616976,0.0
38964.69792972901,0.0
38984.73693284105,0.0
39004.77593595308,0.0
39024.814939065116,0.0
39044.85394217715,0.0
39064.89294528919,0.0
39084.93194840122,0.0
39104.970951513256,0.0
39125.0099546253,0.0
39145.04895773733,0.0
39165.08796084936,0.0
39185.1269639614,0.0
39205.16596707344,0.0
39225.20497018547,0.0
39245.2439732975,0.0
39265.282976409544,0.0
39285.32197952158,0.0
39305.36098263361,0.0
39325.399985745644,0.0
39345.438988857684,0.0
39365.47799196972,0.0
39385.51699508175,0.0
39405.555998193784,0.0
39425.595001305825,0.0
39445.63400441786,0.0
39465.67300752989,0.0
39485.71201064193,0.0
39505.751013753965,0.0
39525.790016866,0.0
39545.82901997803,0.0
39565.86802309007,0.0
39585.907026202105,0.0
39605.94602931414,0.0
39625.98503242618,0.0
39646.02403553821,0.0
39666.063038650245,0.0
39686.10204176228,0.0
39706.14104487432,0.0
39726.18004798635,0.0
39746.219051098386,0.0
39766.25805421042,0.0
39786.29705732246,0.0
39806.33606043449,0.0
39826.375063546526,0.0
39846.414066658566,0.0
39866.4530697706,0.0
39886.49207288263,0.0
39906.531075994666,0.0
39926.57007910671,0.0
39946.60908221874,0.0
39966.64808533077,0.0
39986.68708844281,0.0
40006.72609155485,0.0
40026.76509466688,0.0
40046.80409777891,0.0
40066.843100890954,0.0
40086.88210400299,0.0
40106.92110711502,0.0
40126.96011022705,0.0
40146.999113339094,0.0
40167.03811645113,0.0
40187.07711956316,0.0
40207.1161226752,0.0
40227.155125787234,0.0
40247.19412889927,0.0
40267.2331320113,0.0
40287.27213512334,0.0
40307.311138235375,0.0
40327.35014134741,0.0
40347.38914445945,0.0
40367.42814757148,0.0
40387.467150683515,0.0
40407.50615379555,0.0
40427.54515690759,0.0
40447.58416001962,0.0
40467.623163131655,0.0
40487.66216624369,0.0
40507.70116935573,0.0
40527.74017246776,0.0
40547.779175579795,0.0
40567.818178691836,0.0
40587.85718180387,0.0
40607.8961849159,0.0
40627.935188027936,0.0
40647.974191139976,0.0
40668.01319425201,0.0
40688.05219736404,0.0
40708.09120047608,0.0
40728.130203588116,0.0
40748.16920670015,0.0
40768.20820981218,0.0
40788.24721292422,0.0
40808.28621603626,0.0
40828.32521914829,0.0
40848.36422226032,0.0
40868.40322537236,0.0
40888.4422284844,0.0
40908.48123159643,0.0
40928.52023470847,0.0
40948.559237820504,0.0
40968.59824093254,0.0
40988.63724404457,0.0
41008.67624715661,0.0
