Energy (keV),Intensity (CPS)
-11.315382017736038,0.0
8.723496805913513,0.0
28.762375629563063,0.0
48.80125445321261,0.0
68.84013327686216,0.0
88.87901210051172,0.0
108.91789092416126,0.0
128.95676974781082,0.0
148.99564857146038,0.0
169.03452739510993,0.0
189.0734062187595,0.0
209.11228504240904,0.0
229.15116386605857,0.0
249.19004268970812,0.0
269.22892151335765,0.0
289.2678003370072,0.0
309.30667916065676,0.0
329.3455579843063,0.42223450154823194
349.38443680795586,0.0
369.4233156316054,0.42223450154823194
389.462194455255,0.42223450154823194
409.5010732789045,1.6889380061929278
429.5399521025541,2.1111725077411596
449.57883092620364,0.8444690030964639
469.61770974985313,2.533407009289392
489.6565885735027,2.9556415108376237
509.69546739715224,2.9556415108376237
529.7343462208019,2.9556415108376237
549.7732250444514,3.3778760123858556
569.812103868101,3.3778760123858556
589.8509826917505,2.1111725077411596
609.8898615154001,3.3778760123858556
629.9287403390496,3.3778760123858556
649.9676191626991,7.600221027868175
670.0064979863487,6.333517523223479
690.0453768099982,8.444690030964638
710.0842556336478,10.5558625387058
730.1231344572973,8.022455529416407
750.1620132809469,8.444690030964638
770.2008921045964,8.86692453251287
790.239770928246,6.333517523223479
810.2786497518955,8.022455529416407
830.3175285755451,6.333517523223479
850.3564073991946,5.911283021675247
870.3952862228442,4.644579517030551
890.4341650464937,8.444690030964638
910.4730438701433,8.022455529416407
930.5119226937928,6.755752024771711
950.5508015174423,4.222345015482319
970.5896803410919,5.066814018578784
990.6285591647414,3.3778760123858556
1010.667437988391,6.755752024771711
1030.7063168120405,6.333517523223479
1050.7451956356902,9.289159034061102
1070.7840744593398,5.066814018578784
1090.8229532829891,9.289159034061102
1110.8618321066388,7.600221027868175
1130.9007109302884,8.86692453251287
1150.939589753938,7.600221027868175
1170.9784685775874,5.066814018578784
1191.017347401237,7.177986526319943
1211.0562262248866,3.3778760123858556
1231.0951050485362,3.8001105139340874
1251.1339838721856,6.755752024771711
1271.1728626958352,5.911283021675247
1291.2117415194848,5.066814018578784
1311.2506203431342,4.644579517030551
1331.2894991667838,7.177986526319943
1351.3283779904334,5.911283021675247
1371.367256814083,6.755752024771711
1391.4061356377324,5.489048520127016
1411.445014461382,5.066814018578784
1431.4838932850316,5.489048520127016
1451.5227721086812,5.489048520127016
1471.5616509323306,5.066814018578784
1491.6005297559802,5.911283021675247
1511.6394085796298,5.911283021675247
1531.6782874032795,6.755752024771711
1551.7171662269288,6.755752024771711
1571.7560450505785,5.911283021675247
1591.794923874228,5.066814018578784
1611.8338026978774,7.177986526319943
1631.872681521527,5.911283021675247
1651.9115603451767,5.911283021675247
1671.9504391688263,5.489048520127016
1691.9893179924757,5.489048520127016
1712.0281968161253,4.644579517030551
1732.0670756397749,4.222345015482319
1752.1059544634245,4.644579517030551
1772.1448332870739,4.644579517030551
1792.1837121107235,2.533407009289392
1812.222590934373,3.3778760123858556
1832.2614697580227,6.333517523223479
1852.300348581672,3.8001105139340874
1872.3392274053217,7.600221027868175
1892.3781062289713,4.644579517030551
1912.4169850526207,5.066814018578784
1932.4558638762703,3.8001105139340874
1952.49474269992,5.066814018578784
1972.5336215235695,8.86692453251287
1992.572500347219,4.222345015482319
2012.6113791708685,9.711393535609334
2032.6502579945181,3.3778760123858556
2052.6891368181678,8.444690030964638
2072.7280156418174,5.911283021675247
2092.766894465467,6.333517523223479
2112.8057732891166,5.489048520127016
2132.844652112766,4.222345015482319
2152.883530936416,5.489048520127016
2172.9224097600654,7.600221027868175
2192.9612885837146,5.911283021675247
2213.000167407364,4.222345015482319
2233.039046231014,5.911283021675247
2253.0779250546634,5.489048520127016
2273.116803878313,3.3778760123858556
2293.1556827019626,5.489048520127016
2313.1945615256122,5.489048520127016
2333.2334403492614,5.489048520127016
2353.272319172911,6.755752024771711
2373.3111979965606,7.177986526319943
2393.3500768202102,5.489048520127016
2413.38895564386,4.644579517030551
2433.4278344675095,5.066814018578784
2453.466713291159,5.066814018578784
2473.5055921148087,6.333517523223479
2493.544470938458,5.066814018578784
2513.5833497621074,6.333517523223479
2533.622228585757,8.022455529416407
2553.6611074094067,5.489048520127016
2573.6999862330563,7.600221027868175
2593.738865056706,5.911283021675247
2613.7777438803555,4.644579517030551
2633.8166227040047,5.066814018578784
2653.8555015276543,2.9556415108376237
2673.894380351304,2.9556415108376237
2693.9332591749535,1.6889380061929278
2713.972137998603,5.911283021675247
2734.0110168222527,7.177986526319943
2754.0498956459023,5.911283021675247
2774.088774469552,5.066814018578784
2794.127653293201,3.3778760123858556
2814.1665321168507,2.9556415108376237
2834.2054109405003,3.8001105139340874
2854.24428976415,2.9556415108376237
2874.2831685877995,4.222345015482319
2894.322047411449,5.911283021675247
2914.3609262350988,6.755752024771711
2934.399805058748,5.489048520127016
2954.4386838823975,4.222345015482319
2974.477562706047,5.489048520127016
2994.5164415296967,2.9556415108376237
3014.5553203533464,4.222345015482319
3034.594199176996,3.8001105139340874
3054.6330780006456,6.333517523223479
3074.671956824295,3.8001105139340874
3094.7108356479444,8.444690030964638
3114.749714471594,4.644579517030551
3134.7885932952436,3.8001105139340874
3154.827472118893,2.533407009289392
3174.866350942543,2.1111725077411596
3194.9052297661924,3.8001105139340874
3214.944108589842,3.8001105139340874
3234.982987413491,5.489048520127016
3255.021866237141,4.644579517030551
3275.0607450607904,4.222345015482319
3295.09962388444,4.644579517030551
3315.1385027080896,7.177986526319943
3335.1773815317392,5.066814018578784
3355.216260355389,4.644579517030551
3375.2551391790385,4.644579517030551
3395.2940180026876,3.8001105139340874
3415.332896826337,2.9556415108376237
3435.371775649987,9.711393535609334
3455.4106544736364,3.8001105139340874
3475.449533297286,4.644579517030551
3495.4884121209357,4.222345015482319
3515.5272909445853,3.3778760123858556
3535.5661697682344,3.8001105139340874
3555.605048591884,5.911283021675247
3575.6439274155337,5.489048520127016
3595.6828062391833,3.8001105139340874
3615.721685062833,5.489048520127016
3635.7605638864825,2.9556415108376237
3655.799442710132,5.489048520127016
3675.8383215337817,6.755752024771711
3695.877200357431,6.333517523223479
3715.9160791810805,3.8001105139340874
3735.95495800473,5.911283021675247
3755.9938368283797,6.755752024771711
3776.0327156520293,5.066814018578784
3796.071594475679,5.066814018578784
3816.1104732993285,2.9556415108376237
3836.1493521229777,5.911283021675247
3856.1882309466273,4.644579517030551
3876.227109770277,2.9556415108376237
3896.2659885939265,5.911283021675247
3916.304867417576,5.489048520127016
3936.3437462412257,3.8001105139340874
3956.3826250648754,4.644579517030551
3976.421503888525,2.9556415108376237
3996.460382712174,5.911283021675247
4016.4992615358237,2.9556415108376237
4036.5381403594733,2.1111725077411596
4056.577019183123,2.9556415108376237
4076.6158980067726,3.8001105139340874
4096.654776830422,3.3778760123858556
4116.693655654071,2.1111725077411596
4136.732534477721,4.222345015482319
4156.771413301371,5.489048520127016
4176.81029212502,3.8001105139340874
4196.84917094867,2.9556415108376237
4216.888049772319,2.9556415108376237
4236.926928595969,3.8001105139340874
4256.965807419619,2.1111725077411596
4277.004686243268,2.9556415108376237
4297.043565066918,5.066814018578784
4317.082443890567,3.3778760123858556
4337.121322714217,2.9556415108376237
4357.160201537867,3.3778760123858556
4377.199080361515,3.8001105139340874
4397.237959185165,4.644579517030551
4417.276838008815,4.644579517030551
4437.315716832464,3.3778760123858556
4457.354595656114,2.1111725077411596
4477.393474479763,2.1111725077411596
4497.432353303413,5.066814018578784
4517.471232127063,0.8444690030964639
4537.510110950712,2.9556415108376237
4557.548989774362,3.3778760123858556
4577.5878685980115,1.266703504644696
4597.626747421661,1.266703504644696
4617.665626245311,4.222345015482319
4637.70450506896,2.9556415108376237
4657.74338389261,2.1111725077411596
4677.782262716259,1.266703504644696
4697.821141539908,2.533407009289392
4717.860020363558,2.9556415108376237
4737.8988991872075,2.533407009289392
4757.937778010857,4.222345015482319
4777.976656834507,2.1111725077411596
4798.015535658156,1.266703504644696
4818.054414481806,2.1111725077411596
4838.0932933054555,1.6889380061929278
4858.132172129105,2.9556415108376237
4878.171050952755,1.6889380061929278
4898.209929776404,1.266703504644696
4918.248808600054,2.533407009289392
4938.287687423704,4.644579517030551
4958.326566247353,1.266703504644696
4978.365445071002,2.9556415108376237
4998.4043238946515,1.266703504644696
5018.443202718301,3.3778760123858556
5038.482081541951,1.6889380061929278
5058.5209603656,1.6889380061929278
5078.55983918925,3.3778760123858556
5098.5987180129,4.222345015482319
5118.637596836549,1.266703504644696
5138.676475660199,2.533407009289392
5158.715354483848,2.1111725077411596
5178.754233307498,2.9556415108376237
5198.793112131148,0.8444690030964639
5218.831990954797,1.266703504644696
5238.870869778447,1.266703504644696
5258.909748602096,0.8444690030964639
5278.948627425745,1.6889380061929278
5298.987506249395,2.1111725077411596
5319.026385073044,3.3778760123858556
5339.065263896694,1.266703504644696
5359.104142720344,1.6889380061929278
5379.143021543993,2.533407009289392
5399.181900367643,1.6889380061929278
5419.220779191292,1.6889380061929278
5439.259658014942,1.266703504644696
5459.298536838592,0.8444690030964639
5479.337415662241,2.9556415108376237
5499.376294485891,0.8444690030964639
5519.4151733095405,0.42223450154823194
5539.45405213319,2.533407009289392
5559.49293095684,0.8444690030964639
5579.531809780488,1.266703504644696
5599.570688604138,2.9556415108376237
5619.609567427788,0.8444690030964639
5639.648446251437,1.266703504644696
5659.687325075087,0.42223450154823194
5679.7262038987365,1.6889380061929278
5699.765082722386,0.8444690030964639
5719.803961546036,1.6889380061929278
5739.842840369685,1.266703504644696
5759.881719193335,1.266703504644696
5779.9205980169845,0.0
5799.959476840634,1.6889380061929278
5819.998355664284,1.266703504644696
5840.037234487933,1.266703504644696
5860.076113311583,2.1111725077411596
5880.114992135232,1.266703504644696
5900.153870958881,0.42223450154823194
5920.192749782531,0.42223450154823194
5940.2316286061805,1.266703504644696
5960.27050742983,2.1111725077411596
5980.30938625348,0.8444690030964639
6000.348265077129,0.8444690030964639
6020.387143900779,0.0
6040.426022724429,0.8444690030964639
6060.464901548078,0.42223450154823194
6080.503780371728,1.266703504644696
6100.542659195377,0.8444690030964639
6120.581538019027,1.266703504644696
6140.620416842677,1.266703504644696
6160.659295666326,0.8444690030964639
6180.698174489975,1.266703504644696
6200.7370533136245,1.266703504644696
6220.775932137274,0.8444690030964639
6240.814810960924,2.9556415108376237
6260.853689784573,0.8444690030964639
6280.892568608223,1.266703504644696
6300.931447431873,0.0
6320.970326255522,0.8444690030964639
6341.009205079172,1.266703504644696
6361.048083902821,1.266703504644696
6381.086962726471,0.8444690030964639
6401.125841550121,0.8444690030964639
6421.16472037377,1.6889380061929278
6441.20359919742,1.266703504644696
6461.2424780210695,2.1111725077411596
6481.281356844718,1.6889380061929278
6501.320235668368,0.42223450154823194
6521.359114492017,0.42223450154823194
6541.397993315667,0.8444690030964639
6561.436872139317,0.8444690030964639
6581.475750962966,0.0
6601.514629786616,0.8444690030964639
6621.553508610265,0.42223450154823194
6641.592387433915,0.8444690030964639
6661.631266257565,1.266703504644696
6681.670145081214,1.266703504644696
6701.709023904864,0.8444690030964639
6721.7479027285135,0.0
6741.786781552163,0.0
6761.825660375813,0.8444690030964639
6781.864539199461,0.8444690030964639
6801.903418023111,0.0
6821.942296846761,0.42223450154823194
6841.98117567041,0.8444690030964639
6862.02005449406,0.42223450154823194
6882.0589333177095,0.8444690030964639
6902.097812141359,0.42223450154823194
6922.136690965009,0.8444690030964639
6942.175569788658,0.42223450154823194
6962.214448612308,0.0
6982.2533274359575,0.42223450154823194
7002.292206259607,0.42223450154823194
7022.331085083257,0.8444690030964639
7042.369963906906,0.0
7062.408842730556,0.8444690030964639
7082.447721554205,0.8444690030964639
7102.486600377854,0.42223450154823194
7122.525479201504,0.42223450154823194
7142.5643580251535,0.0
7162.603236848803,0.8444690030964639
7182.642115672453,0.42223450154823194
7202.680994496102,0.0
7222.719873319752,0.0
7242.758752143402,0.8444690030964639
7262.797630967051,0.42223450154823194
7282.836509790701,0.42223450154823194
7302.87538861435,0.42223450154823194
7322.914267438,0.42223450154823194
7342.95314626165,0.42223450154823194
7362.992025085299,0.0
7383.030903908948,0.8444690030964639
7403.069782732598,1.6889380061929278
7423.108661556247,0.42223450154823194
7443.147540379897,1.266703504644696
7463.186419203546,1.266703504644696
7483.225298027196,0.42223450154823194
7503.264176850846,0.8444690030964639
7523.303055674495,0.42223450154823194
7543.341934498145,0.42223450154823194
7563.380813321794,0.42223450154823194
7583.419692145444,0.8444690030964639
7603.458570969094,0.42223450154823194
7623.497449792743,0.0
7643.536328616393,0.42223450154823194
7663.5752074400425,0.8444690030964639
7683.614086263691,0.42223450154823194
7703.652965087341,0.8444690030964639
7723.69184391099,0.8444690030964639
7743.73072273464,0.42223450154823194
7763.76960155829,0.42223450154823194
7783.808480381939,0.0
7803.847359205589,0.42223450154823194
7823.8862380292385,0.42223450154823194
7843.925116852888,1.266703504644696
7863.963995676538,0.42223450154823194
7884.002874500187,0.0
7904.041753323837,0.42223450154823194
7924.0806321474865,1.266703504644696
7944.119510971136,2.533407009289392
7964.158389794786,1.6889380061929278
7984.197268618435,2.1111725077411596
8004.236147442084,2.9556415108376237
8024.275026265734,2.533407009289392
8044.313905089383,3.3778760123858556
8064.352783913033,2.9556415108376237
8084.3916627366825,3.3778760123858556
8104.430541560332,2.533407009289392
8124.469420383982,1.6889380061929278
8144.508299207631,0.42223450154823194
8164.547178031281,0.8444690030964639
8184.586056854931,0.8444690030964639
8204.62493567858,0.0
8224.66381450223,0.42223450154823194
8244.702693325878,0.0
8264.741572149529,1.266703504644696
8284.780450973178,0.0
8304.819329796828,0.42223450154823194
8324.858208620477,0.42223450154823194
8344.897087444127,1.266703504644696
8364.935966267776,0.42223450154823194
8384.974845091427,0.42223450154823194
8405.013723915075,1.266703504644696
8425.052602738726,0.0
8445.091481562375,0.8444690030964639
8465.130360386023,0.42223450154823194
8485.169239209674,2.1111725077411596
8505.208118033323,1.6889380061929278
8525.246996856973,3.3778760123858556
8545.285875680622,2.533407009289392
8565.324754504272,5.066814018578784
8585.363633327921,8.022455529416407
8605.402512151571,10.978097040254031
8625.44139097522,14.355973052639886
8645.48026979887,12.244800544898727
8665.51914862252,8.444690030964638
8685.55802744617,8.022455529416407
8705.596906269819,7.177986526319943
8725.63578509347,2.9556415108376237
8745.674663917118,3.3778760123858556
8765.713542740767,2.1111725077411596
8785.752421564417,0.8444690030964639
8805.791300388066,0.8444690030964639
8825.830179211716,0.0
8845.869058035365,0.42223450154823194
8865.907936859016,0.0
8885.946815682664,1.6889380061929278
8905.985694506315,0.8444690030964639
8926.024573329963,0.0
8946.063452153614,0.8444690030964639
8966.102330977263,0.0
8986.141209800913,0.0
9006.180088624562,0.8444690030964639
9026.218967448212,0.0
9046.257846271861,0.0
9066.29672509551,0.8444690030964639
9086.33560391916,0.0
9106.374482742809,0.0
9126.41336156646,0.42223450154823194
9146.452240390108,0.42223450154823194
9166.491119213759,0.42223450154823194
9186.529998037407,0.42223450154823194
9206.568876861058,0.42223450154823194
9226.607755684707,0.42223450154823194
9246.646634508357,0.0
9266.685513332006,0.0
9286.724392155656,0.42223450154823194
9306.763270979305,0.0
9326.802149802956,0.8444690030964639
9346.841028626604,0.42223450154823194
9366.879907450253,0.42223450154823194
9386.918786273904,0.42223450154823194
9406.957665097552,1.266703504644696
9426.996543921203,1.6889380061929278
9447.035422744852,1.266703504644696
9467.074301568502,0.42223450154823194
9487.11318039215,0.42223450154823194
9507.152059215801,1.266703504644696
9527.19093803945,1.266703504644696
9547.2298168631,4.222345015482319
9567.26869568675,3.3778760123858556
9587.3075745104,2.1111725077411596
9607.346453334048,0.8444690030964639
9627.385332157699,0.8444690030964639
9647.424210981348,0.0
9667.463089804996,0.8444690030964639
9687.501968628647,0.42223450154823194
9707.540847452296,0.42223450154823194
9727.579726275946,0.42223450154823194
9747.618605099595,0.0
9767.657483923245,1.266703504644696
9787.696362746894,0.42223450154823194
9807.735241570545,0.0
9827.774120394193,0.8444690030964639
9847.812999217844,0.0
9867.851878041492,0.0
9887.890756865143,0.0
9907.929635688792,0.0
9927.968514512442,0.0
9948.00739333609,0.0
9968.04627215974,0.0
9988.08515098339,0.0
10008.124029807039,0.0
10028.16290863069,0.0
10048.201787454338,0.42223450154823194
10068.240666277989,0.0
10088.279545101637,0.0
10108.318423925288,0.8444690030964639
10128.357302748936,0.0
10148.396181572587,0.42223450154823194
10168.435060396236,0.0
10188.473939219886,0.0
10208.512818043535,0.0
10228.551696867185,0.0
10248.590575690834,0.0
10268.629454514483,0.0
10288.668333338133,0.8444690030964639
10308.707212161782,0.42223450154823194
10328.746090985433,0.42223450154823194
10348.784969809081,0.0
10368.823848632732,0.42223450154823194
10388.86272745638,0.42223450154823194
10408.901606280031,0.0
10428.94048510368,0.42223450154823194
10448.97936392733,0.0
10469.018242750979,0.0
10489.05712157463,0.0
10509.096000398278,0.42223450154823194
10529.134879221929,0.42223450154823194
10549.173758045577,0.42223450154823194
10569.212636869226,0.0
10589.251515692877,0.42223450154823194
10609.290394516525,0.8444690030964639
10629.329273340176,0.0
10649.368152163825,1.266703504644696
10669.407030987475,2.1111725077411596
10689.445909811124,1.6889380061929278
10709.484788634774,2.533407009289392
10729.523667458423,5.066814018578784
10749.562546282074,3.8001105139340874
10769.601425105722,6.333517523223479
10789.640303929373,11.400331541802263
10809.679182753021,12.244800544898727
10829.718061576672,8.86692453251287
10849.75694040032,8.86692453251287
10869.79581922397,10.978097040254031
10889.83469804762,6.333517523223479
10909.873576871269,4.222345015482319
10929.91245569492,5.066814018578784
10949.951334518568,2.9556415108376237
10969.990213342218,2.533407009289392
10990.029092165867,1.266703504644696
11010.067970989518,1.266703504644696
11030.106849813166,0.0
11050.145728636817,1.266703504644696
11070.184607460465,0.8444690030964639
11090.223486284116,0.0
11110.262365107765,0.42223450154823194
11130.301243931415,0.0
11150.340122755064,0.42223450154823194
11170.379001578713,0.0
11190.417880402363,0.0
11210.456759226012,0.42223450154823194
11230.495638049662,0.0
11250.534516873311,0.42223450154823194
11270.573395696962,0.0
11290.61227452061,0.0
11310.65115334426,0.0
11330.69003216791,0.0
11350.72891099156,0.0
11370.767789815209,0.0
11390.80666863886,0.42223450154823194
11410.845547462508,0.0
11430.884426286158,0.0
11450.923305109807,0.0
11470.962183933456,0.0
11491.001062757106,0.0
11511.039941580755,0.0
11531.078820404406,0.0
11551.117699228054,0.42223450154823194
11571.156578051705,0.8444690030964639
11591.195456875354,1.266703504644696
11611.234335699004,1.266703504644696
11631.273214522653,0.42223450154823194
11651.312093346303,0.42223450154823194
11671.350972169952,0.8444690030964639
11691.389850993603,0.0
11711.428729817251,0.0
11731.467608640902,0.0
11751.50648746455,0.8444690030964639
11771.5453662882,0.0
11791.58424511185,0.0
11811.623123935498,0.0
11831.662002759149,0.42223450154823194
11851.700881582798,0.8444690030964639
11871.739760406448,0.0
11891.778639230097,0.0
11911.817518053747,0.0
11931.856396877396,0.8444690030964639
11951.895275701047,0.0
11971.934154524695,0.0
11991.973033348346,0.0
12012.011912171994,0.42223450154823194
12032.050790995645,0.42223450154823194
12052.089669819294,0.42223450154823194
12072.128548642942,0.42223450154823194
12092.167427466593,0.0
12112.206306290242,0.0
12132.245185113892,0.0
12152.28406393754,0.0
12172.322942761191,0.0
12192.36182158484,0.0
12212.40070040849,0.42223450154823194
12232.43957923214,0.42223450154823194
12252.47845805579,0.42223450154823194
12272.517336879439,0.42223450154823194
12292.556215703089,0.42223450154823194
12312.595094526738,0.0
12332.633973350388,0.0
12352.672852174037,0.0
12372.711730997686,0.42223450154823194
12392.750609821336,0.42223450154823194
12412.789488644985,0.42223450154823194
12432.828367468635,0.42223450154823194
12452.867246292284,0.42223450154823194
12472.906125115935,0.0
12492.945003939583,0.42223450154823194
12512.983882763234,0.42223450154823194
12533.022761586883,1.266703504644696
12553.061640410533,1.6889380061929278
12573.100519234182,0.42223450154823194
12593.139398057832,0.8444690030964639
12613.178276881481,0.8444690030964639
12633.217155705132,1.6889380061929278
12653.25603452878,0.42223450154823194
12673.294913352429,1.266703504644696
12693.33379217608,1.6889380061929278
12713.372670999728,1.266703504644696
12733.411549823379,3.8001105139340874
12753.450428647027,0.8444690030964639
12773.489307470678,1.6889380061929278
12793.528186294327,0.8444690030964639
12813.567065117977,2.1111725077411596
12833.605943941626,2.9556415108376237
12853.644822765276,1.266703504644696
12873.683701588925,2.533407009289392
12893.722580412576,5.489048520127016
12913.761459236224,8.022455529416407
12933.800338059875,9.289159034061102
12953.839216883523,11.822566043350495
12973.878095707172,8.444690030964638
12993.916974530823,8.444690030964638
13013.955853354471,10.978097040254031
13033.994732178122,11.400331541802263
13054.03361100177,11.400331541802263
13074.072489825421,12.244800544898727
13094.11136864907,9.711393535609334
13114.15024747272,5.911283021675247
13134.189126296369,3.8001105139340874
13154.22800512002,2.533407009289392
13174.266883943668,2.533407009289392
13194.305762767319,2.533407009289392
13214.344641590968,2.1111725077411596
13234.383520414618,1.6889380061929278
13254.422399238267,0.8444690030964639
13274.461278061915,1.266703504644696
13294.500156885566,0.8444690030964639
13314.539035709215,1.6889380061929278
13334.577914532865,2.9556415108376237
13354.616793356514,1.266703504644696
13374.655672180164,2.1111725077411596
13394.694551003813,0.42223450154823194
13414.733429827464,0.42223450154823194
13434.772308651112,1.6889380061929278
13454.811187474763,0.42223450154823194
13474.850066298412,0.42223450154823194
13494.888945122062,0.0
13514.92782394571,0.42223450154823194
13534.966702769361,1.266703504644696
13555.00558159301,0.8444690030964639
13575.044460416659,0.0
13595.08333924031,0.42223450154823194
13615.122218063958,0.8444690030964639
13635.161096887608,0.0
13655.199975711257,0.0
13675.238854534908,0.42223450154823194
13695.277733358556,0.42223450154823194
13715.316612182207,0.0
13735.355491005856,0.42223450154823194
13755.394369829506,1.266703504644696
13775.433248653155,1.266703504644696
13795.472127476805,0.0
13815.511006300454,0.0
13835.549885124105,0.42223450154823194
13855.588763947753,0.8444690030964639
13875.627642771402,1.266703504644696
13895.666521595052,0.0
13915.705400418701,0.0
13935.744279242352,0.0
13955.783158066,0.0
13975.822036889651,0.42223450154823194
13995.8609157133,0.0
14015.89979453695,0.42223450154823194
14035.938673360599,0.0
14055.97755218425,0.8444690030964639
14076.016431007898,2.1111725077411596
14096.055309831549,0.8444690030964639
14116.094188655197,0.8444690030964639
14136.133067478848,1.266703504644696
14156.171946302497,1.266703504644696
14176.210825126145,0.42223450154823194
14196.249703949796,0.8444690030964639
14216.288582773444,2.1111725077411596
14236.327461597095,0.42223450154823194
14256.366340420744,0.8444690030964639
14276.405219244394,0.42223450154823194
14296.444098068043,0.0
14316.482976891693,0.8444690030964639
14336.521855715342,0.0
14356.560734538993,0.42223450154823194
14376.599613362641,0.0
14396.638492186292,0.42223450154823194
14416.67737100994,0.0
14436.716249833591,0.0
14456.75512865724,0.42223450154823194
14476.794007480888,0.0
14496.832886304539,0.0
14516.871765128188,0.0
14536.910643951838,0.0
14556.949522775487,0.42223450154823194
14576.988401599137,0.0
14597.027280422786,0.0
14617.066159246437,0.0
14637.105038070085,0.42223450154823194
14657.143916893736,0.0
14677.182795717385,0.0
14697.221674541035,0.8444690030964639
14717.260553364684,0.0
14737.299432188334,0.0
14757.338311011983,0.42223450154823194
14777.377189835632,0.0
14797.416068659282,0.42223450154823194
14817.454947482931,0.0
14837.493826306581,0.42223450154823194
14857.53270513023,0.0
14877.57158395388,0.0
14897.61046277753,0.0
14917.64934160118,0.42223450154823194
14937.688220424829,0.8444690030964639
14957.72709924848,0.0
14977.765978072128,0.42223450154823194
14997.804856895778,0.8444690030964639
15017.843735719427,0.0
15037.882614543078,0.42223450154823194
15057.921493366726,0.42223450154823194
15077.960372190375,2.9556415108376237
15097.999251014026,0.42223450154823194
15118.038129837674,0.42223450154823194
15138.077008661325,0.8444690030964639
15158.115887484973,0.0
15178.154766308624,2.533407009289392
15198.193645132273,1.266703504644696
15218.232523955923,2.1111725077411596
15238.271402779572,2.1111725077411596
15258.310281603222,0.8444690030964639
15278.349160426871,2.1111725077411596
15298.388039250522,0.8444690030964639
15318.42691807417,1.266703504644696
15338.46579689782,2.533407009289392
15358.50467572147,0.0
15378.543554545118,0.8444690030964639
15398.582433368769,0.8444690030964639
15418.621312192417,0.0
15438.660191016068,0.42223450154823194
15458.699069839717,0.0
15478.737948663367,0.8444690030964639
15498.776827487016,0.42223450154823194
15518.815706310666,0.42223450154823194
15538.854585134315,0.8444690030964639
15558.893463957966,0.42223450154823194
15578.932342781614,2.533407009289392
15598.971221605265,1.266703504644696
15619.010100428914,1.266703504644696
15639.048979252564,1.6889380061929278
15659.087858076213,1.266703504644696
15679.126736899863,3.3778760123858556
15699.165615723512,1.6889380061929278
15719.20449454716,1.6889380061929278
15739.243373370811,3.3778760123858556
15759.28225219446,1.266703504644696
15779.32113101811,1.6889380061929278
15799.36000984176,1.6889380061929278
15819.39888866541,2.533407009289392
15839.437767489058,0.8444690030964639
15859.476646312709,2.1111725077411596
15879.515525136358,0.8444690030964639
15899.554403960008,0.42223450154823194
15919.593282783657,1.266703504644696
15939.632161607307,0.0
15959.671040430956,0.0
15979.709919254607,0.8444690030964639
15999.748798078255,0.0
16019.787676901904,0.42223450154823194
16039.826555725554,0.0
16059.865434549203,0.42223450154823194
16079.904313372854,0.0
16099.943192196502,0.42223450154823194
16119.982071020153,0.0
16140.020949843802,0.42223450154823194
16160.059828667452,1.266703504644696
16180.0987074911,0.0
16200.137586314751,0.42223450154823194
16220.1764651384,0.42223450154823194
16240.21534396205,0.8444690030964639
16260.2542227857,0.42223450154823194
16280.29310160935,0.42223450154823194
16300.331980432999,1.266703504644696
16320.370859256647,0.8444690030964639
16340.409738080298,0.8444690030964639
16360.448616903946,0.0
16380.487495727597,0.8444690030964639
16400.526374551246,0.8444690030964639
16420.565253374894,0.0
16440.604132198547,0.0
16460.643011022195,0.0
16480.681889845844,0.0
16500.720768669493,1.266703504644696
16520.759647493145,0.8444690030964639
16540.798526316794,0.42223450154823194
16560.837405140443,0.0
16580.87628396409,0.42223450154823194
16600.91516278774,0.42223450154823194
16620.954041611392,0.8444690030964639
16640.99292043504,0.0
16661.03179925869,0.0
16681.07067808234,0.0
16701.10955690599,0.0
16721.14843572964,0.42223450154823194
16741.187314553288,0.8444690030964639
16761.226193376937,1.266703504644696
16781.26507220059,0.0
16801.303951024238,0.42223450154823194
16821.342829847887,0.0
16841.381708671535,0.0
16861.420587495188,0.0
16881.459466318836,0.42223450154823194
16901.498345142485,0.0
16921.537223966134,0.42223450154823194
16941.576102789782,0.0
16961.614981613435,0.0
16981.653860437083,0.0
17001.692739260732,0.42223450154823194
17021.73161808438,0.42223450154823194
17041.770496908033,0.0
17061.809375731682,0.0
17081.84825455533,0.0
17101.88713337898,0.42223450154823194
17121.92601220263,0.0
17141.96489102628,0.8444690030964639
17162.00376984993,0.42223450154823194
17182.042648673578,1.266703504644696
17202.081527497226,1.6889380061929278
17222.12040632088,1.266703504644696
17242.159285144528,4.222345015482319
17262.198163968176,5.911283021675247
17282.237042791825,2.533407009289392
17302.275921615477,4.644579517030551
17322.314800439126,7.600221027868175
17342.353679262775,7.177986526319943
17362.392558086423,8.86692453251287
17382.431436910076,9.711393535609334
17402.470315733724,13.933738551091654
17422.509194557373,12.667035046446959
17442.548073381022,8.86692453251287
17462.586952204674,9.289159034061102
17482.625831028323,13.511504049543422
17502.66470985197,10.133628037157568
17522.70358867562,8.86692453251287
17542.74246749927,5.489048520127016
17562.78134632292,8.86692453251287
17582.82022514657,3.8001105139340874
17602.85910397022,3.8001105139340874
17622.897982793867,4.644579517030551
17642.93686161752,4.222345015482319
17662.97574044117,0.8444690030964639
17683.014619264817,0.8444690030964639
17703.053498088466,1.6889380061929278
17723.09237691212,0.8444690030964639
17743.131255735767,0.0
17763.170134559416,0.42223450154823194
17783.209013383064,0.42223450154823194
17803.247892206713,0.8444690030964639
17823.286771030365,0.42223450154823194
17843.325649854014,0.0
17863.364528677663,0.0
17883.40340750131,0.0
17903.442286324964,0.0
17923.481165148612,0.0
17943.52004397226,0.42223450154823194
17963.55892279591,0.0
17983.597801619562,0.0
18003.63668044321,0.42223450154823194
18023.67555926686,0.0
18043.71443809051,0.42223450154823194
18063.75331691416,0.42223450154823194
18083.79219573781,0.42223450154823194
18103.831074561458,0.0
18123.869953385107,0.0
18143.908832208755,0.0
18163.947711032408,0.0
18183.986589856057,0.42223450154823194
18204.025468679705,0.8444690030964639
18224.064347503354,0.0
18244.103226327006,0.0
18264.142105150655,0.0
18284.180983974304,0.0
18304.219862797952,0.8444690030964639
18324.258741621605,0.0
18344.297620445253,0.0
18364.336499268902,0.0
18384.37537809255,0.0
18404.4142569162,0.42223450154823194
18424.453135739852,0.42223450154823194
18444.4920145635,0.42223450154823194
18464.53089338715,0.0
18484.569772210798,0.8444690030964639
18504.60865103445,0.42223450154823194
18524.6475298581,0.0
18544.686408681748,0.0
18564.725287505396,0.0
18584.76416632905,0.0
18604.803045152697,0.0
18624.841923976346,0.0
18644.880802799995,0.0
18664.919681623647,0.42223450154823194
18684.958560447296,0.0
18704.997439270945,0.42223450154823194
18725.036318094593,1.6889380061929278
18745.075196918242,0.0
18765.114075741894,0.0
18785.152954565543,0.8444690030964639
18805.19183338919,0.0
18825.23071221284,0.42223450154823194
18845.269591036493,0.0
18865.30846986014,0.0
18885.34734868379,0.8444690030964639
18905.38622750744,0.0
18925.42510633109,0.0
18945.46398515474,0.0
18965.50286397839,0.42223450154823194
18985.541742802037,0.0
19005.580621625686,0.0
19025.61950044934,0.0
19045.658379272987,0.0
19065.697258096636,0.0
19085.736136920284,0.0
19105.775015743937,0.0
19125.813894567586,0.42223450154823194
19145.852773391234,0.0
19165.891652214883,0.42223450154823194
19185.930531038535,0.0
19205.969409862184,0.42223450154823194
19226.008288685833,0.0
19246.04716750948,0.42223450154823194
19266.086046333134,0.0
19286.124925156782,0.0
19306.16380398043,0.42223450154823194
19326.20268280408,0.0
19346.24156162773,0.42223450154823194
19366.28044045138,0.42223450154823194
19386.31931927503,0.42223450154823194
19406.35819809868,0.42223450154823194
19426.397076922327,1.266703504644696
19446.43595574598,2.533407009289392
19466.474834569628,2.533407009289392
19486.513713393277,1.6889380061929278
19506.552592216925,0.8444690030964639
19526.591471040578,1.266703504644696
19546.630349864226,3.8001105139340874
19566.669228687875,1.6889380061929278
19586.708107511524,2.1111725077411596
19606.746986335173,3.3778760123858556
19626.785865158825,3.3778760123858556
19646.824743982474,1.6889380061929278
19666.863622806122,2.1111725077411596
19686.90250162977,2.9556415108376237
19706.941380453423,1.6889380061929278
19726.980259277072,1.266703504644696
19747.01913810072,1.6889380061929278
19767.05801692437,0.0
19787.09689574802,1.6889380061929278
19807.13577457167,0.0
19827.17465339532,0.8444690030964639
19847.213532218968,0.8444690030964639
19867.25241104262,0.0
19887.29128986627,0.42223450154823194
19907.330168689918,0.42223450154823194
19927.369047513566,0.42223450154823194
19947.407926337215,0.0
19967.446805160867,0.8444690030964639
19987.485683984516,0.0
20007.524562808165,0.0
20027.563441631813,0.8444690030964639
20047.602320455466,0.8444690030964639
20067.641199279115,0.42223450154823194
20087.680078102763,0.0
20107.718956926412,0.8444690030964639
20127.757835750064,0.42223450154823194
20147.796714573713,1.266703504644696
20167.83559339736,0.0
20187.87447222101,0.42223450154823194
20207.91335104466,0.0
20227.95222986831,0.0
20247.99110869196,0.42223450154823194
20268.02998751561,0.0
20288.068866339258,0.0
20308.10774516291,0.0
20328.14662398656,0.0
20348.185502810207,0.0
20368.224381633856,0.0
20388.26326045751,0.42223450154823194
20408.302139281157,0.0
20428.341018104806,0.0
20448.379896928454,0.8444690030964639
20468.418775752107,0.0
20488.457654575755,0.0
20508.496533399404,0.8444690030964639
20528.535412223053,0.0
20548.5742910467,0.42223450154823194
20568.613169870354,0.0
20588.652048694003,0.0
20608.69092751765,0.0
20628.7298063413,0.42223450154823194
20648.768685164952,0.0
20668.8075639886,0.42223450154823194
20688.84644281225,0.0
20708.8853216359,0.0
20728.92420045955,1.266703504644696
20748.9630792832,0.0
20769.001958106848,0.42223450154823194
20789.040836930497,0.42223450154823194
20809.07971575415,0.0
20829.118594577798,0.0
20849.157473401447,0.8444690030964639
20869.196352225095,0.0
20889.235231048744,0.42223450154823194
20909.274109872396,0.0
20929.312988696045,0.8444690030964639
20949.351867519694,0.42223450154823194
20969.390746343342,0.42223450154823194
20989.429625166995,0.0
21009.468503990644,1.6889380061929278
21029.507382814292,2.1111725077411596
21049.54626163794,0.8444690030964639
21069.585140461593,1.266703504644696
21089.624019285242,0.42223450154823194
21109.66289810889,0.42223450154823194
21129.70177693254,0.42223450154823194
21149.740655756188,0.42223450154823194
21169.77953457984,0.8444690030964639
21189.81841340349,0.42223450154823194
21209.857292227138,0.0
21229.896171050787,0.42223450154823194
21249.93504987444,1.266703504644696
21269.973928698088,0.8444690030964639
21290.012807521736,0.42223450154823194
21310.051686345385,0.42223450154823194
21330.090565169037,0.0
21350.129443992686,0.42223450154823194
21370.168322816335,0.42223450154823194
21390.207201639983,0.8444690030964639
21410.246080463636,0.0
21430.284959287284,0.8444690030964639
21450.323838110933,0.0
21470.362716934582,0.0
21490.40159575823,0.0
21510.440474581883,0.0
21530.47935340553,0.42223450154823194
21550.51823222918,0.42223450154823194
21570.55711105283,0.0
21590.59598987648,0.0
21610.63486870013,0.8444690030964639
21630.67374752378,0.8444690030964639
21650.712626347427,0.42223450154823194
21670.75150517108,0.0
21690.79038399473,0.0
21710.829262818377,0.0
21730.868141642026,0.8444690030964639
21750.907020465675,0.0
21770.945899289327,0.42223450154823194
21790.984778112976,0.42223450154823194
21811.023656936624,1.266703504644696
21831.062535760273,0.42223450154823194
21851.101414583925,0.42223450154823194
21871.140293407574,0.42223450154823194
21891.179172231223,0.0
21911.21805105487,0.0
21931.256929878524,1.266703504644696
21951.295808702173,0.8444690030964639
21971.33468752582,1.6889380061929278
21991.37356634947,2.1111725077411596
22011.412445173122,0.42223450154823194
22031.45132399677,0.8444690030964639
22051.49020282042,0.42223450154823194
22071.52908164407,0.42223450154823194
22091.567960467717,0.0
22111.60683929137,0.42223450154823194
22131.645718115018,0.0
22151.684596938667,0.42223450154823194
22171.723475762316,0.42223450154823194
22191.762354585968,0.8444690030964639
22211.801233409617,0.42223450154823194
22231.840112233265,0.0
22251.878991056914,0.0
22271.917869880566,0.42223450154823194
22291.956748704215,1.6889380061929278
22311.995627527864,0.0
22332.034506351512,0.42223450154823194
22352.07338517516,1.266703504644696
22372.112263998813,0.42223450154823194
22392.151142822462,0.42223450154823194
22412.19002164611,1.266703504644696
22432.22890046976,1.266703504644696
22452.267779293412,0.42223450154823194
22472.30665811706,0.8444690030964639
22492.34553694071,1.266703504644696
22512.384415764358,0.0
22532.42329458801,0.0
22552.46217341166,0.42223450154823194
22572.501052235308,0.42223450154823194
22592.539931058956,0.42223450154823194
22612.57880988261,0.42223450154823194
22632.617688706257,0.8444690030964639
22652.656567529906,0.42223450154823194
22672.695446353555,1.266703504644696
22692.734325177204,1.266703504644696
22712.773204000856,0.8444690030964639
22732.812082824505,1.266703504644696
22752.850961648153,0.0
22772.889840471802,0.42223450154823194
22792.928719295454,1.266703504644696
22812.967598119103,1.266703504644696
22833.00647694275,1.266703504644696
22853.0453557664,1.266703504644696
22873.084234590053,0.0
22893.1231134137,0.8444690030964639
22913.16199223735,0.8444690030964639
22933.200871061,1.266703504644696
22953.239749884648,0.42223450154823194
22973.2786287083,1.266703504644696
22993.31750753195,0.42223450154823194
23013.356386355597,0.8444690030964639
23033.395265179246,1.266703504644696
23053.4341440029,1.266703504644696
23073.473022826547,1.266703504644696
23093.511901650196,0.0
23113.550780473844,0.42223450154823194
23133.589659297497,1.6889380061929278
23153.628538121146,0.8444690030964639
23173.667416944794,1.266703504644696
23193.706295768443,0.42223450154823194
23213.745174592095,1.266703504644696
23233.784053415744,1.6889380061929278
23253.822932239393,0.0
23273.86181106304,2.1111725077411596
23293.90068988669,0.42223450154823194
23313.939568710342,0.8444690030964639
23333.97844753399,0.8444690030964639
23354.01732635764,0.0
23374.05620518129,0.8444690030964639
23394.09508400494,0.42223450154823194
23414.13396282859,1.6889380061929278
23434.17284165224,1.266703504644696
23454.211720475887,0.42223450154823194
23474.25059929954,0.42223450154823194
23494.289478123188,0.42223450154823194
23514.328356946837,0.42223450154823194
23534.367235770485,0.42223450154823194
23554.406114594134,0.0
23574.444993417786,0.42223450154823194
23594.483872241435,1.266703504644696
23614.522751065084,1.266703504644696
23634.561629888733,1.6889380061929278
23654.600508712385,0.42223450154823194
23674.639387536034,1.6889380061929278
23694.678266359682,2.1111725077411596
23714.71714518333,0.8444690030964639
23734.756024006983,1.6889380061929278
23754.794902830632,0.0
23774.83378165428,1.6889380061929278
23794.87266047793,0.8444690030964639
23814.91153930158,0.42223450154823194
23834.95041812523,1.266703504644696
23854.98929694888,0.42223450154823194
23875.028175772528,0.0
23895.067054596177,0.42223450154823194
23915.10593341983,0.42223450154823194
23935.144812243478,1.6889380061929278
23955.183691067126,0.42223450154823194
23975.222569890775,0.8444690030964639
23995.261448714427,1.266703504644696
24015.300327538076,1.266703504644696
24035.339206361725,0.8444690030964639
24055.378085185373,1.266703504644696
24075.416964009026,1.266703504644696
24095.455842832675,0.8444690030964639
24115.494721656323,2.533407009289392
24135.533600479972,1.266703504644696
24155.57247930362,0.42223450154823194
24175.611358127273,1.6889380061929278
24195.65023695092,0.42223450154823194
24215.68911577457,0.8444690030964639
24235.72799459822,1.6889380061929278
24255.76687342187,0.0
24275.80575224552,0.42223450154823194
24295.84463106917,1.6889380061929278
24315.883509892818,0.42223450154823194
24335.92238871647,1.6889380061929278
24355.96126754012,0.42223450154823194
24376.000146363767,1.6889380061929278
24396.039025187416,1.266703504644696
24416.07790401107,1.266703504644696
24436.116782834717,2.533407009289392
24456.155661658366,1.6889380061929278
24476.194540482014,2.1111725077411596
24496.233419305663,0.42223450154823194
24516.272298129315,1.6889380061929278
24536.311176952964,2.9556415108376237
24556.350055776613,2.533407009289392
24576.38893460026,1.266703504644696
24596.427813423914,2.1111725077411596
24616.466692247563,1.266703504644696
24636.50557107121,2.1111725077411596
24656.54444989486,2.533407009289392
24676.583328718512,2.1111725077411596
24696.62220754216,1.6889380061929278
24716.66108636581,2.1111725077411596
24736.69996518946,2.533407009289392
24756.738844013107,1.6889380061929278
24776.77772283676,1.266703504644696
24796.81660166041,1.266703504644696
24816.855480484057,2.533407009289392
24836.894359307706,0.8444690030964639
24856.933238131358,2.1111725077411596
24876.972116955007,3.8001105139340874
24897.010995778655,3.8001105139340874
24917.049874602304,2.533407009289392
24937.088753425956,3.8001105139340874
24957.127632249605,4.644579517030551
24977.166511073254,1.6889380061929278
24997.205389896902,2.533407009289392
25017.244268720555,4.644579517030551
25037.283147544204,2.1111725077411596
25057.322026367852,5.066814018578784
25077.3609051915,2.1111725077411596
25097.39978401515,2.9556415108376237
25117.438662838802,5.066814018578784
25137.47754166245,4.222345015482319
25157.5164204861,3.8001105139340874
25177.555299309748,3.3778760123858556
25197.5941781334,5.066814018578784
25217.63305695705,5.489048520127016
25237.671935780698,2.1111725077411596
25257.710814604347,4.222345015482319
25277.749693428,5.489048520127016
25297.788572251648,4.644579517030551
25317.827451075296,6.333517523223479
25337.866329898945,4.644579517030551
25357.905208722594,5.066814018578784
25377.944087546246,5.489048520127016
25397.982966369895,1.6889380061929278
25418.021845193543,2.1111725077411596
25438.060724017192,3.3778760123858556
25458.099602840844,2.1111725077411596
25478.138481664493,3.3778760123858556
25498.177360488142,2.1111725077411596
25518.21623931179,2.9556415108376237
25538.255118135443,0.42223450154823194
25558.29399695909,3.8001105139340874
25578.33287578274,2.9556415108376237
25598.37175460639,3.3778760123858556
25618.41063343004,2.1111725077411596
25638.44951225369,2.533407009289392
25658.48839107734,2.9556415108376237
25678.527269900987,2.9556415108376237
25698.566148724636,2.1111725077411596
25718.60502754829,1.6889380061929278
25738.643906371937,2.1111725077411596
25758.682785195586,2.9556415108376237
25778.721664019235,2.9556415108376237
25798.760542842887,3.3778760123858556
25818.799421666536,2.9556415108376237
25838.838300490184,2.533407009289392
25858.877179313833,2.1111725077411596
25878.916058137485,3.3778760123858556
25898.954936961134,2.533407009289392
25918.993815784783,4.644579517030551
25939.03269460843,4.222345015482319
25959.07157343208,2.9556415108376237
25979.110452255733,2.533407009289392
25999.14933107938,2.1111725077411596
26019.18820990303,2.9556415108376237
26039.22708872668,2.533407009289392
26059.26596755033,3.3778760123858556
26079.30484637398,2.9556415108376237
26099.34372519763,4.222345015482319
26119.382604021277,2.1111725077411596
26139.42148284493,2.9556415108376237
26159.460361668578,2.1111725077411596
26179.499240492227,4.222345015482319
26199.538119315876,3.8001105139340874
26219.576998139528,2.533407009289392
26239.615876963177,1.6889380061929278
26259.654755786825,4.222345015482319
26279.693634610474,4.644579517030551
26299.732513434123,4.644579517030551
26319.771392257775,2.1111725077411596
26339.810271081424,3.3778760123858556
26359.849149905072,2.533407009289392
26379.88802872872,2.9556415108376237
26399.926907552373,2.533407009289392
26419.965786376022,4.222345015482319
26440.00466519967,2.533407009289392
26460.04354402332,2.9556415108376237
26480.082422846972,2.1111725077411596
26500.12130167062,3.8001105139340874
26520.16018049427,3.3778760123858556
26540.199059317918,3.8001105139340874
26560.237938141567,4.644579517030551
26580.27681696522,3.8001105139340874
26600.315695788868,3.3778760123858556
26620.354574612516,2.9556415108376237
26640.393453436165,2.1111725077411596
26660.432332259817,3.3778760123858556
26680.471211083466,4.222345015482319
26700.510089907115,3.3778760123858556
26720.548968730764,2.1111725077411596
26740.587847554416,3.8001105139340874
26760.626726378065,4.644579517030551
26780.665605201713,2.533407009289392
26800.704484025362,2.9556415108376237
26820.743362849014,4.644579517030551
26840.782241672663,4.644579517030551
26860.82112049631,3.8001105139340874
26880.85999931996,2.533407009289392
26900.89887814361,4.644579517030551
26920.93775696726,3.3778760123858556
26940.97663579091,1.6889380061929278
26961.01551461456,4.644579517030551
26981.054393438208,2.9556415108376237
27001.09327226186,4.222345015482319
27021.13215108551,1.6889380061929278
27041.171029909157,7.600221027868175
27061.209908732806,3.8001105139340874
27081.24878755646,2.9556415108376237
27101.287666380107,5.911283021675247
27121.326545203756,1.6889380061929278
27141.365424027405,2.533407009289392
27161.404302851053,4.644579517030551
27181.443181674706,2.1111725077411596
27201.482060498354,5.489048520127016
27221.520939322003,2.9556415108376237
27241.55981814565,5.489048520127016
27261.598696969304,3.8001105139340874
27281.637575792953,5.066814018578784
27301.6764546166,4.644579517030551
27321.71533344025,2.533407009289392
27341.754212263902,6.333517523223479
27361.79309108755,5.066814018578784
27381.8319699112,5.066814018578784
27401.87084873485,7.600221027868175
27421.9097275585,2.9556415108376237
27441.94860638215,1.6889380061929278
27461.9874852058,2.9556415108376237
27482.026364029447,2.9556415108376237
27502.065242853096,4.644579517030551
27522.104121676748,5.489048520127016
27542.143000500397,4.644579517030551
27562.181879324045,3.3778760123858556
27582.220758147694,5.066814018578784
27602.259636971346,3.3778760123858556
27622.298515794995,5.489048520127016
27642.337394618644,4.222345015482319
27662.376273442293,3.8001105139340874
27682.415152265945,5.911283021675247
27702.454031089594,6.333517523223479
27722.492909913242,4.222345015482319
27742.53178873689,6.333517523223479
27762.57066756054,4.644579517030551
27782.609546384192,3.8001105139340874
27802.64842520784,5.066814018578784
27822.68730403149,4.222345015482319
27842.726182855138,4.644579517030551
27862.76506167879,3.8001105139340874
27882.80394050244,3.3778760123858556
27902.842819326088,4.222345015482319
27922.881698149737,2.9556415108376237
27942.92057697339,2.9556415108376237
27962.959455797038,5.911283021675247
27982.998334620686,5.066814018578784
28003.037213444335,3.8001105139340874
28023.076092267987,7.177986526319943
28043.114971091636,4.222345015482319
28063.153849915285,4.222345015482319
28083.192728738934,3.8001105139340874
28103.231607562582,5.066814018578784
28123.270486386235,4.644579517030551
28143.309365209883,8.86692453251287
28163.348244033532,5.489048520127016
28183.38712285718,5.066814018578784
28203.426001680833,6.333517523223479
28223.46488050448,7.177986526319943
28243.50375932813,5.911283021675247
28263.54263815178,4.644579517030551
28283.58151697543,4.644579517030551
28303.62039579908,4.222345015482319
28323.65927462273,4.222345015482319
28343.698153446378,5.066814018578784
28363.737032270026,4.222345015482319
28383.77591109368,6.333517523223479
28403.814789917327,3.3778760123858556
28423.853668740976,5.066814018578784
28443.892547564625,5.489048520127016
28463.931426388277,5.489048520127016
28483.970305211926,2.533407009289392
28504.009184035574,6.755752024771711
28524.048062859223,5.911283021675247
28544.086941682875,6.333517523223479
28564.125820506524,4.222345015482319
28584.164699330173,7.177986526319943
28604.20357815382,4.222345015482319
28624.242456977474,5.489048520127016
28644.281335801123,6.755752024771711
28664.32021462477,8.022455529416407
28684.35909344842,6.755752024771711
28704.39797227207,4.222345015482319
28724.43685109572,5.066814018578784
28744.47572991937,5.911283021675247
28764.51460874302,4.644579517030551
28784.553487566667,3.8001105139340874
28804.59236639032,5.911283021675247
28824.63124521397,5.911283021675247
28844.670124037617,7.177986526319943
28864.709002861266,4.222345015482319
28884.747881684918,5.489048520127016
28904.786760508567,5.911283021675247
28924.825639332215,5.066814018578784
28944.864518155864,3.8001105139340874
28964.903396979513,5.066814018578784
28984.942275803165,6.333517523223479
29004.981154626814,3.3778760123858556
29025.020033450463,7.177986526319943
29045.05891227411,3.8001105139340874
29065.097791097764,5.911283021675247
29085.136669921412,4.644579517030551
29105.17554874506,6.333517523223479
29125.21442756871,5.489048520127016
29145.253306392362,5.489048520127016
29165.29218521601,4.644579517030551
29185.33106403966,4.222345015482319
29205.369942863308,3.3778760123858556
29225.40882168696,7.600221027868175
29245.44770051061,5.911283021675247
29265.486579334258,4.644579517030551
29285.525458157907,5.066814018578784
29305.564336981555,5.489048520127016
29325.603215805208,5.489048520127016
29345.642094628856,8.022455529416407
29365.680973452505,5.911283021675247
29385.719852276154,5.066814018578784
29405.758731099806,3.8001105139340874
29425.797609923455,5.911283021675247
29445.836488747103,3.8001105139340874
29465.875367570752,5.911283021675247
29485.914246394404,5.911283021675247
29505.953125218053,5.066814018578784
29525.992004041702,6.755752024771711
29546.03088286535,5.066814018578784
29566.069761689,6.333517523223479
29586.10864051265,4.222345015482319
29606.1475193363,5.066814018578784
29626.18639815995,3.3778760123858556
29646.225276983598,5.911283021675247
29666.26415580725,5.066814018578784
29686.3030346309,8.444690030964638
29706.341913454547,6.333517523223479
29726.380792278196,7.177986526319943
29746.41967110185,8.444690030964638
29766.458549925497,7.600221027868175
29786.497428749146,8.444690030964638
29806.536307572795,6.333517523223479
29826.575186396447,7.177986526319943
29846.614065220096,5.489048520127016
29866.652944043744,4.644579517030551
29886.691822867393,8.022455529416407
29906.73070169104,5.489048520127016
29926.769580514694,8.022455529416407
29946.808459338343,8.022455529416407
29966.84733816199,7.177986526319943
29986.88621698564,4.644579517030551
30006.925095809293,7.600221027868175
30026.96397463294,6.755752024771711
30047.00285345659,6.333517523223479
30067.04173228024,8.86692453251287
30087.08061110389,6.755752024771711
30107.11948992754,9.289159034061102
30127.15836875119,5.489048520127016
30147.197247574837,6.333517523223479
30167.236126398486,7.600221027868175
30187.275005222138,7.177986526319943
30207.313884045787,8.86692453251287
30227.352762869436,3.8001105139340874
30247.391641693084,4.644579517030551
30267.430520516737,5.911283021675247
30287.469399340385,6.755752024771711
30307.508278164034,6.755752024771711
30327.547156987683,2.9556415108376237
30347.586035811335,6.333517523223479
30367.624914634984,5.911283021675247
30387.663793458632,5.489048520127016
30407.70267228228,6.333517523223479
30427.741551105933,4.644579517030551
30447.780429929582,6.755752024771711
30467.81930875323,5.911283021675247
30487.85818757688,5.911283021675247
30507.89706640053,5.911283021675247
30527.93594522418,6.333517523223479
30547.97482404783,9.289159034061102
30568.013702871478,7.177986526319943
30588.052581695127,9.289159034061102
30608.09146051878,8.86692453251287
30628.130339342428,7.177986526319943
30648.169218166076,6.755752024771711
30668.208096989725,8.444690030964638
30688.246975813378,5.489048520127016
30708.285854637026,6.755752024771711
30728.324733460675,5.911283021675247
30748.363612284324,5.066814018578784
30768.402491107972,8.444690030964638
30788.441369931625,10.5558625387058
30808.480248755273,8.022455529416407
30828.519127578922,8.444690030964638
30848.55800640257,6.333517523223479
30868.596885226223,5.489048520127016
30888.63576404987,6.755752024771711
30908.67464287352,9.289159034061102
30928.71352169717,7.600221027868175
30948.75240052082,5.066814018578784
30968.79127934447,8.022455529416407
30988.83015816812,9.711393535609334
31008.869036991768,7.600221027868175
31028.90791581542,7.600221027868175
31048.94679463907,9.289159034061102
31068.985673462717,4.644579517030551
31089.024552286366,8.022455529416407
31109.063431110015,5.066814018578784
31129.102309933667,10.978097040254031
31149.141188757316,5.066814018578784
31169.180067580965,4.222345015482319
31189.218946404613,5.911283021675247
31209.257825228266,6.755752024771711
31229.296704051914,8.86692453251287
31249.335582875563,7.600221027868175
31269.37446169921,4.222345015482319
31289.413340522864,7.600221027868175
31309.452219346513,6.333517523223479
31329.49109817016,8.86692453251287
31349.52997699381,2.533407009289392
31369.568855817462,5.911283021675247
31389.60773464111,4.644579517030551
31409.64661346476,5.489048520127016
31429.68549228841,8.86692453251287
31449.724371112057,8.444690030964638
31469.76324993571,8.444690030964638
31489.80212875936,7.600221027868175
31509.841007583007,6.755752024771711
31529.879886406656,7.177986526319943
31549.918765230308,10.978097040254031
31569.957644053957,6.333517523223479
31589.996522877605,7.600221027868175
31610.035401701254,8.022455529416407
31630.074280524906,8.86692453251287
31650.113159348555,6.755752024771711
31670.152038172204,7.177986526319943
31690.190916995853,8.022455529416407
31710.2297958195,6.333517523223479
31730.268674643154,12.244800544898727
31750.307553466802,4.222345015482319
31770.34643229045,5.066814018578784
31790.3853111141,8.022455529416407
31810.424189937752,6.755752024771711
31830.4630687614,5.489048520127016
31850.50194758505,8.444690030964638
31870.5408264087,10.133628037157568
31890.57970523235,5.489048520127016
31910.618584056,5.489048520127016
31930.657462879648,9.711393535609334
31950.696341703297,5.911283021675247
31970.73522052695,8.022455529416407
31990.774099350598,9.711393535609334
32010.812978174246,5.066814018578784
32030.851856997895,6.755752024771711
32050.890735821544,10.978097040254031
32070.929614645196,6.333517523223479
32090.968493468845,8.444690030964638
32111.007372292494,7.177986526319943
32131.046251116142,10.5558625387058
32151.085129939795,11.400331541802263
32171.124008763443,8.86692453251287
32191.162887587092,9.289159034061102
32211.20176641074,7.177986526319943
32231.240645234393,6.755752024771711
32251.27952405804,5.489048520127016
32271.31840288169,4.644579517030551
32291.35728170534,13.511504049543422
32311.396160528988,6.333517523223479
32331.43503935264,8.86692453251287
32351.47391817629,10.5558625387058
32371.512796999938,8.444690030964638
32391.551675823586,9.289159034061102
32411.59055464724,8.444690030964638
32431.629433470887,9.711393535609334
32451.668312294536,6.755752024771711
32471.707191118185,7.600221027868175
32491.746069941837,10.133628037157568
32511.784948765486,7.600221027868175
32531.823827589134,10.5558625387058
32551.862706412783,8.022455529416407
32571.901585236435,10.133628037157568
32591.940464060084,8.022455529416407
32611.979342883733,10.5558625387058
32632.01822170738,5.489048520127016
32652.05710053103,8.444690030964638
32672.095979354683,5.911283021675247
32692.13485817833,5.489048520127016
32712.17373700198,7.177986526319943
32732.21261582563,10.133628037157568
32752.25149464928,7.600221027868175
32772.290373472926,6.333517523223479
32792.32925229658,8.86692453251287
32812.36813112022,5.911283021675247
32832.407009943876,7.177986526319943
32852.44588876752,7.600221027868175
32872.48476759117,7.177986526319943
32892.523646414826,6.755752024771711
32912.56252523847,6.755752024771711
32932.60140406212,8.022455529416407
32952.64028288577,7.600221027868175
32972.67916170942,6.333517523223479
32992.71804053307,6.333517523223479
33012.75691935672,8.444690030964638
33032.79579818037,6.755752024771711
33052.83467700402,6.333517523223479
33072.87355582767,7.600221027868175
33092.91243465132,6.755752024771711
33112.951313474965,4.222345015482319
33132.99019229862,4.644579517030551
33153.02907112227,9.711393535609334
33173.067949945915,7.177986526319943
33193.10682876957,8.86692453251287
33213.14570759321,6.755752024771711
33233.184586416864,5.066814018578784
33253.22346524052,5.489048520127016
33273.26234406416,8.86692453251287
33293.301222887814,6.333517523223479
33313.34010171147,5.911283021675247
33333.37898053511,9.289159034061102
33353.417859358764,9.289159034061102
33373.45673818241,10.978097040254031
33393.49561700606,10.5558625387058
33413.534495829714,7.177986526319943
33433.57337465336,7.600221027868175
33453.61225347701,8.86692453251287
33473.65113230066,8.022455529416407
33493.69001112431,8.022455529416407
33513.72888994796,9.289159034061102
33533.767768771606,9.711393535609334
33553.80664759526,11.400331541802263
33573.84552641891,10.133628037157568
33593.884405242556,8.022455529416407
33613.92328406621,7.600221027868175
33633.96216288985,3.8001105139340874
33654.001041713505,9.711393535609334
33674.03992053716,9.289159034061102
33694.0787993608,8.022455529416407
33714.117678184455,10.5558625387058
33734.15655700811,8.022455529416407
33754.19543583175,8.444690030964638
33774.234314655405,8.86692453251287
33794.27319347905,8.022455529416407
33814.3120723027,10.978097040254031
33834.350951126355,7.600221027868175
33854.38982995,7.600221027868175
33874.42870877365,8.444690030964638
33894.4675875973,5.911283021675247
33914.50646642095,9.289159034061102
33934.5453452446,8.86692453251287
33954.58422406825,8.022455529416407
33974.6231028919,9.711393535609334
33994.66198171555,8.022455529416407
34014.7008605392,4.222345015482319
34034.73973936285,7.600221027868175
34054.778618186494,7.600221027868175
34074.817497010146,10.5558625387058
34094.8563758338,6.755752024771711
34114.895254657444,6.755752024771711
34134.934133481096,8.86692453251287
34154.97301230474,12.244800544898727
34175.01189112839,10.5558625387058
34195.050769952046,8.444690030964638
34215.08964877569,7.600221027868175
34235.12852759934,8.022455529416407
34255.167406422996,5.066814018578784
34275.20628524664,10.133628037157568
34295.24516407029,8.022455529416407
34315.28404289394,9.289159034061102
34335.32292171759,6.755752024771711
34355.36180054124,5.066814018578784
34375.40067936489,7.177986526319943
34395.43955818854,8.022455529416407
34415.478437012185,8.86692453251287
34435.51731583584,6.755752024771711
34455.55619465949,8.86692453251287
34475.595073483135,10.133628037157568
34495.63395230679,5.066814018578784
34515.67283113044,9.711393535609334
34535.711709954085,12.244800544898727
34555.75058877774,9.289159034061102
34575.78946760138,8.444690030964638
34595.828346425034,10.133628037157568
34615.86722524869,7.600221027868175
34635.90610407233,7.177986526319943
34655.944982895984,10.978097040254031
34675.98386171964,8.86692453251287
34696.02274054328,8.444690030964638
34716.061619366934,8.022455529416407
34736.10049819058,11.822566043350495
34756.13937701423,9.711393535609334
34776.17825583788,7.600221027868175
34796.21713466153,13.08926954799519
34816.25601348518,10.133628037157568
34836.294892308826,7.600221027868175
34856.33377113248,7.600221027868175
34876.37264995613,10.5558625387058
34896.411528779776,7.177986526319943
34916.45040760343,5.066814018578784
34936.48928642708,8.86692453251287
34956.528165250726,9.711393535609334
34976.56704407438,6.333517523223479
34996.60592289802,7.600221027868175
35016.644801721675,6.755752024771711
35036.68368054533,5.911283021675247
35056.72255936897,7.177986526319943
35076.761438192625,6.333517523223479
35096.80031701627,7.177986526319943
35116.83919583992,6.333517523223479
35136.878074663575,8.022455529416407
35156.91695348722,4.644579517030551
35176.95583231087,7.600221027868175
35196.994711134525,8.444690030964638
35217.03358995817,7.177986526319943
35237.07246878182,9.289159034061102
35257.11134760547,9.711393535609334
35277.15022642912,6.333517523223479
35297.18910525277,8.444690030964638
35317.22798407642,6.333517523223479
35337.26686290007,10.5558625387058
35357.305741723714,6.755752024771711
35377.34462054737,10.5558625387058
35397.38349937102,8.444690030964638
35417.422378194664,6.333517523223479
35437.461257018316,8.444690030964638
35457.50013584197,7.600221027868175
35477.539014665614,8.86692453251287
35497.577893489266,10.5558625387058
35517.61677231291,7.600221027868175
35537.65565113656,5.489048520127016
35557.694529960216,8.022455529416407
35577.73340878386,8.022455529416407
35597.77228760751,7.600221027868175
35617.81116643116,5.911283021675247
35637.85004525481,9.289159034061102
35657.88892407846,9.711393535609334
35677.92780290211,5.066814018578784
35697.96668172576,11.822566043350495
35718.00556054941,8.444690030964638
35738.04443937306,11.400331541802263
35758.08331819671,10.978097040254031
35778.122197020355,8.022455529416407
35798.16107584401,6.333517523223479
35818.19995466766,5.489048520127016
35838.238833491305,8.022455529416407
35858.27771231496,9.711393535609334
35878.31659113861,8.022455529416407
35898.355469962255,6.333517523223479
35918.39434878591,2.9556415108376237
35938.43322760955,8.86692453251287
35958.472106433204,9.711393535609334
35978.51098525686,9.289159034061102
35998.5498640805,6.755752024771711
36018.588742904154,8.444690030964638
36038.6276217278,7.600221027868175
36058.66650055145,8.022455529416407
36078.705379375104,6.333517523223479
36098.74425819875,7.600221027868175
36118.7831370224,7.600221027868175
36138.82201584605,7.600221027868175
36158.8608946697,8.022455529416407
36178.89977349335,10.133628037157568
36198.938652316996,6.755752024771711
36218.97753114065,9.289159034061102
36239.0164099643,10.133628037157568
36259.055288787946,6.755752024771711
36279.0941676116,9.711393535609334
36299.13304643524,8.022455529416407
36319.171925258895,5.066814018578784
36339.21080408255,8.86692453251287
36359.24968290619,9.711393535609334
36379.288561729845,8.022455529416407
36399.3274405535,9.711393535609334
36419.36631937714,8.022455529416407
36439.405198200795,6.755752024771711
36459.44407702444,8.444690030964638
36479.48295584809,7.600221027868175
36499.521834671745,7.600221027868175
36519.56071349539,8.022455529416407
36539.59959231904,4.644579517030551
36559.63847114269,5.489048520127016
36579.67734996634,6.333517523223479
36599.71622878999,10.978097040254031
36619.75510761364,8.444690030964638
36639.79398643729,7.177986526319943
36659.83286526094,7.600221027868175
36679.87174408459,10.133628037157568
36699.91062290824,7.600221027868175
36719.949501731884,8.444690030964638
36739.98838055554,9.711393535609334
36760.02725937919,6.333517523223479
36780.066138202834,7.600221027868175
36800.105017026486,7.600221027868175
36820.14389585013,8.444690030964638
36840.18277467378,8.444690030964638
36860.221653497436,7.177986526319943
36880.26053232108,9.711393535609334
36900.29941114473,8.86692453251287
36920.338289968386,10.5558625387058
36940.37716879203,8.022455529416407
36960.41604761568,5.911283021675247
36980.45492643933,13.08926954799519
37000.49380526298,6.333517523223479
37020.53268408663,5.489048520127016
37040.57156291028,10.133628037157568
37060.61044173393,6.755752024771711
37080.64932055758,9.289159034061102
37100.68819938123,8.022455529416407
37120.72707820488,8.444690030964638
37140.765957028525,10.133628037157568
37160.80483585218,6.333517523223479
37180.84371467583,8.86692453251287
37200.882593499475,5.489048520127016
37220.92147232313,3.8001105139340874
37240.96035114677,11.822566043350495
37260.999229970424,9.711393535609334
37281.03810879408,9.711393535609334
37301.07698761772,6.333517523223479
37321.115866441374,5.066814018578784
37341.15474526503,8.444690030964638
37361.19362408867,9.711393535609334
37381.232502912324,8.86692453251287
37401.27138173597,8.022455529416407
37421.31026055962,8.022455529416407
37441.349139383274,4.644579517030551
37461.38801820692,7.600221027868175
37481.42689703057,8.022455529416407
37501.465775854216,3.3778760123858556
37521.50465467787,5.066814018578784
37541.54353350152,10.978097040254031
37561.582412325166,6.333517523223479
37581.62129114882,6.333517523223479
37601.66016997247,8.022455529416407
37621.699048796116,8.022455529416407
37641.73792761977,7.600221027868175
37661.77680644341,8.022455529416407
37681.815685267065,10.5558625387058
37701.85456409072,7.600221027868175
37721.89344291436,4.222345015482319
37741.932321738015,5.066814018578784
37761.97120056166,8.022455529416407
37782.01007938531,7.177986526319943
37802.048958208965,5.911283021675247
37822.08783703261,7.600221027868175
37842.12671585626,5.489048520127016
37862.165594679915,8.86692453251287
37882.20447350356,5.911283021675247
37902.24335232721,6.755752024771711
37922.28223115086,6.333517523223479
37942.32110997451,8.444690030964638
37962.35998879816,8.86692453251287
37982.39886762181,8.022455529416407
38002.43774644546,9.711393535609334
38022.476625269104,4.222345015482319
38042.51550409276,7.600221027868175
38062.55438291641,8.022455529416407
38082.593261740054,6.333517523223479
38102.632140563706,9.711393535609334
38122.67101938736,8.86692453251287
38142.709898211004,9.289159034061102
38162.748777034656,8.444690030964638
38182.7876558583,6.333517523223479
38202.82653468195,7.600221027868175
38222.865413505606,5.066814018578784
38242.90429232925,7.177986526319943
38262.9431711529,7.177986526319943
38282.982049976556,10.133628037157568
38303.0209288002,6.333517523223479
38323.05980762385,10.978097040254031
38343.0986864475,6.755752024771711
38363.13756527115,5.489048520127016
38383.1764440948,6.755752024771711
38403.21532291845,5.911283021675247
38423.2542017421,6.755752024771711
38443.293080565745,5.489048520127016
38463.3319593894,7.600221027868175
38483.37083821305,3.8001105139340874
38503.409717036695,7.600221027868175
38523.44859586035,10.133628037157568
38543.487474684,4.644579517030551
38563.526353507645,8.022455529416407
38583.5652323313,5.911283021675247
38603.60411115494,5.066814018578784
38623.642989978594,8.022455529416407
38643.68186880225,5.911283021675247
38663.72074762589,6.755752024771711
38683.759626449544,6.755752024771711
38703.79850527319,7.177986526319943
38723.83738409684,4.222345015482319
38743.876262920494,7.177986526319943
38763.91514174414,7.177986526319943
38783.95402056779,5.489048520127016
38803.992899391444,5.489048520127016
38824.03177821509,9.289159034061102
38844.07065703874,8.444690030964638
38864.109535862386,7.600221027868175
38884.14841468604,5.066814018578784
38904.18729350969,6.755752024771711
38924.226172333336,8.86692453251287
38944.26505115699,6.755752024771711
38964.30392998063,3.3778760123858556
38984.342808804286,7.177986526319943
39004.38168762794,5.911283021675247
39024.42056645158,6.755752024771711
39044.459445275235,6.755752024771711
39064.49832409889,5.066814018578784
39084.53720292253,5.489048520127016
39104.576081746185,6.333517523223479
39124.61496056983,8.444690030964638
39144.65383939348,2.533407009289392
39164.692718217135,8.022455529416407
39184.73159704078,4.222345015482319
39204.77047586443,7.600221027868175
39224.80935468808,4.222345015482319
39244.84823351173,5.489048520127016
39264.88711233538,8.86692453251287
39284.92599115903,5.489048520127016
39304.96486998268,4.222345015482319
39325.00374880633,6.333517523223479
39345.04262762998,5.489048520127016
39365.08150645363,7.177986526319943
39385.120385277274,7.177986526319943
39405.15926410093,5.489048520127016
39425.19814292458,6.755752024771711
39445.237021748224,7.177986526319943
39465.275900571876,7.177986526319943
39485.31477939553,5.489048520127016
39505.353658219174,9.289159034061102
39525.392537042826,5.911283021675247
39545.43141586647,8.022455529416407
39565.47029469012,4.222345015482319
39585.509173513776,6.333517523223479
39605.54805233742,5.066814018578784
39625.58693116107,5.911283021675247
39645.62580998472,5.489048520127016
39665.66468880837,10.5558625387058
39685.70356763202,5.489048520127016
39705.74244645567,3.8001105139340874
39725.78132527932,3.8001105139340874
39745.82020410297,4.644579517030551
39765.85908292662,6.333517523223479
39785.89796175027,5.066814018578784
39805.936840573915,3.3778760123858556
39825.97571939757,6.333517523223479
39846.01459822122,4.644579517030551
39866.053477044865,7.177986526319943
39886.09235586852,3.8001105139340874
39906.13123469216,7.600221027868175
39926.170113515815,3.3778760123858556
39946.20899233947,4.644579517030551
39966.24787116311,5.911283021675247
39986.286749986764,6.333517523223479
40006.32562881042,8.022455529416407
40026.36450763406,5.911283021675247
40046.403386457714,5.911283021675247
40066.44226528136,6.755752024771711
40086.48114410501,3.8001105139340874
40106.520022928664,5.911283021675247
40126.55890175231,4.222345015482319
40146.59778057596,3.8001105139340874
40166.636659399606,5.066814018578784
40186.67553822326,4.222345015482319
40206.71441704691,5.066814018578784
40226.753295870556,5.911283021675247
40246.79217469421,5.066814018578784
40266.83105351786,8.022455529416407
40286.869932341506,2.533407009289392
40306.90881116516,4.644579517030551
40326.9476899888,5.489048520127016
40346.986568812456,5.911283021675247
40367.02544763611,2.533407009289392
40387.06432645975,4.644579517030551
40407.103205283405,2.1111725077411596
40427.14208410705,5.066814018578784
40447.1809629307,5.911283021675247
40467.219841754355,2.533407009289392
40487.258720578,2.533407009289392
40507.29759940165,2.533407009289392
40527.336478225305,4.644579517030551
40547.37535704895,5.911283021675247
40567.4142358726,4.644579517030551
40587.45311469625,4.644579517030551
40607.4919935199,4.644579517030551
40627.53087234355,6.333517523223479
40647.5697511672,4.222345015482319
40667.60862999085,5.066814018578784
40687.6475088145,3.8001105139340874
40707.68638763815,4.644579517030551
40727.7252664618,7.600221027868175
40747.764145285444,6.755752024771711
40767.8030241091,3.3778760123858556
40787.84190293275,4.644579517030551
40807.880781756394,4.222345015482319
40827.919660580046,2.9556415108376237
40847.95853940369,5.066814018578784
40867.99741822734,4.222345015482319
40888.036297050996,3.8001105139340874
40908.07517587464,5.066814018578784
40928.11405469829,3.8001105139340874
40948.152933521946,5.066814018578784
40968.19181234559,3.8001105139340874
40988.23069116924,6.333517523223479
41008.26956999289,4.644579517030551
