Energy (keV),Intensity (CPS)
-11.340946035124064,0.0
8.69908695427799,0.0
28.739119943680045,0.0
48.7791529330821,0.0
68.81918592248415,0.0
88.8592189118862,0.0
108.89925190128827,0.0
128.93928489069032,0.0
148.97931788009237,0.0
169.01935086949442,0.0
189.05938385889647,0.0
209.09941684829852,0.0
229.1394498377006,0.0
249.17948282710265,0.0
269.21951581650467,0.0
289.2595488059067,0.0
309.29958179530877,0.0
329.3396147847108,0.42406860799306334
349.37964777411287,0.42406860799306334
369.4196807635149,0.0
389.45971375291697,1.27220582397919
409.499746742319,1.6962744319722534
429.53977973172107,1.6962744319722534
449.5798127211231,1.6962744319722534
469.6198457105252,1.6962744319722534
489.6598786999273,3.3925488639445067
509.6999116893293,1.27220582397919
529.7399446787314,2.9684802559514436
549.7799776681335,3.3925488639445067
569.8200106575355,7.63323494387514
589.8600436469376,2.9684802559514436
609.9000766363396,1.27220582397919
629.9401096257417,4.240686079930633
649.9801426151438,4.664754687923697
670.0201756045458,3.3925488639445067
690.0602085939479,5.08882329591676
710.1002415833499,7.63323494387514
730.140274572752,5.512891903909823
750.180307562154,8.481372159861266
770.2203405515561,8.057303551868204
790.2603735409581,5.936960511902887
810.3004065303602,6.36102911989595
830.3404395197622,5.512891903909823
850.3804725091643,5.512891903909823
870.4205054985663,6.785097727889013
890.4605384879684,5.936960511902887
910.5005714773704,9.753577983840456
930.5406044667725,5.512891903909823
950.5806374561746,8.90544076785433
970.6206704455766,5.512891903909823
990.6607034349787,5.936960511902887
1010.7007364243807,3.81661747193757
1030.7407694137828,3.81661747193757
1050.780802403185,4.240686079930633
1070.8208353925868,5.936960511902887
1090.860868381989,8.481372159861266
1110.900901371391,6.785097727889013
1130.940934360793,5.512891903909823
1150.980967350195,7.63323494387514
1171.021000339597,5.08882329591676
1191.0610333289992,8.481372159861266
1211.1010663184013,6.36102911989595
1231.1410993078032,5.936960511902887
1251.1811322972053,8.057303551868204
1271.2211652866074,6.36102911989595
1291.2611982760095,5.512891903909823
1311.3012312654116,4.240686079930633
1331.3412642548135,8.057303551868204
1351.3812972442156,5.936960511902887
1371.4213302336177,8.057303551868204
1391.4613632230198,6.785097727889013
1411.5013962124217,3.81661747193757
1431.5414292018238,5.512891903909823
1451.581462191226,4.664754687923697
1471.621495180628,5.512891903909823
1491.66152817003,3.81661747193757
1511.701561159432,5.08882329591676
1531.741594148834,6.785097727889013
1551.7816271382362,7.63323494387514
1571.821660127638,6.36102911989595
1591.8616931170402,5.08882329591676
1611.9017261064423,5.08882329591676
1631.9417590958444,7.209166335882077
1651.9817920852465,5.512891903909823
1672.0218250746484,5.512891903909823
1692.0618580640505,5.08882329591676
1712.1018910534526,5.08882329591676
1732.1419240428547,5.936960511902887
1752.1819570322566,6.36102911989595
1772.2219900216587,3.81661747193757
1792.2620230110608,6.785097727889013
1812.302056000463,5.936960511902887
1832.3420889898648,5.512891903909823
1852.382121979267,3.81661747193757
1872.422154968669,5.936960511902887
1892.4621879580711,3.3925488639445067
1912.5022209474732,5.08882329591676
1932.542253936875,5.08882329591676
1952.5822869262772,4.664754687923697
1972.6223199156793,4.664754687923697
1992.6623529050814,5.512891903909823
2012.7023858944833,5.08882329591676
2032.7424188838854,5.512891903909823
2052.7824518732873,5.08882329591676
2072.8224848626896,5.512891903909823
2092.8625178520915,4.664754687923697
2112.902550841494,5.936960511902887
2132.9425838308957,3.3925488639445067
2152.9826168202976,4.664754687923697
2173.0226498097,6.36102911989595
2193.062682799102,7.209166335882077
2213.1027157885037,5.936960511902887
2233.142748777906,4.240686079930633
2253.182781767308,5.08882329591676
2273.2228147567102,2.54441164795838
2293.262847746112,5.512891903909823
2313.302880735514,7.63323494387514
2333.3429137249163,4.240686079930633
2353.382946714318,3.81661747193757
2373.4229797037206,4.240686079930633
2393.4630126931224,7.63323494387514
2413.5030456825243,3.3925488639445067
2433.5430786719267,2.1203430399653165
2453.5831116613285,6.785097727889013
2473.6231446507304,7.209166335882077
2493.6631776401327,7.209166335882077
2513.7032106295346,3.81661747193757
2533.743243618937,7.209166335882077
2553.783276608339,6.36102911989595
2573.8233095977407,3.3925488639445067
2593.863342587143,5.936960511902887
2613.903375576545,5.512891903909823
2633.9434085659473,4.664754687923697
2653.983441555349,6.36102911989595
2674.023474544751,3.3925488639445067
2694.0635075341534,4.240686079930633
2714.1035405235552,2.54441164795838
2734.143573512957,4.664754687923697
2754.1836065023595,2.1203430399653165
2774.2236394917613,3.81661747193757
2794.2636724811637,4.240686079930633
2814.3037054705655,4.664754687923697
2834.3437384599674,5.936960511902887
2854.3837714493698,5.08882329591676
2874.4238044387716,4.664754687923697
2894.463837428174,8.90544076785433
2914.503870417576,4.664754687923697
2934.5439034069777,5.936960511902887
2954.58393639638,5.936960511902887
2974.623969385782,2.9684802559514436
2994.664002375184,4.664754687923697
3014.704035364586,4.664754687923697
3034.744068353988,2.9684802559514436
3054.7841013433904,3.81661747193757
3074.8241343327923,6.36102911989595
3094.864167322194,5.936960511902887
3114.9042003115965,3.3925488639445067
3134.9442333009983,5.936960511902887
3154.9842662904002,3.81661747193757
3175.0242992798026,5.08882329591676
3195.0643322692044,3.81661747193757
3215.104365258607,6.36102911989595
3235.1443982480087,1.6962744319722534
3255.1844312374105,6.785097727889013
3275.224464226813,2.9684802559514436
3295.2644972162147,5.512891903909823
3315.304530205617,5.512891903909823
3335.344563195019,5.08882329591676
3355.384596184421,3.3925488639445067
3375.424629173823,5.08882329591676
3395.464662163225,3.81661747193757
3415.504695152627,7.63323494387514
3435.5447281420293,5.936960511902887
3455.584761131431,1.6962744319722534
3475.6247941208335,6.785097727889013
3495.6648271102354,4.664754687923697
3515.7048600996372,4.240686079930633
3535.7448930890396,2.54441164795838
3555.7849260784415,2.9684802559514436
3575.824959067844,4.664754687923697
3595.8649920572457,7.209166335882077
3615.9050250466476,4.664754687923697
3635.94505803605,5.512891903909823
3655.9850910254518,5.512891903909823
3676.0251240148536,5.08882329591676
3696.065157004256,3.3925488639445067
3716.105189993658,4.664754687923697
3736.14522298306,5.512891903909823
3756.185255972462,4.664754687923697
3776.225288961864,3.3925488639445067
3796.2653219512663,5.936960511902887
3816.305354940668,3.3925488639445067
3836.3453879300705,2.9684802559514436
3856.3854209194724,5.512891903909823
3876.4254539088743,4.664754687923697
3896.4654868982766,2.9684802559514436
3916.5055198876785,5.08882329591676
3936.5455528770804,5.08882329591676
3956.5855858664827,2.54441164795838
3976.6256188558846,3.3925488639445067
3996.665651845287,5.08882329591676
4016.705684834689,3.81661747193757
4036.7457178240907,2.54441164795838
4056.785750813493,4.240686079930633
4076.825783802895,2.54441164795838
4096.865816792297,4.240686079930633
4116.905849781699,3.81661747193757
4136.945882771101,3.3925488639445067
4156.985915760503,2.54441164795838
4177.025948749905,4.240686079930633
4197.065981739307,1.6962744319722534
4217.106014728709,3.3925488639445067
4237.146047718112,2.54441164795838
4257.186080707514,6.36102911989595
4277.2261136969155,3.81661747193757
4297.266146686317,3.3925488639445067
4317.306179675719,3.3925488639445067
4337.346212665122,4.664754687923697
4357.386245654524,5.08882329591676
4377.426278643926,2.9684802559514436
4397.466311633328,3.3925488639445067
4417.50634462273,1.6962744319722534
4437.546377612131,2.54441164795838
4457.586410601534,6.785097727889013
4477.626443590936,4.664754687923697
4497.666476580338,3.3925488639445067
4517.70650956974,1.6962744319722534
4537.746542559142,4.240686079930633
4557.7865755485445,2.1203430399653165
4577.826608537946,3.81661747193757
4597.866641527348,3.81661747193757
4617.90667451675,4.664754687923697
4637.946707506152,2.54441164795838
4657.986740495555,3.3925488639445067
4678.026773484957,3.3925488639445067
4698.066806474359,0.8481372159861267
4718.1068394637605,3.3925488639445067
4738.146872453162,3.3925488639445067
4758.186905442565,2.54441164795838
4778.226938431967,3.3925488639445067
4798.266971421369,2.54441164795838
4818.307004410771,3.81661747193757
4838.347037400173,0.8481372159861267
4858.3870703895755,1.27220582397919
4878.427103378977,2.9684802559514436
4898.467136368379,1.27220582397919
4918.507169357781,1.6962744319722534
4938.547202347183,2.54441164795838
4958.587235336585,0.42406860799306334
4978.627268325988,4.664754687923697
4998.6673013153895,2.54441164795838
5018.707334304791,1.6962744319722534
5038.747367294193,0.8481372159861267
5058.787400283595,5.08882329591676
5078.827433272998,2.1203430399653165
5098.8674662624,2.1203430399653165
5118.907499251802,2.9684802559514436
5138.947532241204,2.1203430399653165
5158.9875652306055,3.81661747193757
5179.027598220008,1.6962744319722534
5199.06763120941,2.1203430399653165
5219.107664198812,2.9684802559514436
5239.147697188214,0.8481372159861267
5259.187730177616,2.54441164795838
5279.227763167019,3.81661747193757
5299.26779615642,2.54441164795838
5319.307829145822,2.54441164795838
5339.347862135224,1.6962744319722534
5359.387895124626,2.54441164795838
5379.427928114028,2.54441164795838
5399.467961103431,0.42406860799306334
5419.507994092833,1.27220582397919
5439.5480270822345,2.54441164795838
5459.588060071636,1.27220582397919
5479.628093061038,2.54441164795838
5499.668126050441,1.27220582397919
5519.708159039843,3.3925488639445067
5539.748192029245,0.8481372159861267
5559.788225018647,2.1203430399653165
5579.828258008049,2.9684802559514436
5599.868290997451,3.81661747193757
5619.908323986853,2.1203430399653165
5639.948356976255,2.1203430399653165
5659.988389965657,1.6962744319722534
5680.028422955059,1.27220582397919
5700.068455944462,0.0
5720.108488933864,1.27220582397919
5740.148521923265,2.1203430399653165
5760.188554912667,0.0
5780.228587902069,1.6962744319722534
5800.268620891472,1.27220582397919
5820.308653880874,0.42406860799306334
5840.348686870276,1.27220582397919
5860.388719859678,1.27220582397919
5880.4287528490795,0.8481372159861267
5900.468785838481,0.0
5920.508818827884,1.27220582397919
5940.548851817286,0.8481372159861267
5960.588884806688,1.27220582397919
5980.62891779609,0.0
6000.668950785492,0.0
6020.7089837748945,1.27220582397919
6040.749016764296,1.27220582397919
6060.789049753698,0.8481372159861267
6080.8290827431,1.6962744319722534
6100.869115732502,0.8481372159861267
6120.909148721905,1.6962744319722534
6140.949181711307,1.6962744319722534
6160.9892147007085,0.8481372159861267
6181.02924769011,0.8481372159861267
6201.069280679512,0.0
6221.109313668915,0.8481372159861267
6241.149346658317,0.8481372159861267
6261.189379647719,0.42406860799306334
6281.229412637121,0.8481372159861267
6301.269445626523,0.42406860799306334
6321.3094786159245,0.42406860799306334
6341.349511605327,0.0
6361.389544594729,0.8481372159861267
6381.429577584131,2.54441164795838
6401.469610573533,0.8481372159861267
6421.509643562935,0.8481372159861267
6441.549676552338,0.8481372159861267
6461.5897095417395,2.1203430399653165
6481.629742531141,1.27220582397919
6501.669775520543,1.27220582397919
6521.709808509945,0.42406860799306334
6541.749841499348,1.27220582397919
6561.78987448875,0.42406860799306334
6581.829907478152,0.0
6601.8699404675535,0.0
6621.909973456955,0.0
6641.950006446358,0.0
6661.99003943576,1.6962744319722534
6682.030072425162,0.8481372159861267
6702.070105414564,0.0
6722.110138403966,0.0
6742.1501713933685,0.0
6762.19020438277,0.8481372159861267
6782.230237372172,0.0
6802.270270361574,0.42406860799306334
6822.310303350976,0.8481372159861267
6842.350336340378,0.8481372159861267
6862.390369329781,0.0
6882.430402319183,0.42406860799306334
6902.4704353085845,0.42406860799306334
6922.510468297986,0.8481372159861267
6942.550501287388,0.8481372159861267
6962.590534276791,1.6962744319722534
6982.630567266193,0.0
7002.670600255595,0.0
7022.710633244997,0.8481372159861267
7042.7506662343985,0.8481372159861267
7062.790699223801,0.42406860799306334
7082.830732213203,0.42406860799306334
7102.870765202605,0.0
7122.910798192007,0.0
7142.950831181409,1.27220582397919
7162.990864170812,1.6962744319722534
7183.0308971602135,0.0
7203.070930149615,0.0
7223.110963139017,0.42406860799306334
7243.150996128419,1.27220582397919
7263.191029117821,0.8481372159861267
7283.231062107224,0.0
7303.271095096626,0.42406860799306334
7323.311128086028,0.42406860799306334
7343.351161075429,1.27220582397919
7363.391194064831,0.42406860799306334
7383.431227054234,0.0
7403.471260043636,0.42406860799306334
7423.511293033038,0.42406860799306334
7443.55132602244,0.8481372159861267
7463.591359011842,0.8481372159861267
7483.631392001244,0.42406860799306334
7503.671424990646,0.42406860799306334
7523.711457980048,0.42406860799306334
7543.75149096945,1.27220582397919
7563.791523958852,2.54441164795838
7583.831556948255,1.27220582397919
7603.871589937657,0.42406860799306334
7623.9116229270585,1.27220582397919
7643.95165591646,0.0
7663.991688905862,0.0
7684.031721895265,0.8481372159861267
7704.071754884667,0.0
7724.111787874069,0.0
7744.151820863471,0.8481372159861267
7764.191853852873,0.0
7784.231886842274,0.42406860799306334
7804.271919831677,1.27220582397919
7824.311952821079,0.42406860799306334
7844.351985810481,1.27220582397919
7864.392018799883,1.6962744319722534
7884.432051789285,0.8481372159861267
7904.4720847786875,0.8481372159861267
7924.512117768089,1.27220582397919
7944.552150757491,1.6962744319722534
7964.592183746893,3.3925488639445067
7984.632216736295,2.1203430399653165
8004.672249725698,2.1203430399653165
8024.7122827151,3.81661747193757
8044.752315704502,2.9684802559514436
8064.7923486939035,4.240686079930633
8084.832381683305,3.81661747193757
8104.872414672708,2.1203430399653165
8124.91244766211,2.54441164795838
8144.952480651512,1.6962744319722534
8164.992513640914,0.8481372159861267
8185.032546630316,0.0
8205.072579619717,0.8481372159861267
8225.112612609119,0.8481372159861267
8245.15264559852,0.42406860799306334
8265.192678587924,0.42406860799306334
8285.232711577326,0.8481372159861267
8305.272744566728,0.0
8325.31277755613,0.8481372159861267
8345.352810545532,0.42406860799306334
8365.392843534933,2.1203430399653165
8385.432876524335,1.27220582397919
8405.472909513737,0.8481372159861267
8425.51294250314,0.8481372159861267
8445.552975492541,0.0
8465.593008481943,2.54441164795838
8485.633041471347,1.27220582397919
8505.673074460748,2.1203430399653165
8525.71310745015,2.54441164795838
8545.753140439552,6.785097727889013
8565.793173428954,8.481372159861266
8585.833206418356,9.329509375847394
8605.873239407758,9.753577983840456
8625.91327239716,14.418332671764153
8645.953305386562,10.17764659183352
8665.993338375964,8.481372159861266
8686.033371365367,6.36102911989595
8706.073404354769,5.936960511902887
8726.113437344171,4.240686079930633
8746.153470333573,0.42406860799306334
8766.193503322975,2.1203430399653165
8786.233536312377,0.8481372159861267
8806.273569301778,1.27220582397919
8826.31360229118,0.42406860799306334
8846.353635280582,0.0
8866.393668269984,2.1203430399653165
8886.433701259386,0.8481372159861267
8906.47373424879,0.42406860799306334
8926.513767238192,1.27220582397919
8946.553800227593,0.0
8966.593833216995,0.42406860799306334
8986.633866206397,0.0
9006.6738991958,0.42406860799306334
9026.713932185201,0.42406860799306334
9046.753965174603,0.0
9066.793998164005,0.42406860799306334
9086.834031153407,0.0
9106.87406414281,0.42406860799306334
9126.914097132212,0.0
9146.954130121614,0.0
9166.994163111016,1.27220582397919
9187.034196100418,0.42406860799306334
9207.07422908982,0.42406860799306334
9227.114262079222,0.42406860799306334
9247.154295068623,0.0
9267.194328058025,0.0
9287.234361047427,0.0
9307.274394036831,0.8481372159861267
9327.314427026233,0.0
9347.354460015635,0.8481372159861267
9367.394493005037,0.0
9387.434525994438,0.8481372159861267
9407.47455898384,0.42406860799306334
9427.514591973242,0.8481372159861267
9447.554624962644,0.8481372159861267
9467.594657952046,1.27220582397919
9487.634690941448,0.8481372159861267
9507.67472393085,2.1203430399653165
9527.714756920253,1.27220582397919
9547.754789909655,2.9684802559514436
9567.794822899057,0.42406860799306334
9587.834855888459,1.6962744319722534
9607.874888877861,2.1203430399653165
9627.914921867263,2.1203430399653165
9647.954954856665,0.42406860799306334
9667.994987846067,1.27220582397919
9688.035020835468,0.8481372159861267
9708.07505382487,0.42406860799306334
9728.115086814274,0.42406860799306334
9748.155119803676,0.42406860799306334
9768.195152793078,0.0
9788.23518578248,0.0
9808.275218771882,0.42406860799306334
9828.315251761283,0.0
9848.355284750685,0.42406860799306334
9868.395317740087,0.0
9888.435350729489,0.42406860799306334
9908.475383718891,0.0
9928.515416708293,0.0
9948.555449697697,0.42406860799306334
9968.595482687098,0.0
9988.6355156765,0.0
10008.675548665902,0.0
10028.715581655304,0.0
10048.755614644706,0.0
10068.795647634108,0.0
10088.83568062351,0.0
10108.875713612912,0.0
10128.915746602313,0.0
10148.955779591717,0.0
10168.995812581119,0.0
10189.03584557052,0.0
10209.075878559923,0.0
10229.115911549325,0.42406860799306334
10249.155944538727,0.0
10269.195977528128,0.0
10289.23601051753,0.42406860799306334
10309.276043506932,0.42406860799306334
10329.316076496334,0.42406860799306334
10349.356109485736,0.0
10369.39614247514,0.0
10389.436175464542,0.42406860799306334
10409.476208453943,0.0
10429.516241443345,0.0
10449.556274432747,0.0
10469.596307422149,0.0
10489.636340411551,0.8481372159861267
10509.676373400953,0.0
10529.716406390355,0.0
10549.756439379757,0.42406860799306334
10569.79647236916,0.0
10589.836505358562,1.27220582397919
10609.876538347964,0.42406860799306334
10629.916571337366,0.8481372159861267
10649.956604326768,1.27220582397919
10669.99663731617,2.54441164795838
10690.036670305572,2.54441164795838
10710.076703294973,3.3925488639445067
10730.116736284375,4.240686079930633
10750.156769273777,8.90544076785433
10770.196802263179,9.329509375847394
10790.236835252583,10.17764659183352
10810.276868241985,10.17764659183352
10830.316901231387,8.90544076785433
10850.356934220788,12.7220582397919
10870.39696721019,14.418332671764153
10890.437000199592,12.7220582397919
10910.477033188994,6.785097727889013
10930.517066178396,3.81661747193757
10950.557099167798,4.664754687923697
10970.5971321572,5.512891903909823
10990.637165146603,0.8481372159861267
11010.677198136005,2.54441164795838
11030.717231125407,0.0
11050.757264114809,0.0
11070.79729710421,0.42406860799306334
11090.837330093613,0.42406860799306334
11110.877363083015,0.0
11130.917396072417,0.0
11150.957429061818,0.0
11170.99746205122,0.0
11191.037495040622,0.42406860799306334
11211.077528030026,0.0
11231.117561019428,0.0
11251.15759400883,0.0
11271.197626998231,0.0
11291.237659987633,0.0
11311.277692977035,0.0
11331.317725966437,0.42406860799306334
11351.357758955839,0.0
11371.39779194524,0.42406860799306334
11391.437824934643,0.0
11411.477857924046,0.0
11431.517890913448,0.0
11451.55792390285,0.42406860799306334
11471.597956892252,0.0
11491.637989881654,0.0
11511.678022871056,0.0
11531.718055860458,0.8481372159861267
11551.75808884986,0.42406860799306334
11571.798121839262,0.42406860799306334
11591.838154828663,0.0
11611.878187818067,0.0
11631.918220807469,0.42406860799306334
11651.95825379687,0.42406860799306334
11671.998286786273,0.0
11692.038319775675,0.42406860799306334
11712.078352765076,0.42406860799306334
11732.118385754478,0.0
11752.15841874388,0.42406860799306334
11772.198451733282,1.27220582397919
11792.238484722684,0.0
11812.278517712086,0.0
11832.31855070149,0.42406860799306334
11852.358583690891,0.42406860799306334
11872.398616680293,0.0
11892.438649669695,0.0
11912.478682659097,0.8481372159861267
11932.518715648499,0.0
11952.5587486379,0.0
11972.598781627303,0.0
11992.638814616705,0.42406860799306334
12012.678847606107,0.0
12032.71888059551,0.42406860799306334
12052.758913584912,0.0
12072.798946574314,0.0
12092.838979563716,0.0
12112.879012553118,0.0
12132.91904554252,0.0
12152.959078531921,0.42406860799306334
12172.999111521323,0.0
12193.039144510725,0.0
12213.079177500127,0.42406860799306334
12233.119210489529,0.42406860799306334
12253.159243478933,0.0
12273.199276468335,0.0
12293.239309457736,0.0
12313.279342447138,0.0
12333.31937543654,0.0
12353.359408425942,0.42406860799306334
12373.399441415344,0.42406860799306334
12393.439474404746,0.8481372159861267
12413.479507394148,0.42406860799306334
12433.51954038355,1.27220582397919
12453.559573372953,0.0
12473.599606362355,1.27220582397919
12493.639639351757,2.1203430399653165
12513.679672341159,0.8481372159861267
12533.71970533056,0.42406860799306334
12553.759738319963,0.8481372159861267
12573.799771309365,0.8481372159861267
12593.839804298766,2.54441164795838
12613.879837288168,2.54441164795838
12633.91987027757,1.27220582397919
12653.959903266972,1.27220582397919
12673.999936256376,2.1203430399653165
12694.039969245778,2.1203430399653165
12714.08000223518,1.6962744319722534
12734.120035224581,1.27220582397919
12754.160068213983,1.27220582397919
12774.200101203385,1.27220582397919
12794.240134192787,0.8481372159861267
12814.280167182189,1.6962744319722534
12834.32020017159,1.6962744319722534
12854.360233160993,1.27220582397919
12874.400266150396,4.240686079930633
12894.440299139798,3.3925488639445067
12914.4803321292,6.36102911989595
12934.520365118602,9.329509375847394
12954.560398108004,10.601715199826584
12974.600431097406,9.329509375847394
12994.640464086808,9.753577983840456
13014.68049707621,14.418332671764153
13034.720530065611,13.570195455778027
13054.760563055013,13.570195455778027
13074.800596044415,7.209166335882077
13094.840629033819,10.601715199826584
13114.88066202322,5.936960511902887
13134.920695012623,8.057303551868204
13154.960728002025,1.6962744319722534
13175.000760991426,3.3925488639445067
13195.040793980828,2.9684802559514436
13215.08082697023,0.42406860799306334
13235.120859959632,2.54441164795838
13255.160892949034,2.1203430399653165
13275.200925938436,0.8481372159861267
13295.24095892784,0.8481372159861267
13315.280991917241,0.8481372159861267
13335.321024906643,0.0
13355.361057896045,1.27220582397919
13375.401090885447,1.27220582397919
13395.441123874849,1.6962744319722534
13415.48115686425,0.8481372159861267
13435.521189853653,0.8481372159861267
13455.561222843055,0.42406860799306334
13475.601255832456,0.0
13495.64128882186,0.8481372159861267
13515.681321811262,0.8481372159861267
13535.721354800664,0.0
13555.761387790066,0.8481372159861267
13575.801420779468,0.0
13595.84145376887,0.0
13615.881486758271,0.8481372159861267
13635.921519747673,0.0
13655.961552737075,0.42406860799306334
13676.001585726477,0.0
13696.041618715879,0.42406860799306334
13716.081651705283,0.0
13736.121684694685,0.0
13756.161717684086,1.27220582397919
13776.201750673488,0.0
13796.24178366289,0.0
13816.281816652292,0.42406860799306334
13836.321849641694,0.42406860799306334
13856.361882631096,0.0
13876.401915620498,0.42406860799306334
13896.4419486099,0.42406860799306334
13916.481981599303,0.42406860799306334
13936.522014588705,0.0
13956.562047578107,0.0
13976.602080567509,0.0
13996.64211355691,0.42406860799306334
14016.682146546313,0.42406860799306334
14036.722179535715,0.8481372159861267
14056.762212525116,1.27220582397919
14076.802245514518,0.8481372159861267
14096.84227850392,2.1203430399653165
14116.882311493322,1.27220582397919
14136.922344482726,1.27220582397919
14156.962377472128,1.6962744319722534
14177.00241046153,0.42406860799306334
14197.042443450931,0.42406860799306334
14217.082476440333,1.27220582397919
14237.122509429735,0.8481372159861267
14257.162542419137,0.0
14277.202575408539,0.42406860799306334
14297.24260839794,0.42406860799306334
14317.282641387343,0.0
14337.322674376746,0.42406860799306334
14357.362707366148,0.8481372159861267
14377.40274035555,0.42406860799306334
14397.442773344952,0.0
14417.482806334354,0.42406860799306334
14437.522839323756,0.0
14457.562872313158,0.0
14477.60290530256,0.0
14497.642938291961,0.0
14517.682971281363,0.0
14537.723004270765,0.0
14557.763037260169,0.0
14577.80307024957,0.0
14597.843103238973,0.0
14617.883136228374,0.0
14637.923169217776,0.0
14657.963202207178,0.8481372159861267
14678.00323519658,0.42406860799306334
14698.043268185982,0.0
14718.083301175384,0.0
14738.123334164786,0.42406860799306334
14758.16336715419,0.42406860799306334
14778.203400143591,0.0
14798.243433132993,0.8481372159861267
14818.283466122395,0.0
14838.323499111797,0.0
14858.363532101199,0.42406860799306334
14878.4035650906,0.0
14898.443598080003,0.42406860799306334
14918.483631069405,0.0
14938.523664058806,0.0
14958.563697048208,0.8481372159861267
14978.603730037612,0.42406860799306334
14998.643763027014,0.42406860799306334
15018.683796016416,0.8481372159861267
15038.723829005818,0.0
15058.76386199522,0.0
15078.803894984621,0.0
15098.843927974023,0.42406860799306334
15118.883960963425,2.1203430399653165
15138.923993952827,2.1203430399653165
15158.964026942229,1.27220582397919
15179.004059931633,3.81661747193757
15199.044092921034,2.54441164795838
15219.084125910436,0.8481372159861267
15239.124158899838,2.1203430399653165
15259.16419188924,0.8481372159861267
15279.204224878642,2.1203430399653165
15299.244257868044,0.0
15319.284290857446,2.1203430399653165
15339.324323846848,1.27220582397919
15359.36435683625,2.1203430399653165
15379.404389825653,0.42406860799306334
15399.444422815055,0.0
15419.484455804457,1.27220582397919
15439.524488793859,1.27220582397919
15459.56452178326,0.0
15479.604554772663,0.42406860799306334
15499.644587762064,0.42406860799306334
15519.684620751466,2.1203430399653165
15539.724653740868,1.6962744319722534
15559.76468673027,0.0
15579.804719719672,1.6962744319722534
15599.844752709076,2.54441164795838
15619.884785698478,0.8481372159861267
15639.92481868788,1.27220582397919
15659.964851677281,2.1203430399653165
15680.004884666683,1.6962744319722534
15700.044917656085,2.1203430399653165
15720.084950645487,0.42406860799306334
15740.124983634889,2.9684802559514436
15760.16501662429,4.664754687923697
15780.205049613693,1.27220582397919
15800.245082603096,2.1203430399653165
15820.285115592498,2.9684802559514436
15840.3251485819,1.6962744319722534
15860.365181571302,0.42406860799306334
15880.405214560704,1.6962744319722534
15900.445247550106,0.42406860799306334
15920.485280539508,1.6962744319722534
15940.52531352891,0.0
15960.565346518311,0.0
15980.605379507713,0.42406860799306334
16000.645412497115,0.8481372159861267
16020.685445486519,0.42406860799306334
16040.72547847592,0.0
16060.765511465323,0.0
16080.805544454724,0.42406860799306334
16100.845577444126,0.0
16120.885610433528,0.0
16140.92564342293,0.0
16160.965676412332,0.0
16181.005709401734,0.0
16201.045742391136,0.8481372159861267
16221.08577538054,0.8481372159861267
16241.125808369941,0.8481372159861267
16261.165841359343,0.42406860799306334
16281.205874348745,0.42406860799306334
16301.245907338147,0.0
16321.285940327549,1.27220582397919
16341.32597331695,0.8481372159861267
16361.366006306353,1.27220582397919
16381.406039295754,0.0
16401.446072285158,0.0
16421.48610527456,0.8481372159861267
16441.526138263962,0.0
16461.566171253362,0.0
16481.606204242766,1.27220582397919
16501.646237232166,1.27220582397919
16521.68627022157,0.0
16541.726303210973,0.0
16561.766336200373,0.0
16581.806369189777,0.0
16601.846402179177,0.42406860799306334
16621.88643516858,0.42406860799306334
16641.92646815798,0.0
16661.966501147384,0.0
16682.006534136784,0.42406860799306334
16702.046567126188,0.0
16722.08660011559,0.8481372159861267
16742.126633104992,0.42406860799306334
16762.166666094396,0.0
16782.206699083796,0.0
16802.2467320732,0.42406860799306334
16822.2867650626,0.0
16842.326798052003,0.0
16862.366831041403,0.42406860799306334
16882.406864030807,0.0
16902.446897020207,0.0
16922.48693000961,0.0
16942.52696299901,0.0
16962.566995988414,0.42406860799306334
16982.607028977818,0.8481372159861267
17002.647061967218,0.0
17022.687094956622,0.0
17042.727127946022,0.0
17062.767160935426,0.42406860799306334
17082.807193924826,0.0
17102.84722691423,0.0
17122.88725990363,0.0
17142.927292893033,0.0
17162.967325882437,1.27220582397919
17183.007358871837,1.27220582397919
17203.04739186124,1.27220582397919
17223.08742485064,1.27220582397919
17243.127457840044,1.27220582397919
17263.167490829444,2.54441164795838
17283.207523818848,5.08882329591676
17303.24755680825,5.936960511902887
17323.287589797652,7.63323494387514
17343.327622787052,7.63323494387514
17363.367655776456,9.753577983840456
17383.40768876586,11.44985241581271
17403.44772175526,10.601715199826584
17423.487754744663,14.842401279757217
17443.527787734063,17.81088153570866
17463.567820723467,12.7220582397919
17483.607853712867,13.146126847784963
17503.64788670227,10.601715199826584
17523.68791969167,9.329509375847394
17543.727952681074,10.17764659183352
17563.767985670474,4.664754687923697
17583.808018659878,6.36102911989595
17603.848051649282,4.240686079930633
17623.888084638682,2.1203430399653165
17643.928117628086,3.81661747193757
17663.968150617486,1.27220582397919
17684.00818360689,0.8481372159861267
17704.04821659629,0.42406860799306334
17724.088249585693,0.8481372159861267
17744.128282575093,0.0
17764.168315564497,0.8481372159861267
17784.208348553897,0.8481372159861267
17804.2483815433,0.0
17824.288414532704,0.0
17844.328447522104,0.0
17864.368480511508,0.42406860799306334
17884.408513500908,0.42406860799306334
17904.448546490312,0.0
17924.488579479712,0.8481372159861267
17944.528612469116,0.0
17964.568645458516,0.0
17984.60867844792,0.0
18004.648711437323,0.8481372159861267
18024.688744426723,0.0
18044.728777416127,0.0
18064.768810405527,0.0
18084.80884339493,0.0
18104.84887638433,0.42406860799306334
18124.888909373734,0.0
18144.928942363134,0.0
18164.968975352538,0.0
18185.009008341938,0.0
18205.049041331342,0.42406860799306334
18225.089074320746,0.0
18245.129107310146,0.0
18265.16914029955,0.0
18285.20917328895,0.42406860799306334
18305.249206278353,0.0
18325.289239267753,0.42406860799306334
18345.329272257157,0.42406860799306334
18365.369305246557,0.0
18385.40933823596,0.0
18405.44937122536,0.42406860799306334
18425.489404214764,0.42406860799306334
18445.529437204168,0.8481372159861267
18465.569470193568,0.0
18485.609503182972,0.42406860799306334
18505.649536172372,0.0
18525.689569161776,0.42406860799306334
18545.729602151176,0.42406860799306334
18565.76963514058,0.0
18585.80966812998,0.0
18605.849701119383,0.0
18625.889734108787,0.0
18645.929767098187,0.0
18665.96980008759,0.0
18686.00983307699,0.0
18706.049866066394,0.42406860799306334
18726.089899055794,0.42406860799306334
18746.129932045198,0.42406860799306334
18766.169965034598,0.0
18786.209998024002,0.0
18806.250031013402,0.42406860799306334
18826.290064002806,0.0
18846.33009699221,0.42406860799306334
18866.37012998161,1.6962744319722534
18886.410162971013,0.42406860799306334
18906.450195960413,0.0
18926.490228949817,0.0
18946.530261939217,0.42406860799306334
18966.57029492862,0.0
18986.61032791802,0.8481372159861267
19006.650360907424,0.42406860799306334
19026.690393896824,0.0
19046.730426886228,0.0
19066.77045987563,0.0
19086.810492865032,0.0
19106.850525854436,0.0
19126.890558843836,0.42406860799306334
19146.93059183324,0.0
19166.97062482264,0.42406860799306334
19187.010657812043,0.0
19207.050690801443,0.0
19227.090723790847,0.0
19247.130756780247,0.0
19267.17078976965,0.0
19287.210822759054,0.42406860799306334
19307.250855748454,0.42406860799306334
19327.290888737858,0.42406860799306334
19347.330921727258,0.42406860799306334
19367.37095471666,0.0
19387.410987706062,0.42406860799306334
19407.451020695466,0.0
19427.491053684866,0.0
19447.53108667427,0.0
19467.571119663673,0.42406860799306334
19487.611152653073,2.1203430399653165
19507.651185642477,1.27220582397919
19527.691218631877,2.1203430399653165
19547.73125162128,2.54441164795838
19567.77128461068,4.240686079930633
19587.811317600084,2.9684802559514436
19607.851350589484,0.0
19627.891383578888,1.27220582397919
19647.931416568288,2.1203430399653165
19667.97144955769,2.1203430399653165
19688.011482547096,1.27220582397919
19708.051515536496,0.8481372159861267
19728.0915485259,1.6962744319722534
19748.1315815153,0.0
19768.171614504703,1.27220582397919
19788.211647494103,0.42406860799306334
19808.251680483507,0.0
19828.291713472907,0.8481372159861267
19848.33174646231,0.0
19868.37177945171,0.42406860799306334
19888.411812441114,0.42406860799306334
19908.451845430518,0.8481372159861267
19928.491878419918,0.0
19948.53191140932,0.42406860799306334
19968.571944398722,0.42406860799306334
19988.611977388126,0.0
20008.652010377526,0.42406860799306334
20028.69204336693,0.42406860799306334
20048.73207635633,0.8481372159861267
20068.772109345733,0.42406860799306334
20088.812142335133,0.8481372159861267
20108.852175324537,0.0
20128.89220831394,0.42406860799306334
20148.93224130334,0.8481372159861267
20168.972274292744,0.8481372159861267
20189.012307282144,0.8481372159861267
20209.052340271548,0.0
20229.092373260948,0.42406860799306334
20249.13240625035,0.42406860799306334
20269.172439239752,0.0
20289.212472229156,0.0
20309.25250521856,0.42406860799306334
20329.29253820796,0.42406860799306334
20349.332571197363,0.0
20369.372604186763,0.42406860799306334
20389.412637176167,0.0
20409.452670165567,0.42406860799306334
20429.49270315497,0.8481372159861267
20449.53273614437,0.0
20469.572769133774,0.0
20489.612802123174,0.42406860799306334
20509.652835112578,0.42406860799306334
20529.69286810198,0.0
20549.73290109138,0.0
20569.772934080785,0.42406860799306334
20589.812967070186,0.8481372159861267
20609.85300005959,0.42406860799306334
20629.89303304899,0.8481372159861267
20649.933066038393,0.42406860799306334
20669.973099027793,0.42406860799306334
20690.013132017197,0.42406860799306334
20710.053165006597,0.0
20730.093197996,0.0
20750.133230985404,0.0
20770.173263974804,0.42406860799306334
20790.213296964208,0.42406860799306334
20810.253329953608,0.42406860799306334
20830.29336294301,0.42406860799306334
20850.33339593241,0.42406860799306334
20870.373428921816,0.42406860799306334
20890.413461911216,0.42406860799306334
20910.45349490062,0.0
20930.493527890023,1.27220582397919
20950.533560879423,0.42406860799306334
20970.573593868827,0.42406860799306334
20990.613626858227,0.0
21010.65365984763,0.0
21030.69369283703,0.8481372159861267
21050.733725826434,0.0
21070.773758815834,0.0
21090.813791805238,0.42406860799306334
21110.853824794638,0.0
21130.89385778404,0.42406860799306334
21150.933890773445,0.42406860799306334
21170.973923762846,0.0
21191.01395675225,0.8481372159861267
21211.05398974165,0.42406860799306334
21231.094022731053,0.42406860799306334
21251.134055720453,0.0
21271.174088709857,0.42406860799306334
21291.214121699257,0.0
21311.25415468866,0.42406860799306334
21331.29418767806,0.42406860799306334
21351.334220667464,0.8481372159861267
21371.374253656868,0.42406860799306334
21391.414286646268,0.0
21411.45431963567,0.8481372159861267
21431.49435262507,0.0
21451.534385614475,0.0
21471.574418603876,0.0
21491.61445159328,0.0
21511.65448458268,0.42406860799306334
21531.694517572083,0.42406860799306334
21551.734550561483,0.0
21571.774583550887,0.0
21591.81461654029,0.8481372159861267
21611.85464952969,0.0
21631.894682519094,0.8481372159861267
21651.934715508494,0.42406860799306334
21671.974748497898,0.42406860799306334
21692.014781487298,0.0
21712.0548144767,0.0
21732.0948474661,0.0
21752.134880455505,1.27220582397919
21772.17491344491,0.42406860799306334
21792.21494643431,0.0
21812.254979423713,0.8481372159861267
21832.295012413113,0.42406860799306334
21852.335045402517,0.0
21872.375078391917,0.0
21892.41511138132,0.0
21912.45514437072,0.0
21932.495177360124,0.42406860799306334
21952.535210349524,0.42406860799306334
21972.575243338928,0.0
21992.61527632833,0.0
22012.65530931773,0.0
22032.695342307135,0.0
22052.735375296535,0.8481372159861267
22072.77540828594,0.42406860799306334
22092.81544127534,0.42406860799306334
22112.855474264743,0.8481372159861267
22132.895507254143,0.42406860799306334
22152.935540243547,0.42406860799306334
22172.975573232947,0.0
22193.01560622235,1.27220582397919
22213.055639211754,0.0
22233.095672201154,0.0
22253.135705190558,0.42406860799306334
22273.175738179958,0.8481372159861267
22293.21577116936,0.42406860799306334
22313.25580415876,0.8481372159861267
22333.295837148165,0.0
22353.335870137566,1.27220582397919
22373.37590312697,0.8481372159861267
22393.41593611637,1.27220582397919
22413.455969105773,0.8481372159861267
22433.496002095177,0.42406860799306334
22453.536035084577,0.0
22473.57606807398,0.42406860799306334
22493.61610106338,0.0
22513.656134052784,1.27220582397919
22533.696167042184,0.42406860799306334
22553.736200031588,0.42406860799306334
22573.776233020988,0.8481372159861267
22593.81626601039,0.42406860799306334
22613.856298999795,0.8481372159861267
22633.896331989195,0.8481372159861267
22653.9363649786,0.0
22673.976397968,1.27220582397919
22694.016430957403,0.42406860799306334
22714.056463946803,1.27220582397919
22734.096496936207,0.8481372159861267
22754.136529925607,0.42406860799306334
22774.17656291501,0.8481372159861267
22794.21659590441,0.8481372159861267
22814.256628893814,1.27220582397919
22834.296661883218,1.27220582397919
22854.336694872618,0.42406860799306334
22874.37672786202,0.8481372159861267
22894.41676085142,1.6962744319722534
22914.456793840825,1.27220582397919
22934.496826830225,0.42406860799306334
22954.53685981963,0.0
22974.57689280903,1.27220582397919
22994.616925798433,2.1203430399653165
23014.656958787833,1.27220582397919
23034.696991777237,2.1203430399653165
23054.73702476664,0.42406860799306334
23074.77705775604,0.8481372159861267
23094.817090745444,1.27220582397919
23114.857123734844,0.42406860799306334
23134.897156724248,0.42406860799306334
23154.937189713648,0.0
23174.97722270305,1.27220582397919
23195.01725569245,1.27220582397919
23215.057288681855,1.27220582397919
23235.09732167126,0.8481372159861267
23255.13735466066,0.8481372159861267
23275.177387650063,1.27220582397919
23295.217420639463,1.27220582397919
23315.257453628867,0.0
23335.297486618267,0.0
23355.33751960767,1.27220582397919
23375.37755259707,2.54441164795838
23395.417585586474,0.0
23415.457618575874,1.27220582397919
23435.497651565278,1.6962744319722534
23455.53768455468,0.0
23475.57771754408,0.42406860799306334
23495.617750533485,0.8481372159861267
23515.657783522885,1.27220582397919
23535.69781651229,1.27220582397919
23555.73784950169,0.8481372159861267
23575.777882491093,0.8481372159861267
23595.817915480493,0.42406860799306334
23615.857948469897,0.8481372159861267
23635.897981459297,0.42406860799306334
23655.9380144487,1.6962744319722534
23675.978047438104,0.8481372159861267
23696.018080427504,0.8481372159861267
23716.058113416908,0.42406860799306334
23736.098146406308,0.42406860799306334
23756.13817939571,0.0
23776.17821238511,1.27220582397919
23796.218245374515,0.42406860799306334
23816.258278363915,1.6962744319722534
23836.29831135332,0.8481372159861267
23856.33834434272,0.8481372159861267
23876.378377332123,0.8481372159861267
23896.418410321527,2.54441164795838
23916.458443310927,1.27220582397919
23936.49847630033,0.0
23956.53850928973,0.0
23976.578542279134,0.0
23996.618575268534,0.42406860799306334
24016.658608257938,1.6962744319722534
24036.698641247338,1.27220582397919
24056.73867423674,1.27220582397919
24076.778707226145,1.6962744319722534
24096.818740215545,0.8481372159861267
24116.85877320495,0.8481372159861267
24136.89880619435,0.8481372159861267
24156.938839183753,2.1203430399653165
24176.978872173153,1.6962744319722534
24197.018905162557,2.1203430399653165
24217.058938151957,0.8481372159861267
24237.09897114136,1.27220582397919
24257.13900413076,2.1203430399653165
24277.179037120164,1.6962744319722534
24297.219070109568,0.8481372159861267
24317.259103098968,0.42406860799306334
24337.29913608837,0.42406860799306334
24357.33916907777,2.1203430399653165
24377.379202067175,0.8481372159861267
24397.419235056575,1.6962744319722534
24417.45926804598,3.81661747193757
24437.49930103538,0.8481372159861267
24457.539334024783,1.27220582397919
24477.579367014183,3.81661747193757
24497.619400003587,0.8481372159861267
24517.65943299299,0.42406860799306334
24537.69946598239,1.27220582397919
24557.739498971794,2.1203430399653165
24577.779531961194,0.0
24597.819564950598,1.27220582397919
24617.859597939998,1.6962744319722534
24637.8996309294,2.1203430399653165
24657.9396639188,1.27220582397919
24677.979696908205,1.27220582397919
24698.01972989761,2.1203430399653165
24718.05976288701,1.6962744319722534
24738.099795876413,1.27220582397919
24758.139828865813,2.1203430399653165
24778.179861855217,3.3925488639445067
24798.219894844617,0.8481372159861267
24818.25992783402,2.54441164795838
24838.29996082342,1.6962744319722534
24858.339993812824,2.9684802559514436
24878.380026802224,1.6962744319722534
24898.420059791628,1.27220582397919
24918.46009278103,2.1203430399653165
24938.50012577043,2.1203430399653165
24958.540158759835,3.81661747193757
24978.580191749235,2.1203430399653165
24998.62022473864,3.81661747193757
25018.66025772804,4.664754687923697
25038.700290717443,4.240686079930633
25058.740323706843,4.664754687923697
25078.780356696247,2.1203430399653165
25098.820389685647,5.512891903909823
25118.86042267505,3.81661747193757
25138.900455664454,5.08882329591676
25158.940488653854,3.81661747193757
25178.980521643258,4.240686079930633
25199.020554632658,6.36102911989595
25219.06058762206,3.3925488639445067
25239.10062061146,5.512891903909823
25259.140653600865,6.36102911989595
25279.180686590265,2.1203430399653165
25299.22071957967,5.08882329591676
25319.26075256907,5.512891903909823
25339.300785558473,4.240686079930633
25359.340818547877,4.240686079930633
25379.380851537277,2.9684802559514436
25399.42088452668,4.664754687923697
25419.46091751608,4.240686079930633
25439.500950505484,3.81661747193757
25459.540983494884,2.9684802559514436
25479.581016484288,3.3925488639445067
25499.621049473688,2.1203430399653165
25519.66108246309,3.3925488639445067
25539.701115452495,2.1203430399653165
25559.741148441895,4.664754687923697
25579.7811814313,2.54441164795838
25599.8212144207,2.9684802559514436
25619.861247410103,1.6962744319722534
25639.901280399503,0.42406860799306334
25659.941313388907,2.54441164795838
25679.981346378307,2.9684802559514436
25700.02137936771,4.240686079930633
25720.06141235711,2.1203430399653165
25740.101445346514,1.6962744319722534
25760.141478335918,1.6962744319722534
25780.181511325318,2.54441164795838
25800.22154431472,3.3925488639445067
25820.26157730412,1.27220582397919
25840.301610293525,3.3925488639445067
25860.341643282925,2.9684802559514436
25880.38167627233,1.6962744319722534
25900.42170926173,4.240686079930633
25920.461742251133,1.27220582397919
25940.501775240533,1.6962744319722534
25960.541808229937,3.3925488639445067
25980.58184121934,2.54441164795838
26000.62187420874,5.08882329591676
26020.661907198144,2.9684802559514436
26040.701940187544,2.1203430399653165
26060.741973176948,5.512891903909823
26080.782006166348,1.27220582397919
26100.82203915575,2.54441164795838
26120.86207214515,5.512891903909823
26140.902105134555,2.9684802559514436
26160.942138123955,5.512891903909823
26180.98217111336,4.240686079930633
26201.022204102763,2.1203430399653165
26221.062237092163,4.664754687923697
26241.102270081567,1.6962744319722534
26261.142303070967,6.785097727889013
26281.18233606037,2.54441164795838
26301.22236904977,2.54441164795838
26321.262402039174,2.9684802559514436
26341.302435028574,2.9684802559514436
26361.342468017978,4.664754687923697
26381.38250100738,3.3925488639445067
26401.42253399678,3.81661747193757
26421.462566986185,2.9684802559514436
26441.502599975585,2.9684802559514436
26461.54263296499,2.54441164795838
26481.58266595439,2.9684802559514436
26501.622698943793,3.3925488639445067
26521.662731933193,2.1203430399653165
26541.702764922597,2.54441164795838
26561.742797911997,4.664754687923697
26581.7828309014,2.9684802559514436
26601.822863890804,3.3925488639445067
26621.862896880204,4.664754687923697
26641.902929869608,3.3925488639445067
26661.942962859008,2.9684802559514436
26681.98299584841,2.1203430399653165
26702.02302883781,2.9684802559514436
26722.063061827215,2.54441164795838
26742.103094816615,4.664754687923697
26762.14312780602,5.08882329591676
26782.18316079542,3.81661747193757
26802.223193784823,3.3925488639445067
26822.263226774226,1.6962744319722534
26842.303259763627,1.27220582397919
26862.34329275303,3.81661747193757
26882.38332574243,2.54441164795838
26902.423358731834,5.08882329591676
26922.463391721234,6.36102911989595
26942.503424710638,3.81661747193757
26962.543457700038,4.664754687923697
26982.58349068944,3.3925488639445067
27002.623523678845,2.1203430399653165
27022.663556668245,4.240686079930633
27042.70358965765,4.240686079930633
27062.74362264705,3.81661747193757
27082.783655636453,3.3925488639445067
27102.823688625853,4.664754687923697
27122.863721615257,2.9684802559514436
27142.903754604657,2.9684802559514436
27162.94378759406,1.6962744319722534
27182.98382058346,5.512891903909823
27203.023853572864,4.664754687923697
27223.063886562268,2.1203430399653165
27243.103919551668,2.54441164795838
27263.14395254107,4.664754687923697
27283.18398553047,4.240686079930633
27303.224018519875,3.81661747193757
27323.264051509275,8.057303551868204
27343.30408449868,7.209166335882077
27363.34411748808,4.240686079930633
27383.384150477483,5.08882329591676
27403.424183466883,3.3925488639445067
27423.464216456287,5.512891903909823
27443.50424944569,4.240686079930633
27463.54428243509,6.785097727889013
27483.584315424494,3.81661747193757
27503.624348413894,5.512891903909823
27523.664381403298,3.81661747193757
27543.704414392698,5.08882329591676
27563.7444473821,5.512891903909823
27583.7844803715,5.936960511902887
27603.824513360905,5.08882329591676
27623.864546350305,5.08882329591676
27643.90457933971,3.81661747193757
27663.944612329113,4.664754687923697
27683.984645318513,4.664754687923697
27704.024678307916,6.785097727889013
27724.064711297317,6.36102911989595
27744.10474428672,3.81661747193757
27764.14477727612,3.3925488639445067
27784.184810265524,4.240686079930633
27804.224843254924,5.936960511902887
27824.264876244328,4.240686079930633
27844.30490923373,2.9684802559514436
27864.34494222313,3.3925488639445067
27884.384975212535,4.664754687923697
27904.425008201935,4.240686079930633
27924.46504119134,2.9684802559514436
27944.50507418074,7.209166335882077
27964.545107170143,2.9684802559514436
27984.585140159543,3.3925488639445067
28004.625173148946,4.664754687923697
28024.665206138347,4.240686079930633
28044.70523912775,5.936960511902887
28064.745272117154,5.512891903909823
28084.785305106554,5.08882329591676
28104.825338095958,4.664754687923697
28124.865371085358,7.63323494387514
28144.90540407476,5.936960511902887
28164.94543706416,4.240686079930633
28184.985470053565,5.08882329591676
28205.025503042965,4.240686079930633
28225.06553603237,9.329509375847394
28245.10556902177,5.08882329591676
28265.145602011173,3.3925488639445067
28285.185635000576,3.3925488639445067
28305.225667989977,5.936960511902887
28325.26570097938,6.785097727889013
28345.30573396878,3.3925488639445067
28365.345766958184,5.512891903909823
28385.385799947584,7.63323494387514
28405.425832936988,5.512891903909823
28425.465865926388,7.63323494387514
28445.50589891579,7.63323494387514
28465.54593190519,3.3925488639445067
28485.585964894595,4.240686079930633
28505.625997884,6.36102911989595
28525.6660308734,3.81661747193757
28545.706063862803,5.512891903909823
28565.746096852203,6.785097727889013
28585.786129841606,4.664754687923697
28605.826162831007,4.664754687923697
28625.86619582041,7.209166335882077
28645.90622880981,2.9684802559514436
28665.946261799214,2.9684802559514436
28685.986294788618,3.81661747193757
28706.026327778018,5.936960511902887
28726.06636076742,4.240686079930633
28746.10639375682,6.36102911989595
28766.146426746225,4.664754687923697
28786.186459735625,7.63323494387514
28806.22649272503,5.512891903909823
28826.26652571443,4.664754687923697
28846.306558703833,7.63323494387514
28866.346591693233,3.81661747193757
28886.386624682636,8.90544076785433
28906.42665767204,5.512891903909823
28926.46669066144,6.785097727889013
28946.506723650844,7.209166335882077
28966.546756640244,4.664754687923697
28986.586789629648,6.36102911989595
29006.626822619048,6.36102911989595
29026.66685560845,4.664754687923697
29046.70688859785,8.057303551868204
29066.746921587255,6.785097727889013
29086.786954576655,7.209166335882077
29106.82698756606,8.057303551868204
29126.867020555463,4.664754687923697
29146.907053544863,5.936960511902887
29166.947086534266,4.240686079930633
29186.987119523666,6.36102911989595
29207.02715251307,4.664754687923697
29227.06718550247,6.785097727889013
29247.107218491874,5.08882329591676
29267.147251481274,3.3925488639445067
29287.187284470678,2.9684802559514436
29307.22731746008,5.08882329591676
29327.26735044948,5.08882329591676
29347.307383438885,6.785097727889013
29367.347416428285,6.785097727889013
29387.38744941769,2.9684802559514436
29407.42748240709,5.08882329591676
29427.467515396493,7.209166335882077
29447.507548385893,7.63323494387514
29467.547581375296,5.512891903909823
29487.587614364696,7.209166335882077
29507.6276473541,4.664754687923697
29527.667680343504,8.057303551868204
29547.707713332904,7.209166335882077
29567.747746322308,6.36102911989595
29587.787779311708,6.36102911989595
29607.82781230111,5.08882329591676
29627.86784529051,9.329509375847394
29647.907878279915,4.240686079930633
29667.947911269315,4.664754687923697
29687.98794425872,4.240686079930633
29708.02797724812,7.209166335882077
29728.068010237523,7.209166335882077
29748.108043226926,10.17764659183352
29768.148076216326,4.664754687923697
29788.18810920573,6.36102911989595
29808.22814219513,7.209166335882077
29828.268175184534,5.08882329591676
29848.308208173934,7.209166335882077
29868.348241163338,5.936960511902887
29888.388274152738,5.512891903909823
29908.42830714214,5.512891903909823
29928.46834013154,6.785097727889013
29948.508373120945,8.057303551868204
29968.54840611035,7.63323494387514
29988.58843909975,8.481372159861266
30008.628472089153,4.240686079930633
30028.668505078553,5.512891903909823
30048.708538067956,5.512891903909823
30068.748571057356,5.08882329591676
30088.78860404676,7.63323494387514
30108.82863703616,7.209166335882077
30128.868670025564,5.936960511902887
30148.908703014968,8.057303551868204
30168.948736004368,5.512891903909823
30188.98876899377,5.512891903909823
30209.02880198317,4.664754687923697
30229.068834972575,6.785097727889013
30249.108867961975,5.08882329591676
30269.14890095138,6.36102911989595
30289.18893394078,6.785097727889013
30309.228966930183,7.63323494387514
30329.268999919583,7.209166335882077
30349.309032908986,7.209166335882077
30369.34906589839,3.3925488639445067
30389.38909888779,9.329509375847394
30409.429131877194,6.785097727889013
30429.469164866594,6.36102911989595
30449.509197855998,5.512891903909823
30469.549230845398,5.936960511902887
30489.5892638348,8.057303551868204
30509.6292968242,4.240686079930633
30529.669329813605,6.36102911989595
30549.709362803005,3.81661747193757
30569.74939579241,11.44985241581271
30589.789428781813,7.209166335882077
30609.829461771213,8.481372159861266
30629.869494760616,7.63323494387514
30649.909527750016,6.785097727889013
30669.94956073942,7.63323494387514
30689.98959372882,5.936960511902887
30710.029626718224,9.329509375847394
30730.069659707624,6.785097727889013
30750.109692697028,5.08882329591676
30770.14972568643,8.481372159861266
30790.18975867583,4.664754687923697
30810.229791665235,6.36102911989595
30830.269824654635,6.785097727889013
30850.30985764404,6.36102911989595
30870.34989063344,8.90544076785433
30890.389923622843,8.90544076785433
30910.429956612243,8.057303551868204
30930.469989601646,7.63323494387514
30950.510022591046,4.240686079930633
30970.55005558045,8.481372159861266
30990.590088569854,8.90544076785433
31010.630121559254,9.329509375847394
31030.670154548658,7.209166335882077
31050.710187538058,7.209166335882077
31070.75022052746,7.63323494387514
31090.79025351686,5.936960511902887
31110.830286506265,10.601715199826584
31130.870319495665,5.936960511902887
31150.91035248507,8.481372159861266
31170.95038547447,8.057303551868204
31190.990418463873,8.057303551868204
31211.030451453276,5.512891903909823
31231.070484442676,6.785097727889013
31251.11051743208,6.36102911989595
31271.15055042148,8.057303551868204
31291.190583410884,8.057303551868204
31311.230616400284,7.209166335882077
31331.270649389688,8.90544076785433
31351.310682379088,11.873921023805774
31371.35071536849,8.481372159861266
31391.39074835789,8.481372159861266
31411.430781347295,4.664754687923697
31431.4708143367,8.90544076785433
31451.5108473261,6.36102911989595
31471.550880315503,5.512891903909823
31491.590913304903,6.785097727889013
31511.630946294306,9.753577983840456
31531.670979283706,6.785097727889013
31551.71101227311,7.209166335882077
31571.75104526251,8.90544076785433
31591.791078251914,13.146126847784963
31611.831111241318,10.601715199826584
31631.871144230718,8.90544076785433
31651.91117722012,11.873921023805774
31671.95121020952,7.63323494387514
31691.991243198925,4.240686079930633
31712.031276188325,8.90544076785433
31732.07130917773,8.057303551868204
31752.11134216713,7.209166335882077
31772.151375156533,8.057303551868204
31792.191408145933,8.481372159861266
31812.231441135336,10.17764659183352
31832.27147412474,7.209166335882077
31852.31150711414,6.785097727889013
31872.351540103544,6.36102911989595
31892.391573092944,7.209166335882077
31912.431606082348,7.63323494387514
31932.471639071748,7.63323494387514
31952.51167206115,7.63323494387514
31972.55170505055,5.08882329591676
31992.591738039955,9.329509375847394
32012.631771029355,8.057303551868204
32032.67180401876,8.90544076785433
32052.711837008163,10.601715199826584
32072.751869997563,5.936960511902887
32092.791902986966,9.753577983840456
32112.831935976366,10.601715199826584
32132.87196896577,6.36102911989595
32152.91200195517,5.936960511902887
32172.952034944574,8.90544076785433
32192.992067933974,9.329509375847394
32213.032100923378,6.785097727889013
32233.072133912778,8.481372159861266
32253.11216690218,4.664754687923697
32273.152199891585,3.3925488639445067
32293.192232880985,4.664754687923697
32313.23226587039,9.753577983840456
32333.27229885979,8.057303551868204
32353.312331849193,7.63323494387514
32373.352364838593,6.36102911989595
32393.392397827996,9.753577983840456
32413.432430817396,9.329509375847394
32433.4724638068,6.36102911989595
32453.512496796204,4.240686079930633
32473.552529785604,10.17764659183352
32493.592562775008,7.63323494387514
32513.632595764408,4.240686079930633
32533.67262875381,8.481372159861266
32553.71266174321,9.753577983840456
32573.752694732615,6.785097727889013
32593.792727722015,8.481372159861266
32613.83276071142,5.936960511902887
32633.87279370082,7.209166335882077
32653.912826690223,8.90544076785433
32673.952859679626,8.481372159861266
32693.992892669026,9.753577983840456
32714.03292565843,8.057303551868204
32734.07295864783,9.753577983840456
32754.112991637234,8.057303551868204
32774.153024626634,8.90544076785433
32794.19305761604,7.209166335882077
32814.23309060544,6.785097727889013
32834.27312359484,7.209166335882077
32854.31315658424,5.512891903909823
32874.353189573645,7.63323494387514
32894.39322256305,7.209166335882077
32914.43325555245,5.512891903909823
32934.47328854185,4.240686079930633
32954.51332153125,5.936960511902887
32974.553354520656,6.36102911989595
32994.59338751006,8.481372159861266
33014.63342049946,7.209166335882077
33034.67345348886,8.057303551868204
33054.713486478264,13.146126847784963
33074.75351946767,7.209166335882077
33094.79355245707,5.936960511902887
33114.83358544647,7.63323494387514
33134.87361843587,5.936960511902887
33154.913651425275,10.601715199826584
33174.95368441468,6.785097727889013
33194.993717404075,7.209166335882077
33215.03375039348,8.057303551868204
33235.07378338288,5.936960511902887
33255.113816372286,6.36102911989595
33275.15384936168,6.785097727889013
33295.193882351086,8.90544076785433
33315.23391534049,9.329509375847394
33335.273948329894,8.057303551868204
33355.3139813193,6.36102911989595
33375.354014308694,8.90544076785433
33395.3940472981,13.146126847784963
33415.4340802875,8.481372159861266
33435.474113276905,3.81661747193757
33455.5141462663,8.057303551868204
33475.554179255705,10.17764659183352
33495.59421224511,9.329509375847394
33515.63424523451,6.785097727889013
33535.674278223916,11.873921023805774
33555.71431121331,9.753577983840456
33575.754344202716,9.329509375847394
33595.79437719212,3.3925488639445067
33615.834410181524,7.209166335882077
33635.87444317092,8.90544076785433
33655.914476160324,7.63323494387514
33675.95450914973,8.481372159861266
33695.99454213913,9.329509375847394
33716.034575128535,6.785097727889013
33736.07460811793,9.753577983840456
33756.114641107335,7.209166335882077
33776.15467409674,8.90544076785433
33796.19470708614,11.025783807819646
33816.23474007554,8.057303551868204
33836.27477306494,8.481372159861266
33856.314806054346,8.057303551868204
33876.35483904375,9.329509375847394
33896.39487203315,8.90544076785433
33916.43490502255,8.057303551868204
33936.474938011954,11.873921023805774
33956.51497100136,8.90544076785433
33976.55500399076,6.36102911989595
33996.59503698016,6.36102911989595
34016.63506996956,8.481372159861266
34036.675102958965,6.785097727889013
34056.71513594837,8.057303551868204
34076.755168937765,8.90544076785433
34096.79520192717,7.63323494387514
34116.83523491657,9.329509375847394
34136.875267905976,8.90544076785433
34156.91530089538,11.44985241581271
34176.955333884776,7.209166335882077
34196.99536687418,3.81661747193757
34217.035399863584,8.481372159861266
34237.07543285299,8.481372159861266
34257.115465842384,5.08882329591676
34277.15549883179,9.753577983840456
34297.19553182119,7.63323494387514
34317.235564810595,8.481372159861266
34337.2755978,8.057303551868204
34357.315630789395,9.753577983840456
34377.3556637788,11.873921023805774
34397.3956967682,7.209166335882077
34417.435729757606,8.90544076785433
34437.475762747,7.209166335882077
34457.515795736406,4.240686079930633
34477.55582872581,5.512891903909823
34497.595861715214,8.057303551868204
34517.63589470461,9.753577983840456
34537.675927694014,8.057303551868204
34557.71596068342,10.601715199826584
34577.75599367282,5.936960511902887
34597.796026662225,7.63323494387514
34617.83605965162,8.90544076785433
34637.876092641025,8.057303551868204
34657.91612563043,10.17764659183352
34677.95615861983,6.36102911989595
34697.99619160923,5.512891903909823
34718.03622459863,8.481372159861266
34738.076257588036,7.209166335882077
34758.11629057744,5.936960511902887
34778.156323566844,6.785097727889013
34798.19635655624,11.025783807819646
34818.236389545644,10.601715199826584
34838.27642253505,8.057303551868204
34858.31645552445,7.209166335882077
34878.35648851385,7.63323494387514
34898.39652150325,9.329509375847394
34918.436554492655,9.329509375847394
34938.47658748206,8.057303551868204
34958.51662047146,8.90544076785433
34978.55665346086,7.63323494387514
34998.59668645026,5.512891903909823
35018.636719439666,6.785097727889013
35038.67675242907,8.481372159861266
35058.716785418466,5.936960511902887
35078.75681840787,7.209166335882077
35098.796851397274,5.512891903909823
35118.83688438668,9.329509375847394
35138.876917376074,10.17764659183352
35158.91695036548,7.209166335882077
35178.95698335488,7.63323494387514
35198.997016344285,10.17764659183352
35219.03704933369,9.329509375847394
35239.077082323085,10.17764659183352
35259.11711531249,9.753577983840456
35279.15714830189,7.209166335882077
35299.197181291296,11.44985241581271
35319.23721428069,6.785097727889013
35339.277247270096,5.08882329591676
35359.3172802595,7.63323494387514
35379.357313248904,11.873921023805774
35399.39734623831,7.209166335882077
35419.437379227704,8.481372159861266
35439.47741221711,8.057303551868204
35459.51744520651,9.329509375847394
35479.557478195915,8.90544076785433
35499.59751118531,9.753577983840456
35519.637544174715,6.785097727889013
35539.67757716412,9.329509375847394
35559.71761015352,6.785097727889013
35579.75764314292,4.664754687923697
35599.79767613232,9.753577983840456
35619.837709121726,8.057303551868204
35639.87774211113,11.025783807819646
35659.91777510053,10.601715199826584
35679.95780808993,10.601715199826584
35699.997841079334,4.664754687923697
35720.03787406874,5.08882329591676
35740.07790705814,7.209166335882077
35760.11794004754,8.481372159861266
35780.15797303694,5.936960511902887
35800.198006026345,7.209166335882077
35820.23803901575,11.025783807819646
35840.27807200515,7.209166335882077
35860.31810499455,8.057303551868204
35880.35813798395,8.057303551868204
35900.398170973356,4.664754687923697
35920.43820396276,8.90544076785433
35940.478236952156,7.63323494387514
35960.51826994156,6.785097727889013
35980.558302930964,10.17764659183352
36000.59833592037,7.209166335882077
36020.63836890977,3.81661747193757
36040.67840189917,10.601715199826584
36060.71843488857,6.36102911989595
36080.758467877975,9.329509375847394
36100.79850086738,11.025783807819646
36120.838533856775,6.36102911989595
36140.87856684618,11.44985241581271
36160.91859983558,5.512891903909823
36180.958632824986,8.057303551868204
36200.99866581438,11.025783807819646
36221.038698803786,7.209166335882077
36241.07873179319,9.329509375847394
36261.118764782594,9.753577983840456
36281.158797772,5.08882329591676
36301.198830761394,11.44985241581271
36321.2388637508,4.664754687923697
36341.2788967402,8.90544076785433
36361.318929729605,8.057303551868204
36381.358962719,7.209166335882077
36401.398995708405,5.936960511902887
36421.43902869781,7.209166335882077
36441.47906168721,4.664754687923697
36461.519094676616,6.785097727889013
36481.55912766601,8.057303551868204
36501.599160655416,8.057303551868204
36521.63919364482,11.44985241581271
36541.67922663422,5.08882329591676
36561.71925962362,9.753577983840456
36581.759292613024,7.209166335882077
36601.79932560243,7.209166335882077
36621.83935859183,5.936960511902887
36641.879391581235,8.057303551868204
36661.91942457063,10.17764659183352
36681.959457560035,6.36102911989595
36701.99949054944,5.936960511902887
36722.03952353884,11.44985241581271
36742.07955652824,7.209166335882077
36762.11958951764,9.329509375847394
36782.159622507046,9.329509375847394
36802.19965549645,8.481372159861266
36822.239688485846,9.329509375847394
36842.27972147525,5.936960511902887
36862.319754464654,8.057303551868204
36882.35978745406,6.36102911989595
36902.39982044346,4.664754687923697
36922.43985343286,7.209166335882077
36942.47988642226,5.936960511902887
36962.519919411665,7.209166335882077
36982.55995240107,3.81661747193757
37002.599985390465,6.785097727889013
37022.64001837987,8.90544076785433
37042.68005136927,6.36102911989595
37062.720084358676,9.329509375847394
37082.76011734808,10.17764659183352
37102.800150337476,11.44985241581271
37122.84018332688,6.785097727889013
37142.88021631628,7.63323494387514
37162.92024930569,8.481372159861266
37182.960282295084,5.08882329591676
37203.00031528449,8.481372159861266
37223.04034827389,7.209166335882077
37243.080381263295,5.936960511902887
37263.1204142527,7.63323494387514
37283.160447242095,7.63323494387514
37303.2004802315,8.481372159861266
37323.2405132209,7.63323494387514
37343.280546210306,6.785097727889013
37363.3205791997,8.481372159861266
37383.360612189106,7.209166335882077
37403.40064517851,3.81661747193757
37423.44067816791,7.63323494387514
37443.48071115731,6.785097727889013
37463.520744146714,8.90544076785433
37483.56077713612,6.785097727889013
37503.60081012552,7.63323494387514
37523.640843114925,6.785097727889013
37543.68087610432,8.90544076785433
37563.720909093725,8.481372159861266
37583.76094208313,3.3925488639445067
37603.80097507253,5.936960511902887
37623.84100806193,7.209166335882077
37643.88104105133,6.785097727889013
37663.921074040736,5.512891903909823
37683.96110703014,6.785097727889013
37704.00114001954,6.36102911989595
37724.04117300894,7.63323494387514
37744.081205998344,8.90544076785433
37764.12123898775,7.63323494387514
37784.16127197715,6.785097727889013
37804.20130496655,6.36102911989595
37824.24133795595,5.08882329591676
37844.281370945355,6.785097727889013
37864.32140393476,6.785097727889013
37884.361436924155,8.90544076785433
37904.40146991356,8.057303551868204
37924.44150290296,6.785097727889013
37944.481535892366,6.785097727889013
37964.52156888177,5.512891903909823
37984.561601871166,6.36102911989595
38004.60163486057,5.936960511902887
38024.64166784997,6.785097727889013
38044.68170083938,7.63323494387514
38064.721733828774,7.209166335882077
38084.76176681818,7.63323494387514
38104.80179980758,10.17764659183352
38124.841832796985,5.512891903909823
38144.88186578639,8.057303551868204
38164.921898775785,4.664754687923697
38184.96193176519,10.17764659183352
38205.00196475459,5.936960511902887
38225.041997743996,7.63323494387514
38245.08203073339,6.36102911989595
38265.122063722796,5.512891903909823
38285.1620967122,7.63323494387514
38305.2021297016,6.785097727889013
38325.24216269101,5.936960511902887
38345.282195680404,8.057303551868204
38365.32222866981,5.08882329591676
38385.36226165921,8.90544076785433
38405.402294648615,8.057303551868204
38425.44232763801,6.36102911989595
38445.482360627415,4.664754687923697
38465.52239361682,4.664754687923697
38485.56242660622,9.753577983840456
38505.60245959562,5.512891903909823
38525.64249258502,8.481372159861266
38545.682525574426,8.481372159861266
38565.72255856383,5.512891903909823
38585.76259155323,6.785097727889013
38605.80262454263,6.785097727889013
38625.84265753203,3.81661747193757
38645.88269052144,6.36102911989595
38665.92272351084,6.785097727889013
38685.96275650024,7.209166335882077
38706.00278948964,5.08882329591676
38726.042822479045,6.36102911989595
38746.08285546845,6.36102911989595
38766.12288845785,8.057303551868204
38786.16292144725,6.785097727889013
38806.20295443665,8.057303551868204
38826.242987426056,5.936960511902887
38846.28302041546,7.209166335882077
38866.323053404856,6.785097727889013
38886.36308639426,6.36102911989595
38906.40311938366,6.36102911989595
38926.44315237307,6.36102911989595
38946.48318536247,4.240686079930633
38966.52321835187,8.057303551868204
38986.56325134127,8.057303551868204
39006.603284330675,6.785097727889013
39026.64331732008,6.785097727889013
39046.683350309475,4.240686079930633
39066.72338329888,6.785097727889013
39086.76341628828,3.81661747193757
39106.803449277686,5.08882329591676
39126.84348226708,4.240686079930633
39146.883515256486,5.512891903909823
39166.92354824589,5.512891903909823
39186.96358123529,5.936960511902887
39207.0036142247,8.057303551868204
39227.043647214094,5.512891903909823
39247.0836802035,6.785097727889013
39267.1237131929,6.36102911989595
39287.163746182305,5.08882329591676
39307.2037791717,2.54441164795838
39327.243812161105,6.36102911989595
39347.28384515051,5.08882329591676
39367.32387813991,3.81661747193757
39387.363911129316,7.63323494387514
39407.40394411871,6.36102911989595
39427.443977108116,7.63323494387514
39447.48401009752,8.481372159861266
39467.52404308692,8.481372159861266
39487.56407607632,5.512891903909823
39507.60410906572,5.512891903909823
39527.64414205513,6.36102911989595
39547.68417504453,7.63323494387514
39567.724208033935,6.36102911989595
39587.76424102333,7.209166335882077
39607.804274012735,8.057303551868204
39627.84430700214,4.240686079930633
39647.88433999154,5.512891903909823
39667.92437298094,7.209166335882077
39687.96440597034,5.08882329591676
39708.004438959746,3.3925488639445067
39728.04447194915,7.209166335882077
39748.084504938546,4.240686079930633
39768.12453792795,5.936960511902887
39788.16457091735,6.785097727889013
39808.20460390676,7.209166335882077
39828.24463689616,5.512891903909823
39848.28466988556,5.936960511902887
39868.32470287496,6.785097727889013
39888.364735864365,5.512891903909823
39908.40476885377,5.08882329591676
39928.444801843165,6.36102911989595
39948.48483483257,5.08882329591676
39968.52486782197,4.240686079930633
39988.564900811376,8.057303551868204
40008.60493380078,6.785097727889013
40028.644966790176,7.209166335882077
40048.68499977958,7.209166335882077
40068.72503276898,5.936960511902887
40088.76506575839,3.3925488639445067
40108.80509874778,6.36102911989595
40128.84513173719,5.936960511902887
40148.88516472659,8.481372159861266
40168.925197715995,5.512891903909823
40188.96523070539,5.936960511902887
40209.005263694795,5.936960511902887
40229.0452966842,7.209166335882077
40249.0853296736,6.36102911989595
40269.125362663006,6.785097727889013
40289.1653956524,6.36102911989595
40309.205428641806,7.209166335882077
40329.24546163121,5.08882329591676
40349.28549462061,7.63323494387514
40369.32552761001,5.936960511902887
40389.36556059941,4.240686079930633
40409.40559358882,5.08882329591676
40429.44562657822,5.936960511902887
40449.485659567625,5.936960511902887
40469.52569255702,2.9684802559514436
40489.565725546425,5.512891903909823
40509.60575853583,6.785097727889013
40529.64579152523,5.936960511902887
40549.68582451463,4.664754687923697
40569.72585750403,4.664754687923697
40589.765890493436,5.08882329591676
40609.80592348284,7.63323494387514
40629.84595647224,3.81661747193757
40649.88598946164,4.664754687923697
40669.92602245104,8.057303551868204
40689.96605544045,4.240686079930633
40710.00608842985,5.08882329591676
40730.04612141925,2.9684802559514436
40750.08615440865,6.36102911989595
40770.126187398055,5.08882329591676
40790.16622038746,5.08882329591676
40810.206253376855,2.9684802559514436
40830.24628636626,2.9684802559514436
40850.28631935566,5.512891903909823
40870.326352345066,2.1203430399653165
40890.36638533447,8.90544076785433
40910.406418323866,2.1203430399653165
40930.44645131327,3.3925488639445067
40950.48648430267,4.240686079930633
40970.52651729208,3.81661747193757
40990.56655028147,4.240686079930633
41010.60658327088,4.664754687923697
