Energy (keV),Intensity (CPS)
-10.84348548942058,0.0
9.194199356502942,0.0
29.231884202426464,0.0
49.269569048349986,0.0
69.30725389427352,0.0
89.34493874019702,0.0
109.38262358612056,0.0
129.42030843204407,0.0
149.4579932779676,0.0
169.49567812389114,0.0
189.53336296981465,0.0
209.57104781573815,0.0
229.6087326616617,0.0
249.64641750758523,0.0
269.6841023535087,0.0
289.72178719943224,0.0
309.7594720453558,0.0
329.7971568912793,0.3870942138777707
349.83484173720285,0.0
369.87252658312633,1.5483768555110828
389.91021142904987,1.9354710693888535
409.9478962749734,2.709659497144395
429.9855811208969,3.0967537110221657
450.0232659668204,3.0967537110221657
470.06095081274395,6.193507422044331
490.0986356586675,6.580601635922102
510.136320504591,6.967695849799873
530.1740053505146,6.967695849799873
550.211690196438,9.290261133066497
570.2493750423615,8.903166919188726
590.2870598882851,7.354790063677643
610.3247447342086,11.612826416333121
630.3624295801321,12.387014844088663
650.4001144260557,12.387014844088663
670.4377992719792,12.774109057966433
690.4754841179027,11.999920630210893
710.5131689638263,12.387014844088663
730.5508538097497,12.774109057966433
750.5885386556732,9.677355346944267
770.6262235015968,8.128978491433186
790.6639083475203,13.935391699599746
810.7015931934438,15.096674341233058
830.7392780393674,11.612826416333121
850.7769628852909,15.8708627689886
870.8146477312143,12.774109057966433
890.8523325771379,12.774109057966433
910.8900174230614,13.161203271844204
930.927702268985,13.935391699599746
950.9653871149085,12.774109057966433
971.003071960832,11.225732202455351
991.0407568067556,11.999920630210893
1011.0784416526791,13.935391699599746
1031.1161264986026,10.83863798857758
1051.153811344526,13.935391699599746
1071.1914961904497,12.774109057966433
1091.2291810363731,15.483768555110828
1111.2668658822965,14.709580127355286
1131.3045507282202,13.161203271844204
1151.3422355741436,11.612826416333121
1171.3799204200673,10.45154377469981
1191.4176052659907,11.225732202455351
1211.4552901119143,11.612826416333121
1231.4929749578378,10.83863798857758
1251.5306598037614,11.999920630210893
1271.5683446496848,12.387014844088663
1291.6060294956083,8.128978491433186
1311.643714341532,12.774109057966433
1331.6813991874553,13.935391699599746
1351.719084033379,13.161203271844204
1371.7567688793024,11.999920630210893
1391.794453725226,17.03214541062191
1411.8321385711495,11.612826416333121
1431.8698234170731,10.45154377469981
1451.9075082629965,11.999920630210893
1471.94519310892,11.999920630210893
1491.9828779548436,14.322485913477516
1512.020562800767,10.83863798857758
1532.0582476466907,11.225732202455351
1552.095932492614,8.903166919188726
1572.1336173385378,8.516072705310956
1592.1713021844612,7.354790063677643
1612.2089870303846,10.83863798857758
1632.2466718763083,11.612826416333121
1652.2843567222317,12.774109057966433
1672.3220415681553,13.548297485721974
1692.3597264140788,11.999920630210893
1712.3974112600024,8.516072705310956
1732.4350961059258,10.06444956082204
1752.4727809518492,12.774109057966433
1772.510465797773,13.548297485721974
1792.5481506436963,13.935391699599746
1812.58583548962,11.612826416333121
1832.6235203355434,11.225732202455351
1852.661205181467,9.290261133066497
1872.6988900273905,11.612826416333121
1892.736574873314,12.387014844088663
1912.7742597192375,14.322485913477516
1932.811944565161,11.999920630210893
1952.8496294110846,10.06444956082204
1972.887314257008,8.903166919188726
1992.9249991029317,11.612826416333121
2012.962683948855,12.387014844088663
2033.0003687947788,10.06444956082204
2053.038053640702,10.06444956082204
2073.0757384866256,11.612826416333121
2093.113423332549,10.83863798857758
2113.1511081784724,11.999920630210893
2133.188793024396,6.967695849799873
2153.2264778703197,8.903166919188726
2173.264162716243,9.290261133066497
2193.3018475621666,10.06444956082204
2213.3395324080902,12.387014844088663
2233.3772172540134,9.677355346944267
2253.414902099937,9.677355346944267
2273.4525869458607,10.06444956082204
2293.4902717917844,8.903166919188726
2313.5279566377076,10.45154377469981
2333.565641483631,14.709580127355286
2353.603326329555,8.903166919188726
2373.6410111754785,10.83863798857758
2393.6786960214017,12.387014844088663
2413.7163808673254,8.903166919188726
2433.754065713249,13.548297485721974
2453.791750559172,10.06444956082204
2473.829435405096,7.741884277555414
2493.8671202510195,11.225732202455351
2513.904805096943,11.225732202455351
2533.9424899428664,4.645130566533249
2553.98017478879,12.774109057966433
2574.0178596347137,10.06444956082204
2594.055544480637,13.548297485721974
2614.0932293265605,8.128978491433186
2634.130914172484,9.677355346944267
2654.168599018408,9.290261133066497
2674.206283864331,10.06444956082204
2694.2439687102546,8.903166919188726
2714.2816535561783,9.677355346944267
2734.3193384021015,6.967695849799873
2754.357023248025,8.903166919188726
2774.394708093949,10.06444956082204
2794.4323929398724,10.83863798857758
2814.4700777857956,8.128978491433186
2834.5077626317193,10.83863798857758
2854.545447477643,8.128978491433186
2874.5831323235666,6.967695849799873
2894.62081716949,3.870942138777707
2914.6585020154134,4.645130566533249
2934.696186861337,3.870942138777707
2954.7338717072603,12.774109057966433
2974.771556553184,10.06444956082204
2994.8092413991076,7.741884277555414
3014.846926245031,11.999920630210893
3034.8846110909544,6.193507422044331
3054.922295936878,7.354790063677643
3074.9599807828017,7.354790063677643
3094.997665628725,7.741884277555414
3115.0353504746486,8.128978491433186
3135.073035320572,6.967695849799873
3155.110720166496,1.9354710693888535
3175.148405012419,4.645130566533249
3195.1860898583427,8.516072705310956
3215.2237747042664,4.645130566533249
3235.2614595501896,3.870942138777707
3255.299144396113,9.290261133066497
3275.336829242037,7.741884277555414
3295.3745140879605,3.870942138777707
3315.4121989338837,6.967695849799873
3335.4498837798074,4.258036352655478
3355.487568625731,6.193507422044331
3375.525253471654,7.354790063677643
3395.562938317578,2.3225652832666244
3415.6006231635015,4.258036352655478
3435.638308009425,4.258036352655478
3455.6759928553483,6.967695849799873
3475.713677701272,2.709659497144395
3495.7513625471956,6.967695849799873
3515.789047393119,6.580601635922102
3535.8267322390425,3.0967537110221657
3555.864417084966,4.645130566533249
3575.90210193089,3.870942138777707
3595.939786776813,2.3225652832666244
3615.9774716227366,6.580601635922102
3636.0151564686603,4.645130566533249
3656.052841314584,6.580601635922102
3676.090526160507,5.8064132081665605
3696.128211006431,5.41931899428879
3716.1658958523544,4.645130566533249
3736.2035806982776,4.645130566533249
3756.2412655442013,4.645130566533249
3776.278950390125,2.709659497144395
3796.3166352360486,3.0967537110221657
3816.3543200819718,3.0967537110221657
3836.3920049278954,3.0967537110221657
3856.429689773819,2.709659497144395
3876.4673746197423,1.9354710693888535
3896.505059465666,2.709659497144395
3916.5427443115896,4.645130566533249
3936.580429157513,2.3225652832666244
3956.6181140034364,2.3225652832666244
3976.65579884936,1.9354710693888535
3996.6934836952837,1.1612826416333122
4016.731168541207,3.4838479248999366
4036.7688533871305,4.645130566533249
4056.806538233054,2.3225652832666244
4076.844223078978,2.709659497144395
4096.8819079249015,0.3870942138777707
4116.919592770825,0.7741884277555414
4136.957277616749,1.1612826416333122
4156.994962462672,1.1612826416333122
4177.032647308596,2.709659497144395
4197.070332154519,1.9354710693888535
4217.1080170004425,1.9354710693888535
4237.145701846366,0.7741884277555414
4257.18338669229,1.1612826416333122
4277.221071538213,2.3225652832666244
4297.258756384137,1.5483768555110828
4317.296441230061,3.0967537110221657
4337.3341260759835,1.5483768555110828
4357.371810921907,1.5483768555110828
4377.409495767831,1.9354710693888535
4397.447180613754,2.3225652832666244
4417.484865459678,1.5483768555110828
4437.522550305602,3.4838479248999366
4457.560235151525,3.0967537110221657
4477.597919997448,5.41931899428879
4497.635604843372,7.741884277555414
4517.673289689295,5.41931899428879
4537.710974535219,8.128978491433186
4557.748659381143,5.41931899428879
4577.786344227066,1.5483768555110828
4597.82402907299,1.1612826416333122
4617.861713918914,0.3870942138777707
4637.899398764836,1.5483768555110828
4657.93708361076,0.7741884277555414
4677.974768456684,1.5483768555110828
4698.012453302607,1.5483768555110828
4718.050138148531,0.3870942138777707
4738.087822994455,1.9354710693888535
4758.125507840378,0.0
4778.163192686301,0.3870942138777707
4798.200877532225,0.7741884277555414
4818.238562378148,1.5483768555110828
4838.276247224072,0.7741884277555414
4858.313932069996,2.3225652832666244
4878.351616915919,0.3870942138777707
4898.389301761843,0.0
4918.426986607766,1.1612826416333122
4938.464671453689,2.709659497144395
4958.502356299613,3.0967537110221657
4978.540041145537,1.5483768555110828
4998.57772599146,0.3870942138777707
5018.615410837384,0.7741884277555414
5038.653095683308,1.1612826416333122
5058.69078052923,1.1612826416333122
5078.728465375154,0.3870942138777707
5098.766150221078,0.0
5118.803835067001,0.7741884277555414
5138.841519912925,1.1612826416333122
5158.879204758849,0.3870942138777707
5178.916889604772,1.1612826416333122
5198.954574450695,1.1612826416333122
5218.992259296619,0.0
5239.029944142542,0.7741884277555414
5259.067628988466,0.7741884277555414
5279.10531383439,0.7741884277555414
5299.142998680313,1.1612826416333122
5319.180683526237,0.3870942138777707
5339.21836837216,1.5483768555110828
5359.256053218083,0.7741884277555414
5379.293738064007,1.1612826416333122
5399.331422909931,2.709659497144395
5419.369107755854,2.709659497144395
5439.406792601778,1.9354710693888535
5459.4444774477015,1.5483768555110828
5479.482162293624,1.1612826416333122
5499.519847139548,1.9354710693888535
5519.5575319854715,0.7741884277555414
5539.595216831395,1.1612826416333122
5559.632901677319,0.3870942138777707
5579.6705865232425,1.1612826416333122
5599.708271369166,0.7741884277555414
5619.745956215089,1.1612826416333122
5639.7836410610125,0.7741884277555414
5659.821325906936,0.3870942138777707
5679.85901075286,1.5483768555110828
5699.8966955987835,0.0
5719.934380444707,0.3870942138777707
5739.972065290631,0.0
5760.009750136554,0.0
5780.047434982477,0.0
5800.085119828401,0.3870942138777707
5820.1228046743245,0.7741884277555414
5840.160489520248,1.1612826416333122
5860.198174366172,0.0
5880.235859212095,0.3870942138777707
5900.273544058019,0.3870942138777707
5920.311228903942,0.3870942138777707
5940.3489137498655,0.7741884277555414
5960.386598595789,1.1612826416333122
5980.424283441713,0.3870942138777707
6000.461968287636,0.3870942138777707
6020.49965313356,0.7741884277555414
6040.537337979484,1.1612826416333122
6060.575022825406,0.7741884277555414
6080.61270767133,0.3870942138777707
6100.650392517254,0.3870942138777707
6120.688077363177,0.3870942138777707
6140.725762209101,0.3870942138777707
6160.763447055025,0.3870942138777707
6180.801131900948,0.3870942138777707
6200.838816746871,1.1612826416333122
6220.876501592795,1.5483768555110828
6240.914186438718,0.3870942138777707
6260.951871284642,1.1612826416333122
6280.989556130566,1.1612826416333122
6301.027240976489,0.7741884277555414
6321.064925822413,1.1612826416333122
6341.102610668336,1.5483768555110828
6361.140295514259,3.4838479248999366
6381.177980360183,2.3225652832666244
6401.215665206107,3.870942138777707
6421.25335005203,3.0967537110221657
6441.291034897954,0.7741884277555414
6461.328719743878,0.7741884277555414
6481.3664045898,0.0
6501.404089435724,1.1612826416333122
6521.441774281648,0.3870942138777707
6541.479459127571,0.3870942138777707
6561.517143973495,0.7741884277555414
6581.554828819419,0.3870942138777707
6601.592513665342,0.3870942138777707
6621.630198511265,0.0
6641.667883357189,0.7741884277555414
6661.705568203112,0.7741884277555414
6681.743253049036,0.0
6701.78093789496,0.0
6721.818622740883,0.3870942138777707
6741.856307586807,0.3870942138777707
6761.89399243273,0.0
6781.931677278653,0.0
6801.969362124577,0.7741884277555414
6822.007046970501,0.7741884277555414
6842.044731816424,0.0
6862.082416662348,0.3870942138777707
6882.120101508272,0.3870942138777707
6902.157786354194,1.5483768555110828
6922.195471200118,0.3870942138777707
6942.233156046042,0.3870942138777707
6962.270840891965,0.7741884277555414
6982.308525737889,1.1612826416333122
7002.3462105838125,0.0
7022.383895429736,0.0
7042.421580275659,1.1612826416333122
7062.459265121583,0.3870942138777707
7082.496949967506,1.1612826416333122
7102.53463481343,0.0
7122.5723196593535,0.0
7142.610004505277,0.3870942138777707
7162.647689351201,0.3870942138777707
7182.6853741971245,0.3870942138777707
7202.723059043047,0.3870942138777707
7222.760743888971,0.7741884277555414
7242.7984287348945,0.3870942138777707
7262.836113580818,1.5483768555110828
7282.873798426742,0.0
7302.9114832726655,0.3870942138777707
7322.949168118589,0.0
7342.986852964512,0.3870942138777707
7363.0245378104355,0.0
7383.062222656359,1.5483768555110828
7403.099907502283,1.1612826416333122
7423.137592348206,0.7741884277555414
7443.17527719413,0.7741884277555414
7463.212962040054,0.7741884277555414
7483.2506468859765,0.0
7503.2883317319,0.3870942138777707
7523.326016577824,0.7741884277555414
7543.363701423747,0.7741884277555414
7563.401386269671,0.3870942138777707
7583.439071115595,0.7741884277555414
7603.476755961518,1.5483768555110828
7623.514440807441,0.7741884277555414
7643.552125653365,0.3870942138777707
7663.589810499288,1.5483768555110828
7683.627495345212,0.0
7703.665180191136,0.3870942138777707
7723.702865037059,0.3870942138777707
7743.740549882983,1.1612826416333122
7763.778234728906,1.5483768555110828
7783.815919574829,1.1612826416333122
7803.853604420753,0.3870942138777707
7823.891289266677,0.7741884277555414
7843.9289741126,1.9354710693888535
7863.966658958524,0.7741884277555414
7884.004343804448,1.1612826416333122
7904.04202865037,6.967695849799873
7924.079713496294,2.709659497144395
7944.117398342218,5.8064132081665605
7964.155083188141,7.741884277555414
7984.192768034065,11.999920630210893
8004.230452879989,17.80633383837745
8024.268137725912,19.354710693888535
8044.305822571835,17.03214541062191
8064.343507417759,16.25795698286637
8084.381192263682,14.709580127355286
8104.418877109606,10.83863798857758
8124.45656195553,6.580601635922102
8144.494246801453,6.967695849799873
8164.531931647377,1.9354710693888535
8184.5696164933,0.7741884277555414
8204.607301339223,0.7741884277555414
8224.644986185147,0.0
8244.68267103107,0.3870942138777707
8264.720355876994,0.7741884277555414
8284.758040722918,1.1612826416333122
8304.795725568842,1.1612826416333122
8324.833410414765,0.7741884277555414
8344.871095260689,0.7741884277555414
8364.908780106613,0.0
8384.946464952536,0.0
8404.984149798458,0.7741884277555414
8425.021834644382,1.1612826416333122
8445.059519490305,3.0967537110221657
8465.097204336229,3.870942138777707
8485.134889182153,5.03222478041102
8505.172574028076,8.903166919188726
8525.210258874,17.41923962449968
8545.247943719924,29.419160254710572
8565.285628565847,35.999761890632676
8585.32331341177,46.83839987921026
8605.360998257695,59.61250893717669
8625.398683103618,61.16088579268777
8645.436367949542,69.28986428412095
8665.474052795465,58.064132081665605
8685.511737641387,46.451305665332484
8705.549422487311,37.93523296002153
8725.587107333235,22.064370191032932
8745.624792179158,15.8708627689886
8765.662477025082,6.193507422044331
8785.700161871006,6.967695849799873
8805.73784671693,2.709659497144395
8825.775531562853,2.3225652832666244
8845.813216408776,4.258036352655478
8865.8509012547,4.645130566533249
8885.888586100624,3.870942138777707
8905.926270946547,2.709659497144395
8925.963955792471,4.645130566533249
8946.001640638395,2.3225652832666244
8966.039325484317,3.870942138777707
8986.07701033024,3.870942138777707
9006.114695176164,1.1612826416333122
9026.152380022088,1.5483768555110828
9046.190064868011,0.0
9066.227749713935,0.3870942138777707
9086.265434559858,0.0
9106.303119405782,0.7741884277555414
9126.340804251706,1.1612826416333122
9146.37848909763,1.5483768555110828
9166.416173943553,0.3870942138777707
9186.453858789477,1.1612826416333122
9206.4915436354,0.3870942138777707
9226.529228481324,0.7741884277555414
9246.566913327248,1.5483768555110828
9266.60459817317,0.3870942138777707
9286.642283019093,1.9354710693888535
9306.679967865017,2.3225652832666244
9326.71765271094,1.5483768555110828
9346.755337556864,3.870942138777707
9366.793022402788,3.0967537110221657
9386.830707248711,0.7741884277555414
9406.868392094635,3.0967537110221657
9426.906076940559,5.41931899428879
9446.943761786482,4.258036352655478
9466.981446632406,6.967695849799873
9487.01913147833,7.354790063677643
9507.056816324253,7.354790063677643
9527.094501170177,7.354790063677643
9547.132186016099,12.774109057966433
9567.169870862022,13.935391699599746
9587.207555707946,10.45154377469981
9607.24524055387,8.903166919188726
9627.282925399793,9.290261133066497
9647.320610245717,8.128978491433186
9667.35829509164,5.03222478041102
9687.395979937564,3.4838479248999366
9707.433664783488,1.1612826416333122
9727.471349629412,0.3870942138777707
9747.509034475335,1.9354710693888535
9767.546719321259,0.3870942138777707
9787.584404167183,0.3870942138777707
9807.622089013106,0.7741884277555414
9827.659773859028,0.0
9847.697458704952,0.3870942138777707
9867.735143550875,0.3870942138777707
9887.772828396799,1.5483768555110828
9907.810513242723,1.1612826416333122
9927.848198088646,0.3870942138777707
9947.88588293457,0.3870942138777707
9967.923567780494,0.7741884277555414
9987.961252626417,0.7741884277555414
10007.998937472341,0.3870942138777707
10028.036622318265,1.1612826416333122
10048.074307164188,1.1612826416333122
10068.111992010112,0.3870942138777707
10088.149676856036,0.3870942138777707
10108.187361701957,0.3870942138777707
10128.225046547881,0.3870942138777707
10148.262731393805,0.7741884277555414
10168.300416239728,0.7741884277555414
10188.338101085652,0.0
10208.375785931576,0.7741884277555414
10228.4134707775,1.1612826416333122
10248.451155623423,0.0
10268.488840469347,0.7741884277555414
10288.52652531527,0.3870942138777707
10308.564210161194,1.1612826416333122
10328.601895007117,0.3870942138777707
10348.639579853041,0.7741884277555414
10368.677264698965,0.3870942138777707
10388.714949544888,1.1612826416333122
10408.75263439081,0.3870942138777707
10428.790319236734,0.7741884277555414
10448.828004082658,1.9354710693888535
10468.865688928581,0.3870942138777707
10488.903373774505,0.3870942138777707
10508.941058620429,1.1612826416333122
10528.978743466352,0.3870942138777707
10549.016428312276,1.9354710693888535
10569.0541131582,1.1612826416333122
10589.091798004123,2.709659497144395
10609.129482850047,3.4838479248999366
10629.16716769597,3.0967537110221657
10649.204852541894,9.677355346944267
10669.242537387818,8.903166919188726
10689.28022223374,12.387014844088663
10709.317907079663,14.709580127355286
10729.355591925587,27.09659497144395
10749.39327677151,37.548138746143756
10769.430961617434,39.09651560165484
10789.468646463358,62.322168434321085
10809.506331309281,62.70926264819885
10829.544016155205,63.096356862076625
10849.581701001129,59.99960315105446
10869.619385847052,56.515755226154525
10889.657070692976,47.6125883069658
10909.6947555389,38.70942138777707
10929.732440384823,34.451385035121596
10949.770125230747,25.161123902055095
10969.807810076669,16.64505119674414
10989.845494922592,6.580601635922102
11009.883179768516,3.0967537110221657
11029.92086461444,5.41931899428879
11049.958549460363,1.5483768555110828
11069.996234306287,1.1612826416333122
11090.03391915221,1.1612826416333122
11110.071603998134,1.1612826416333122
11130.109288844058,0.0
11150.146973689982,0.3870942138777707
11170.184658535905,1.5483768555110828
11190.222343381829,1.5483768555110828
11210.260028227753,0.3870942138777707
11230.297713073676,0.0
11250.335397919598,1.1612826416333122
11270.373082765522,1.5483768555110828
11290.410767611445,0.7741884277555414
11310.448452457369,0.7741884277555414
11330.486137303293,0.0
11350.523822149216,0.3870942138777707
11370.56150699514,0.0
11390.599191841064,0.7741884277555414
11410.636876686987,0.0
11430.674561532911,1.5483768555110828
11450.712246378835,0.7741884277555414
11470.749931224758,0.0
11490.787616070682,0.0
11510.825300916606,0.7741884277555414
11530.86298576253,0.7741884277555414
11550.900670608451,0.3870942138777707
11570.938355454375,0.7741884277555414
11590.976040300298,0.7741884277555414
11611.013725146222,1.1612826416333122
11631.051409992146,0.3870942138777707
11651.08909483807,1.1612826416333122
11671.126779683993,0.7741884277555414
11691.164464529917,0.7741884277555414
11711.20214937584,1.1612826416333122
11731.239834221764,2.3225652832666244
11751.277519067688,1.5483768555110828
11771.315203913611,0.7741884277555414
11791.352888759535,1.1612826416333122
11811.390573605458,0.3870942138777707
11831.42825845138,0.3870942138777707
11851.465943297304,1.1612826416333122
11871.503628143228,0.0
11891.541312989151,0.3870942138777707
11911.578997835075,0.0
11931.616682680999,0.7741884277555414
11951.654367526922,1.1612826416333122
11971.692052372846,1.1612826416333122
11991.72973721877,0.0
12011.767422064693,0.3870942138777707
12031.805106910617,1.1612826416333122
12051.84279175654,0.7741884277555414
12071.880476602464,0.3870942138777707
12091.918161448388,0.3870942138777707
12111.95584629431,1.1612826416333122
12131.993531140233,0.7741884277555414
12152.031215986157,0.3870942138777707
12172.06890083208,0.0
12192.106585678004,0.7741884277555414
12212.144270523928,0.7741884277555414
12232.181955369851,0.7741884277555414
12252.219640215775,0.0
12272.257325061699,0.0
12292.295009907622,0.7741884277555414
12312.332694753546,1.5483768555110828
12332.37037959947,0.7741884277555414
12352.408064445393,1.1612826416333122
12372.445749291317,2.709659497144395
12392.483434137239,1.1612826416333122
12412.521118983163,1.5483768555110828
12432.558803829086,0.0
12452.59648867501,4.645130566533249
12472.634173520933,1.1612826416333122
12492.671858366857,1.1612826416333122
12512.70954321278,3.4838479248999366
12532.747228058704,1.1612826416333122
12552.784912904628,2.3225652832666244
12572.822597750552,2.3225652832666244
12592.860282596475,1.9354710693888535
12612.897967442399,3.870942138777707
12632.935652288323,7.741884277555414
12652.973337134246,6.967695849799873
12673.011021980168,8.516072705310956
12693.048706826092,6.580601635922102
12713.086391672015,5.8064132081665605
12733.12407651794,5.8064132081665605
12753.161761363863,5.8064132081665605
12773.199446209786,5.41931899428879
12793.23713105571,6.193507422044331
12813.274815901634,6.580601635922102
12833.312500747557,8.903166919188726
12853.350185593481,12.774109057966433
12873.387870439405,16.25795698286637
12893.425555285328,22.838558618788472
12913.463240131252,29.419160254710572
12933.500924977176,47.6125883069658
12953.5386098231,54.58028415676567
12973.576294669021,53.80609572901013
12993.613979514945,68.51567585636542
13013.651664360868,65.80601635922102
13033.689349206792,64.64473371758771
13053.727034052716,61.93507422044331
13073.76471889864,49.54805937635465
13093.802403744563,45.29002302369917
13113.840088590487,39.48360981553261
13133.87777343641,27.870783399199492
13153.915458282334,13.935391699599746
13173.953143128258,16.25795698286637
13193.990827974181,12.387014844088663
13214.028512820105,6.580601635922102
13234.066197666029,8.128978491433186
13254.10388251195,8.128978491433186
13274.141567357874,3.4838479248999366
13294.179252203798,3.4838479248999366
13314.216937049721,5.8064132081665605
13334.254621895645,5.41931899428879
13354.292306741569,5.41931899428879
13374.329991587492,4.645130566533249
13394.367676433416,5.03222478041102
13414.40536127934,3.870942138777707
13434.443046125263,4.645130566533249
13454.480730971187,3.870942138777707
13474.51841581711,3.0967537110221657
13494.556100663034,1.1612826416333122
13514.593785508958,1.5483768555110828
13534.63147035488,1.1612826416333122
13554.669155200803,2.3225652832666244
13574.706840046727,0.7741884277555414
13594.74452489265,1.9354710693888535
13614.782209738574,0.3870942138777707
13634.819894584498,0.7741884277555414
13654.857579430422,0.0
13674.895264276345,1.5483768555110828
13694.932949122269,0.3870942138777707
13714.970633968192,1.5483768555110828
13735.008318814116,1.1612826416333122
13755.04600366004,1.1612826416333122
13775.083688505963,0.3870942138777707
13795.121373351887,1.5483768555110828
13815.159058197809,1.5483768555110828
13835.196743043733,1.1612826416333122
13855.234427889656,0.3870942138777707
13875.27211273558,1.5483768555110828
13895.309797581504,0.7741884277555414
13915.347482427427,1.1612826416333122
13935.38516727335,1.9354710693888535
13955.422852119274,0.7741884277555414
13975.460536965198,2.3225652832666244
13995.498221811122,2.709659497144395
14015.535906657045,3.870942138777707
14035.573591502969,4.645130566533249
14055.611276348893,5.03222478041102
14075.648961194816,7.354790063677643
14095.686646040738,3.4838479248999366
14115.724330886662,5.8064132081665605
14135.762015732585,7.741884277555414
14155.79970057851,5.8064132081665605
14175.837385424433,4.645130566533249
14195.875070270356,3.870942138777707
14215.91275511628,5.8064132081665605
14235.950439962204,6.580601635922102
14255.988124808127,3.4838479248999366
14276.025809654051,2.3225652832666244
14296.063494499975,1.9354710693888535
14316.101179345898,1.5483768555110828
14336.138864191822,0.0
14356.176549037746,1.9354710693888535
14376.21423388367,1.5483768555110828
14396.251918729591,0.3870942138777707
14416.289603575515,0.3870942138777707
14436.327288421438,0.7741884277555414
14456.364973267362,0.3870942138777707
14476.402658113286,0.3870942138777707
14496.44034295921,0.7741884277555414
14516.478027805133,1.9354710693888535
14536.515712651057,1.9354710693888535
14556.55339749698,0.3870942138777707
14576.591082342904,1.1612826416333122
14596.628767188828,0.3870942138777707
14616.666452034751,0.3870942138777707
14636.704136880675,1.1612826416333122
14656.741821726599,1.5483768555110828
14676.77950657252,0.7741884277555414
14696.817191418444,1.1612826416333122
14716.854876264368,1.1612826416333122
14736.892561110291,0.7741884277555414
14756.930245956215,1.5483768555110828
14776.967930802139,1.5483768555110828
14797.005615648062,1.5483768555110828
14817.043300493986,1.5483768555110828
14837.08098533991,1.1612826416333122
14857.118670185833,1.9354710693888535
14877.156355031757,0.0
14897.19403987768,1.9354710693888535
14917.231724723604,0.7741884277555414
14937.269409569528,0.3870942138777707
14957.30709441545,1.5483768555110828
14977.344779261373,0.3870942138777707
14997.382464107297,1.1612826416333122
15017.42014895322,1.1612826416333122
15037.457833799144,1.1612826416333122
15057.495518645068,5.03222478041102
15077.533203490992,3.870942138777707
15097.570888336915,3.870942138777707
15117.608573182839,4.258036352655478
15137.646258028763,5.8064132081665605
15157.683942874686,3.0967537110221657
15177.72162772061,8.516072705310956
15197.759312566533,10.45154377469981
15217.796997412457,9.677355346944267
15237.834682258379,18.580522266132995
15257.872367104303,9.677355346944267
15277.910051950226,11.612826416333121
15297.94773679615,13.161203271844204
15317.985421642074,10.06444956082204
15338.023106487997,5.41931899428879
15358.06079133392,6.967695849799873
15378.098476179845,2.709659497144395
15398.136161025768,2.709659497144395
15418.173845871692,2.709659497144395
15438.211530717615,1.9354710693888535
15458.24921556354,1.1612826416333122
15478.286900409463,3.870942138777707
15498.324585255386,5.03222478041102
15518.36227010131,4.258036352655478
15538.399954947232,5.8064132081665605
15558.437639793156,6.580601635922102
15578.47532463908,7.741884277555414
15598.513009485003,6.967695849799873
15618.550694330926,8.128978491433186
15638.58837917685,11.225732202455351
15658.626064022774,9.677355346944267
15678.663748868697,11.999920630210893
15698.701433714621,13.548297485721974
15718.739118560545,13.548297485721974
15738.776803406468,10.45154377469981
15758.814488252392,11.612826416333121
15778.852173098316,12.774109057966433
15798.88985794424,11.612826416333121
15818.927542790161,9.290261133066497
15838.965227636085,9.677355346944267
15859.002912482008,5.41931899428879
15879.040597327932,4.645130566533249
15899.078282173856,6.193507422044331
15919.11596701978,2.3225652832666244
15939.153651865703,3.0967537110221657
15959.191336711627,2.3225652832666244
15979.22902155755,2.3225652832666244
15999.266706403474,1.9354710693888535
16019.304391249398,2.709659497144395
16039.342076095321,0.7741884277555414
16059.379760941245,3.4838479248999366
16079.417445787169,3.4838479248999366
16099.45513063309,2.709659497144395
16119.492815479014,2.709659497144395
16139.530500324938,3.870942138777707
16159.568185170861,3.870942138777707
16179.605870016785,4.258036352655478
16199.643554862709,3.4838479248999366
16219.681239708632,1.9354710693888535
16239.718924554556,4.645130566533249
16259.75660940048,2.709659497144395
16279.794294246403,2.709659497144395
16299.831979092327,5.41931899428879
16319.86966393825,3.870942138777707
16339.907348784174,2.709659497144395
16359.945033630098,4.645130566533249
16379.98271847602,5.41931899428879
16400.02040332194,4.258036352655478
16420.058088167865,1.5483768555110828
16440.09577301379,3.0967537110221657
16460.133457859713,2.709659497144395
16480.171142705636,1.9354710693888535
16500.20882755156,3.4838479248999366
16520.246512397483,4.645130566533249
16540.284197243407,3.0967537110221657
16560.32188208933,3.0967537110221657
16580.359566935254,3.0967537110221657
16600.397251781178,3.870942138777707
16620.4349366271,2.709659497144395
16640.472621473025,4.645130566533249
16660.51030631895,1.9354710693888535
16680.547991164873,1.1612826416333122
16700.585676010796,3.4838479248999366
16720.62336085672,3.0967537110221657
16740.661045702644,5.8064132081665605
16760.698730548567,3.0967537110221657
16780.73641539449,3.870942138777707
16800.774100240415,1.5483768555110828
16820.811785086335,5.03222478041102
16840.84946993226,2.709659497144395
16860.887154778182,3.4838479248999366
16880.924839624106,4.645130566533249
16900.96252447003,4.645130566533249
16921.000209315953,1.1612826416333122
16941.037894161876,4.645130566533249
16961.0755790078,2.709659497144395
16981.113263853724,2.3225652832666244
17001.150948699647,4.258036352655478
17021.18863354557,7.354790063677643
17041.226318391495,4.645130566533249
17061.26400323742,5.41931899428879
17081.301688083342,3.4838479248999366
17101.339372929266,5.41931899428879
17121.37705777519,5.03222478041102
17141.414742621113,6.193507422044331
17161.452427467037,4.645130566533249
17181.49011231296,8.128978491433186
17201.527797158884,10.45154377469981
17221.565482004808,11.999920630210893
17241.60316685073,12.387014844088663
17261.640851696655,12.774109057966433
17281.67853654258,11.999920630210893
17301.716221388502,17.41923962449968
17321.753906234426,18.193428052255225
17341.79159108035,22.451464404910702
17361.829275926273,23.225652832666242
17381.866960772193,32.12881975185497
17401.904645618117,26.32240654368841
17421.94233046404,30.193348682466116
17441.980015309964,33.29010239348828
17462.017700155888,31.7417255379772
17482.05538500181,37.548138746143756
17502.093069847735,32.51591396573274
17522.13075469366,29.806254468588346
17542.168439539582,24.774029688177325
17562.206124385506,20.12889912164408
17582.24380923143,17.03214541062191
17602.281494077353,19.354710693888535
17622.319178923277,9.290261133066497
17642.3568637692,11.225732202455351
17662.394548615124,10.06444956082204
17682.432233461048,6.193507422044331
17702.46991830697,9.290261133066497
17722.507603152895,11.225732202455351
17742.54528799882,5.8064132081665605
17762.582972844742,12.387014844088663
17782.620657690666,10.83863798857758
17802.65834253659,8.903166919188726
17822.696027382513,6.193507422044331
17842.733712228437,8.903166919188726
17862.77139707436,8.903166919188726
17882.809081920284,6.967695849799873
17902.846766766208,8.903166919188726
17922.88445161213,8.903166919188726
17942.92213645805,7.741884277555414
17962.959821303975,6.193507422044331
17982.9975061499,10.83863798857758
18003.035190995823,7.354790063677643
18023.072875841746,11.999920630210893
18043.11056068767,10.83863798857758
18063.148245533594,11.225732202455351
18083.185930379517,11.612826416333121
18103.22361522544,10.45154377469981
18123.261300071365,11.225732202455351
18143.298984917288,10.45154377469981
18163.336669763212,12.387014844088663
18183.374354609135,13.548297485721974
18203.41203945506,12.774109057966433
18223.449724300983,15.483768555110828
18243.487409146906,12.387014844088663
18263.52509399283,17.41923962449968
18283.562778838754,11.612826416333121
18303.600463684677,12.387014844088663
18323.6381485306,11.612826416333121
18343.675833376525,15.8708627689886
18363.71351822245,16.25795698286637
18383.751203068372,17.03214541062191
18403.788887914296,18.193428052255225
18423.82657276022,15.096674341233058
18443.864257606143,20.12889912164408
18463.901942452067,15.483768555110828
18483.93962729799,21.67727597715516
18503.977312143914,21.67727597715516
18524.014996989834,25.548218115932865
18544.052681835758,23.225652832666242
18564.09036668168,27.870783399199492
18584.128051527605,26.70950075756618
18604.16573637353,31.7417255379772
18624.203421219452,25.93531232981064
18644.241106065376,38.3223271738993
18664.2787909113,40.25779824328816
18684.316475757223,32.90300817961051
18704.354160603147,36.773950318388216
18724.39184544907,35.225573462877136
18744.429530294994,43.74164616818809
18764.467215140918,40.64489245716592
18784.50489998684,38.70942138777707
18804.542584832765,44.128740382065864
18824.58026967869,47.225494093088024
18844.617954524612,56.12866101227675
18864.655639370536,45.29002302369917
18884.69332421646,50.709342017987964
18904.731009062383,54.96737837064344
18924.768693908307,53.80609572901013
18944.80637875423,54.1931899428879
18964.844063600154,59.61250893717669
18984.881748446078,58.838320509421145
19004.919433292,53.80609572901013
19024.957118137925,46.83839987921026
19044.99480298385,48.77387094859911
19065.032487829772,38.70942138777707
19085.070172675692,45.677117237576944
19105.107857521616,40.25779824328816
19125.14554236754,45.677117237576944
19145.183227213463,41.0319866710437
19165.220912059387,38.3223271738993
19185.25859690531,39.87070402941038
19205.296281751234,32.51591396573274
19225.333966597158,36.38685610451045
19245.37165144308,31.354631324099426
19265.409336289005,31.7417255379772
19285.44702113493,39.09651560165484
19305.484705980853,30.193348682466116
19325.522390826776,28.257877613077262
19345.5600756727,27.870783399199492
19365.597760518624,26.70950075756618
19385.635445364547,29.806254468588346
19405.67313021047,29.806254468588346
19425.710815056394,26.32240654368841
19445.748499902318,25.548218115932865
19465.78618474824,24.386935474299555
19485.823869594165,23.225652832666242
19505.86155444009,22.064370191032932
19525.899239286013,26.32240654368841
19545.936924131936,31.354631324099426
19565.97460897786,24.386935474299555
19586.012293823784,26.70950075756618
19606.049978669707,22.838558618788472
19626.08766351563,26.32240654368841
19646.125348361555,23.612747046544012
19666.163033207475,22.064370191032932
19686.2007180534,13.935391699599746
19706.238402899322,22.838558618788472
19726.276087745246,22.451464404910702
19746.31377259117,19.354710693888535
19766.351457437093,20.51599333552185
19786.389142283017,19.741804907766305
19806.42682712894,18.580522266132995
19826.464511974864,16.64505119674414
19846.502196820788,16.64505119674414
19866.53988166671,17.03214541062191
19886.577566512635,16.25795698286637
19906.61525135856,18.580522266132995
19926.652936204482,17.03214541062191
19946.690621050406,22.838558618788472
19966.72830589633,22.451464404910702
19986.765990742253,27.09659497144395
20006.803675588177,23.612747046544012
20026.8413604341,18.580522266132995
20046.879045280024,25.93531232981064
20066.916730125948,23.225652832666242
20086.95441497187,25.161123902055095
20106.992099817795,29.806254468588346
20127.02978466372,25.93531232981064
20147.067469509642,26.32240654368841
20167.105154355566,34.83847924899936
20187.14283920149,28.644971826955032
20207.180524047413,30.193348682466116
20227.218208893333,27.870783399199492
20247.255893739257,23.225652832666242
20267.29357858518,26.32240654368841
20287.331263431104,27.48368918532172
20307.368948277028,21.67727597715516
20327.40663312295,20.51599333552185
20347.444317968875,23.612747046544012
20367.4820028148,25.161123902055095
20387.519687660722,23.612747046544012
20407.557372506646,18.193428052255225
20427.59505735257,24.774029688177325
20447.632742198493,18.967616480010765
20467.670427044417,23.225652832666242
20487.70811189034,19.354710693888535
20507.745796736264,24.386935474299555
20527.783481582188,21.67727597715516
20547.82116642811,23.612747046544012
20567.858851274035,22.451464404910702
20587.89653611996,19.354710693888535
20607.934220965883,23.999841260421785
20627.971905811806,32.51591396573274
20648.00959065773,22.838558618788472
20668.047275503654,21.67727597715516
20688.084960349577,26.32240654368841
20708.1226451955,30.193348682466116
20728.160330041424,27.870783399199492
20748.198014887348,24.774029688177325
20768.23569973327,26.70950075756618
20788.273384579195,25.548218115932865
20808.311069425115,26.70950075756618
20828.34875427104,24.774029688177325
20848.386439116963,30.967537110221656
20868.424123962886,31.354631324099426
20888.46180880881,37.548138746143756
20908.499493654734,27.870783399199492
20928.537178500657,33.29010239348828
20948.57486334658,35.225573462877136
20968.612548192505,27.870783399199492
20988.65023303843,36.38685610451045
21008.687917884352,34.06429082124382
21028.725602730276,30.193348682466116
21048.7632875762,30.967537110221656
21068.800972422123,45.29002302369917
21088.838657268047,38.70942138777707
21108.87634211397,41.41908088492146
21128.914026959894,37.548138746143756
21148.951711805817,34.06429082124382
21168.98939665174,32.51591396573274
21189.027081497665,35.999761890632676
21209.06476634359,37.93523296002153
21229.102451189512,39.09651560165484
21249.140136035436,35.999761890632676
21269.17782088136,38.3223271738993
21289.215505727283,35.225573462877136
21309.253190573207,32.90300817961051
21329.29087541913,38.3223271738993
21349.328560265054,40.25779824328816
21369.366245110974,33.67719660736605
21389.403929956898,35.225573462877136
21409.44161480282,29.806254468588346
21429.479299648745,32.90300817961051
21449.51698449467,34.83847924899936
21469.554669340592,34.451385035121596
21489.592354186516,30.193348682466116
21509.63003903244,30.967537110221656
21529.667723878363,34.451385035121596
21549.705408724287,33.67719660736605
21569.74309357021,35.225573462877136
21589.780778416134,35.225573462877136
21609.818463262058,35.225573462877136
21629.85614810798,29.419160254710572
21649.893832953905,27.48368918532172
21669.93151779983,25.93531232981064
21689.969202645752,32.51591396573274
21710.006887491676,32.90300817961051
21730.0445723376,25.93531232981064
21750.082257183523,31.354631324099426
21770.119942029447,30.580442896343886
21790.15762687537,22.451464404910702
21810.195311721294,27.09659497144395
21830.232996567218,27.870783399199492
21850.27068141314,27.09659497144395
21870.308366259065,26.70950075756618
21890.34605110499,29.419160254710572
21910.383735950913,31.354631324099426
21930.421420796836,26.70950075756618
21950.459105642756,20.90308754939962
21970.49679048868,29.806254468588346
21990.534475334603,26.70950075756618
22010.572160180527,30.193348682466116
22030.60984502645,27.48368918532172
22050.647529872374,32.12881975185497
22070.685214718298,23.225652832666242
22090.72289956422,23.225652832666242
22110.760584410145,27.09659497144395
22130.79826925607,27.09659497144395
22150.835954101993,27.48368918532172
22170.873638947916,29.419160254710572
22190.91132379384,30.580442896343886
22210.949008639764,27.870783399199492
22230.986693485687,27.870783399199492
22251.02437833161,34.06429082124382
22271.062063177535,19.741804907766305
22291.09974802346,27.870783399199492
22311.137432869382,18.580522266132995
22331.175117715306,26.32240654368841
22351.21280256123,21.67727597715516
22371.250487407153,30.193348682466116
22391.288172253076,27.09659497144395
22411.325857099,24.386935474299555
22431.363541944924,32.12881975185497
22451.401226790847,28.644971826955032
22471.43891163677,21.29018176327739
22491.476596482695,27.09659497144395
22511.514281328615,26.70950075756618
22531.55196617454,25.548218115932865
22551.589651020462,29.419160254710572
22571.627335866386,28.644971826955032
22591.66502071231,29.806254468588346
22611.702705558233,37.93523296002153
22631.740390404157,33.29010239348828
22651.77807525008,29.032066040832802
22671.815760096004,29.806254468588346
22691.853444941928,34.06429082124382
22711.89112978785,29.806254468588346
22731.928814633775,29.806254468588346
22751.9664994797,33.29010239348828
22772.004184325622,31.7417255379772
22792.041869171546,34.451385035121596
22812.07955401747,30.193348682466116
22832.117238863393,34.451385035121596
22852.154923709317,28.257877613077262
22872.19260855524,30.193348682466116
22892.230293401164,25.93531232981064
22912.267978247088,32.51591396573274
22932.30566309301,27.48368918532172
22952.343347938935,29.032066040832802
22972.38103278486,32.51591396573274
22992.418717630782,23.612747046544012
23012.456402476706,25.548218115932865
23032.49408732263,32.12881975185497
23052.531772168553,31.354631324099426
23072.569457014477,33.67719660736605
23092.607141860397,29.806254468588346
23112.64482670632,30.967537110221656
23132.682511552244,33.29010239348828
23152.720196398168,27.48368918532172
23172.75788124409,33.67719660736605
23192.795566090015,29.806254468588346
23212.83325093594,32.12881975185497
23232.870935781862,28.257877613077262
23252.908620627786,32.90300817961051
23272.94630547371,34.451385035121596
23292.983990319633,29.419160254710572
23313.021675165557,33.29010239348828
23333.05936001148,31.354631324099426
23353.097044857404,31.7417255379772
23373.134729703328,28.644971826955032
23393.17241454925,30.193348682466116
23413.210099395175,28.644971826955032
23433.2477842411,29.806254468588346
23453.285469087023,32.90300817961051
23473.323153932946,30.967537110221656
23493.36083877887,32.12881975185497
23513.398523624794,37.548138746143756
23533.436208470717,27.09659497144395
23553.47389331664,30.580442896343886
23573.511578162565,27.48368918532172
23593.54926300849,27.48368918532172
23613.586947854412,30.580442896343886
23633.624632700335,29.806254468588346
23653.662317546256,32.51591396573274
23673.70000239218,27.870783399199492
23693.737687238103,29.032066040832802
23713.775372084026,31.354631324099426
23733.81305692995,27.870783399199492
23753.850741775874,32.51591396573274
23773.888426621797,30.967537110221656
23793.92611146772,34.83847924899936
23813.963796313645,32.90300817961051
23834.00148115957,27.870783399199492
23854.039166005492,40.64489245716592
23874.076850851416,32.51591396573274
23894.11453569734,36.773950318388216
23914.152220543263,37.16104453226599
23934.189905389187,34.451385035121596
23954.22759023511,30.580442896343886
23974.265275081034,31.354631324099426
23994.302959926958,31.354631324099426
24014.34064477288,30.580442896343886
24034.378329618805,32.90300817961051
24054.41601446473,31.354631324099426
24074.453699310652,34.06429082124382
24094.491384156576,27.870783399199492
24114.5290690025,29.806254468588346
24134.566753848423,28.257877613077262
24154.604438694347,34.83847924899936
24174.64212354027,32.12881975185497
24194.679808386194,29.806254468588346
24214.717493232114,32.90300817961051
24234.755178078038,34.451385035121596
24254.79286292396,32.51591396573274
24274.830547769885,28.644971826955032
24294.86823261581,30.580442896343886
24314.905917461732,34.83847924899936
24334.943602307656,25.93531232981064
24354.98128715358,40.25779824328816
24375.018971999503,32.51591396573274
24395.056656845427,36.38685610451045
24415.09434169135,30.193348682466116
24435.132026537274,27.870783399199492
24455.169711383198,35.225573462877136
24475.20739622912,35.225573462877136
24495.245081075045,32.12881975185497
24515.28276592097,29.419160254710572
24535.320450766892,30.967537110221656
24555.358135612816,31.354631324099426
24575.39582045874,36.38685610451045
24595.433505304663,29.806254468588346
24615.471190150587,35.999761890632676
24635.50887499651,35.6126676767549
24655.546559842434,36.773950318388216
24675.584244688358,30.193348682466116
24695.62192953428,43.35455195431032
24715.659614380205,35.6126676767549
24735.69729922613,32.51591396573274
24755.734984072053,37.16104453226599
24775.772668917976,37.93523296002153
24795.810353763896,39.09651560165484
24815.84803860982,34.451385035121596
24835.885723455744,42.19326931267701
24855.923408301667,32.90300817961051
24875.96109314759,37.548138746143756
24895.998777993515,32.12881975185497
24916.036462839438,32.90300817961051
24936.074147685362,34.83847924899936
24956.111832531285,37.16104453226599
24976.14951737721,38.3223271738993
24996.187202223133,39.48360981553261
25016.224887069056,37.93523296002153
25036.26257191498,36.773950318388216
25056.300256760904,37.548138746143756
25076.337941606827,34.451385035121596
25096.37562645275,30.967537110221656
25116.413311298675,37.16104453226599
25136.4509961446,43.74164616818809
25156.488680990522,47.6125883069658
25176.526365836446,41.0319866710437
25196.56405068237,33.67719660736605
25216.601735528293,36.38685610451045
25236.639420374217,36.38685610451045
25256.67710522014,36.38685610451045
25276.714790066064,37.93523296002153
25296.752474911988,39.87070402941038
25316.79015975791,36.773950318388216
25336.827844603835,42.19326931267701
25356.865529449755,29.419160254710572
25376.90321429568,36.38685610451045
25396.940899141602,30.967537110221656
25416.978583987526,39.48360981553261
25437.01626883345,40.25779824328816
25457.053953679373,33.29010239348828
25477.091638525297,29.032066040832802
25497.12932337122,42.96745774043255
25517.167008217144,30.580442896343886
25537.204693063068,26.70950075756618
25557.24237790899,35.6126676767549
25577.280062754915,29.032066040832802
25597.31774760084,35.6126676767549
25617.355432446762,32.90300817961051
25637.393117292686,36.773950318388216
25657.43080213861,34.451385035121596
25677.468486984533,36.38685610451045
25697.506171830457,38.70942138777707
25717.54385667638,39.87070402941038
25737.581541522304,30.580442896343886
25757.619226368228,39.09651560165484
25777.65691121415,35.6126676767549
25797.694596060075,38.3223271738993
25817.732280906,39.87070402941038
25837.769965751922,38.70942138777707
25857.807650597846,33.67719660736605
25877.84533544377,34.451385035121596
25897.883020289693,38.70942138777707
25917.920705135617,40.25779824328816
25937.958389981537,32.90300817961051
25957.99607482746,35.6126676767549
25978.033759673384,37.16104453226599
25998.071444519308,33.29010239348828
26018.10912936523,33.67719660736605
26038.146814211155,30.580442896343886
26058.18449905708,38.70942138777707
26078.222183903003,35.999761890632676
26098.259868748926,41.0319866710437
26118.29755359485,36.773950318388216
26138.335238440774,36.773950318388216
26158.372923286697,32.12881975185497
26178.41060813262,31.354631324099426
26198.448292978544,35.225573462877136
26218.485977824468,34.83847924899936
26238.52366267039,40.25779824328816
26258.561347516315,39.09651560165484
26278.59903236224,30.580442896343886
26298.636717208163,37.548138746143756
26318.674402054086,40.25779824328816
26338.71208690001,35.6126676767549
26358.749771745934,30.580442896343886
26378.787456591857,37.16104453226599
26398.82514143778,40.64489245716592
26418.862826283705,38.3223271738993
26438.90051112963,36.773950318388216
26458.938195975552,42.19326931267701
26478.975880821476,39.48360981553261
26499.013565667396,31.354631324099426
26519.05125051332,35.999761890632676
26539.088935359243,37.548138746143756
26559.126620205167,29.419160254710572
26579.16430505109,34.451385035121596
26599.201989897014,31.354631324099426
26619.239674742937,29.806254468588346
26639.27735958886,37.548138746143756
26659.315044434785,36.38685610451045
26679.35272928071,35.225573462877136
26699.390414126632,32.90300817961051
26719.428098972556,37.16104453226599
26739.46578381848,35.225573462877136
26759.503468664403,31.354631324099426
26779.541153510327,36.773950318388216
26799.57883835625,31.7417255379772
26819.616523202174,34.83847924899936
26839.654208048098,40.64489245716592
26859.69189289402,39.09651560165484
26879.729577739945,38.3223271738993
26899.76726258587,28.644971826955032
26919.804947431792,35.225573462877136
26939.842632277716,32.51591396573274
26959.88031712364,34.06429082124382
26979.918001969563,36.38685610451045
26999.955686815487,39.09651560165484
27019.99337166141,36.38685610451045
27040.031056507334,36.38685610451045
27060.068741353258,34.06429082124382
27080.106426199178,31.354631324099426
27100.1441110451,37.93523296002153
27120.181795891025,36.38685610451045
27140.21948073695,34.06429082124382
27160.257165582872,37.16104453226599
27180.294850428796,37.93523296002153
27200.33253527472,32.51591396573274
27220.370220120643,32.12881975185497
27240.407904966567,41.41908088492146
27260.44558981249,33.29010239348828
27280.483274658414,35.6126676767549
27300.520959504338,31.7417255379772
27320.55864435026,34.83847924899936
27340.596329196185,34.83847924899936
27360.63401404211,41.0319866710437
27380.671698888033,38.3223271738993
27400.709383733956,35.999761890632676
27420.74706857988,34.451385035121596
27440.784753425804,37.93523296002153
27460.822438271727,29.419160254710572
27480.86012311765,34.451385035121596
27500.897807963574,38.3223271738993
27520.935492809498,34.451385035121596
27540.97317765542,42.96745774043255
27561.010862501345,32.12881975185497
27581.04854734727,32.90300817961051
27601.086232193193,35.6126676767549
27621.123917039116,38.70942138777707
27641.161601885036,40.64489245716592
27661.19928673096,37.93523296002153
27681.236971576884,38.70942138777707
27701.274656422807,39.09651560165484
27721.31234126873,35.6126676767549
27741.350026114655,41.41908088492146
27761.38771096058,35.6126676767549
27781.425395806502,37.16104453226599
27801.463080652426,30.193348682466116
27821.50076549835,36.773950318388216
27841.538450344273,32.51591396573274
27861.576135190197,31.7417255379772
27881.61382003612,39.48360981553261
27901.651504882044,32.12881975185497
27921.689189727967,32.51591396573274
27941.72687457389,32.12881975185497
27961.764559419815,39.48360981553261
27981.80224426574,38.3223271738993
28001.839929111662,35.225573462877136
28021.877613957586,38.70942138777707
28041.91529880351,34.83847924899936
28061.952983649433,38.70942138777707
28081.990668495357,35.6126676767549
28102.02835334128,33.67719660736605
28122.066038187204,42.19326931267701
28142.103723033128,29.032066040832802
28162.14140787905,34.06429082124382
28182.179092724975,38.70942138777707
28202.216777570895,38.70942138777707
28222.25446241682,34.06429082124382
28242.292147262742,35.6126676767549
28262.329832108666,33.67719660736605
28282.36751695459,39.48360981553261
28302.405201800513,39.09651560165484
28322.442886646437,35.999761890632676
28342.48057149236,32.51591396573274
28362.518256338284,45.677117237576944
28382.555941184208,32.51591396573274
28402.59362603013,33.67719660736605
28422.631310876055,37.548138746143756
28442.66899572198,34.83847924899936
28462.706680567902,28.644971826955032
28482.744365413826,36.773950318388216
28502.78205025975,35.999761890632676
28522.819735105673,42.58036352655478
28542.857419951597,39.87070402941038
28562.89510479752,32.90300817961051
28582.932789643444,37.16104453226599
28602.970474489368,30.580442896343886
28623.00815933529,32.51591396573274
28643.045844181215,33.29010239348828
28663.08352902714,28.644971826955032
28683.121213873063,44.51583459594363
28703.158898718986,31.7417255379772
28723.19658356491,30.967537110221656
28743.234268410833,32.90300817961051
28763.271953256757,44.51583459594363
28783.309638102677,26.70950075756618
28803.3473229486,31.354631324099426
28823.385007794524,29.806254468588346
28843.422692640448,37.548138746143756
28863.46037748637,42.58036352655478
28883.498062332295,27.48368918532172
28903.53574717822,33.29010239348828
28923.573432024143,35.225573462877136
28943.611116870066,34.06429082124382
28963.64880171599,33.29010239348828
28983.686486561914,34.451385035121596
29003.724171407837,27.870783399199492
29023.76185625376,42.58036352655478
29043.799541099685,35.6126676767549
29063.83722594561,32.90300817961051
29083.874910791532,24.774029688177325
29103.912595637456,32.51591396573274
29123.95028048338,25.93531232981064
29143.987965329303,34.451385035121596
29164.025650175226,35.999761890632676
29184.06333502115,35.999761890632676
29204.101019867074,30.193348682466116
29224.138704712997,38.70942138777707
29244.17638955892,36.773950318388216
29264.214074404845,29.806254468588346
29284.25175925077,36.773950318388216
29304.289444096692,32.12881975185497
29324.327128942616,36.38685610451045
29344.364813788536,33.67719660736605
29364.40249863446,36.773950318388216
29384.440183480383,33.67719660736605
29404.477868326307,29.806254468588346
29424.51555317223,33.67719660736605
29444.553238018154,30.193348682466116
29464.590922864078,29.806254468588346
29484.62860771,33.29010239348828
29504.666292555925,35.225573462877136
29524.70397740185,34.451385035121596
29544.741662247772,37.548138746143756
29564.779347093696,32.51591396573274
29584.81703193962,31.7417255379772
29604.854716785543,35.225573462877136
29624.892401631467,29.419160254710572
29644.93008647739,31.7417255379772
29664.967771323314,36.38685610451045
29685.005456169238,30.193348682466116
29705.04314101516,32.51591396573274
29725.080825861085,31.7417255379772
29745.11851070701,34.451385035121596
29765.156195552932,27.870783399199492
29785.193880398856,29.419160254710572
29805.23156524478,34.451385035121596
29825.269250090703,29.032066040832802
29845.306934936627,31.7417255379772
29865.34461978255,27.870783399199492
29885.382304628474,35.999761890632676
29905.419989474398,34.83847924899936
29925.457674320318,30.580442896343886
29945.49535916624,26.32240654368841
29965.533044012165,28.644971826955032
29985.57072885809,31.7417255379772
30005.608413704012,27.48368918532172
30025.646098549936,34.451385035121596
30045.68378339586,38.70942138777707
30065.721468241783,36.38685610451045
30085.759153087707,31.7417255379772
30105.79683793363,34.451385035121596
30125.834522779554,30.967537110221656
30145.872207625478,27.48368918532172
30165.9098924714,28.644971826955032
30185.947577317325,27.09659497144395
30205.98526216325,31.7417255379772
30226.022947009173,30.580442896343886
30246.060631855096,27.48368918532172
30266.09831670102,30.193348682466116
30286.136001546944,29.806254468588346
30306.173686392867,36.38685610451045
30326.21137123879,35.225573462877136
30346.249056084715,23.999841260421785
30366.28674093064,25.161123902055095
30386.324425776562,27.870783399199492
30406.362110622485,34.06429082124382
30426.39979546841,25.548218115932865
30446.437480314333,36.38685610451045
30466.475165160256,24.774029688177325
30486.512850006176,31.354631324099426
30506.5505348521,28.644971826955032
30526.588219698024,24.774029688177325
30546.625904543947,25.161123902055095
30566.66358938987,30.193348682466116
30586.701274235795,22.451464404910702
30606.73895908172,34.83847924899936
30626.776643927642,27.870783399199492
30646.814328773566,22.838558618788472
30666.85201361949,31.354631324099426
30686.889698465413,29.419160254710572
30706.927383311337,23.225652832666242
30726.96506815726,23.612747046544012
30747.002753003184,29.806254468588346
30767.040437849108,29.806254468588346
30787.07812269503,27.870783399199492
30807.115807540955,21.67727597715516
30827.15349238688,26.32240654368841
30847.191177232802,25.93531232981064
30867.228862078726,25.93531232981064
30887.26654692465,30.580442896343886
30907.304231770573,22.451464404910702
30927.341916616497,20.51599333552185
30947.37960146242,27.870783399199492
30967.417286308344,31.7417255379772
30987.454971154268,28.257877613077262
31007.49265600019,29.032066040832802
31027.530340846115,25.548218115932865
31047.56802569204,25.161123902055095
31067.60571053796,23.225652832666242
31087.643395383882,29.032066040832802
31107.681080229806,29.419160254710572
31127.71876507573,28.644971826955032
31147.756449921653,25.161123902055095
31167.794134767577,22.451464404910702
31187.8318196135,27.48368918532172
31207.869504459424,27.09659497144395
31227.907189305348,25.548218115932865
31247.94487415127,25.161123902055095
31267.982558997195,29.032066040832802
31288.02024384312,26.32240654368841
31308.057928689042,30.967537110221656
31328.095613534966,27.870783399199492
31348.13329838089,27.09659497144395
31368.170983226813,23.225652832666242
31388.208668072737,18.193428052255225
31408.24635291866,29.032066040832802
31428.284037764584,22.064370191032932
31448.321722610508,20.51599333552185
31468.35940745643,22.064370191032932
31488.397092302355,25.161123902055095
31508.43477714828,27.09659497144395
31528.472461994203,30.967537110221656
31548.510146840126,24.774029688177325
31568.54783168605,29.419160254710572
31588.585516531974,27.870783399199492
31608.623201377897,24.774029688177325
31628.660886223817,25.161123902055095
31648.69857106974,27.48368918532172
31668.736255915665,25.93531232981064
31688.773940761588,25.548218115932865
31708.81162560751,21.29018176327739
31728.849310453435,29.032066040832802
31748.88699529936,30.967537110221656
31768.924680145283,25.93531232981064
31788.962364991206,24.774029688177325
31809.00004983713,27.09659497144395
31829.037734683054,21.29018176327739
31849.075419528977,24.774029688177325
31869.1131043749,27.48368918532172
31889.150789220825,22.064370191032932
31909.18847406675,24.386935474299555
31929.226158912672,24.386935474299555
31949.263843758596,30.580442896343886
31969.30152860452,24.386935474299555
31989.339213450443,28.257877613077262
32009.376898296367,25.548218115932865
32029.41458314229,22.064370191032932
32049.452267988214,28.257877613077262
32069.489952834138,18.193428052255225
32089.52763768006,19.741804907766305
32109.565322525985,20.90308754939962
32129.60300737191,21.29018176327739
32149.640692217832,22.064370191032932
32169.678377063756,25.93531232981064
32189.71606190968,22.451464404910702
32209.7537467556,20.90308754939962
32229.791431601523,25.548218115932865
32249.829116447447,18.193428052255225
32269.86680129337,22.064370191032932
32289.904486139294,25.93531232981064
32309.942170985218,21.67727597715516
32329.97985583114,20.51599333552185
32350.017540677065,20.12889912164408
32370.05522552299,24.774029688177325
32390.092910368912,21.29018176327739
32410.130595214836,23.999841260421785
32430.16828006076,20.51599333552185
32450.205964906683,17.80633383837745
32470.243649752607,22.064370191032932
32490.28133459853,19.354710693888535
32510.319019444454,23.225652832666242
32530.356704290378,19.354710693888535
32550.3943891363,19.741804907766305
32570.432073982225,14.709580127355286
32590.46975882815,19.354710693888535
32610.507443674072,19.354710693888535
32630.545128519996,18.967616480010765
32650.58281336592,17.41923962449968
32670.620498211843,24.386935474299555
32690.658183057767,21.29018176327739
32710.69586790369,20.12889912164408
32730.733552749614,15.8708627689886
32750.771237595538,17.80633383837745
32770.80892244146,13.548297485721974
32790.846607287385,18.193428052255225
32810.884292133305,18.967616480010765
32830.92197697923,21.67727597715516
32850.95966182515,19.741804907766305
32870.99734667108,20.12889912164408
32891.035031517,22.838558618788472
32911.07271636293,17.41923962449968
32931.11040120885,13.548297485721974
32951.148086054774,22.064370191032932
32971.185770900694,21.29018176327739
32991.22345574662,18.193428052255225
33011.26114059254,18.580522266132995
33031.29882543847,21.29018176327739
33051.33651028439,18.193428052255225
33071.37419513031,15.8708627689886
33091.41187997624,16.64505119674414
33111.44956482216,15.8708627689886
33131.487249668084,15.8708627689886
33151.524934514004,19.354710693888535
33171.56261935993,15.8708627689886
33191.60030420585,17.80633383837745
33211.63798905178,16.64505119674414
33231.6756738977,17.80633383837745
33251.713358743626,10.83863798857758
33271.751043589546,17.03214541062191
33291.78872843547,15.8708627689886
33311.82641328139,12.387014844088663
33331.86409812732,13.161203271844204
33351.90178297324,17.03214541062191
33371.93946781917,17.41923962449968
33391.97715266509,19.741804907766305
33412.014837511015,13.548297485721974
33432.052522356935,16.64505119674414
33452.09020720286,13.935391699599746
33472.12789204878,16.25795698286637
33492.16557689471,20.51599333552185
33512.20326174063,12.387014844088663
33532.24094658656,14.322485913477516
33552.27863143248,11.999920630210893
33572.316316278404,19.354710693888535
33592.354001124324,11.999920630210893
33612.39168597025,17.41923962449968
33632.42937081617,14.709580127355286
33652.46705566209,17.41923962449968
33672.50474050802,15.096674341233058
33692.54242535394,13.161203271844204
33712.580110199866,15.483768555110828
33732.617795045786,16.64505119674414
33752.65547989171,13.935391699599746
33772.69316473763,9.290261133066497
33792.73084958356,18.193428052255225
33812.76853442948,11.612826416333121
33832.80621927541,15.483768555110828
33852.84390412133,10.06444956082204
33872.881588967255,16.25795698286637
33892.919273813175,12.774109057966433
33912.9569586591,13.935391699599746
33932.99464350502,11.612826416333121
33953.03232835095,15.483768555110828
33973.07001319687,10.83863798857758
33993.1076980428,11.999920630210893
34013.14538288872,9.677355346944267
34033.183067734644,10.45154377469981
34053.220752580564,8.516072705310956
34073.25843742649,14.322485913477516
34093.29612227241,9.290261133066497
34113.33380711834,10.45154377469981
34133.37149196426,15.483768555110828
34153.409176810186,12.387014844088663
34173.446861656106,7.354790063677643
34193.484546502026,12.387014844088663
34213.52223134795,10.45154377469981
34233.55991619387,8.516072705310956
34253.5976010398,9.290261133066497
34273.63528588572,8.903166919188726
34293.67297073165,9.677355346944267
34313.71065557757,12.387014844088663
34333.748340423495,6.193507422044331
34353.786025269415,8.516072705310956
34373.82371011534,10.83863798857758
34393.86139496126,8.128978491433186
34413.89907980719,6.580601635922102
34433.93676465311,6.580601635922102
34453.97444949904,7.741884277555414
34474.01213434496,6.967695849799873
34494.049819190885,6.580601635922102
34514.087504036805,9.677355346944267
34534.12518888273,7.354790063677643
34554.16287372865,8.903166919188726
34574.20055857458,6.580601635922102
34594.2382434205,4.258036352655478
34614.27592826643,9.290261133066497
34634.31361311235,9.290261133066497
34654.351297958274,8.128978491433186
34674.388982804194,8.903166919188726
34694.42666765012,5.03222478041102
34714.46435249604,8.128978491433186
34734.50203734197,5.41931899428879
34754.53972218789,4.645130566533249
34774.57740703381,7.741884277555414
34794.615091879736,5.8064132081665605
34814.652776725656,5.41931899428879
34834.69046157158,5.03222478041102
34854.7281464175,7.354790063677643
34874.76583126343,4.645130566533249
34894.80351610935,7.354790063677643
34914.84120095528,6.580601635922102
34934.8788858012,5.8064132081665605
34954.916570647125,6.967695849799873
34974.954255493045,3.4838479248999366
34994.99194033897,5.03222478041102
35015.02962518489,4.645130566533249
35035.06731003082,6.580601635922102
35055.10499487674,7.354790063677643
35075.14267972267,7.741884277555414
35095.18036456859,1.5483768555110828
35115.218049414514,4.258036352655478
35135.255734260434,3.0967537110221657
35155.29341910636,2.709659497144395
35175.33110395228,3.0967537110221657
35195.36878879821,4.645130566533249
35215.40647364413,3.0967537110221657
35235.444158490056,1.5483768555110828
35255.481843335976,4.645130566533249
35275.5195281819,3.4838479248999366
35295.55721302782,4.258036352655478
35315.59489787375,3.870942138777707
35335.63258271967,3.4838479248999366
35355.67026756559,4.258036352655478
35375.70795241152,3.0967537110221657
35395.74563725744,3.4838479248999366
35415.783322103365,5.03222478041102
35435.821006949285,1.5483768555110828
35455.85869179521,3.870942138777707
35475.89637664113,3.0967537110221657
35495.93406148706,4.258036352655478
35515.97174633298,3.4838479248999366
35536.00943117891,4.258036352655478
35556.04711602483,2.709659497144395
35576.084800870754,3.0967537110221657
35596.122485716674,2.3225652832666244
35616.1601705626,2.3225652832666244
35636.19785540852,3.0967537110221657
35656.23554025445,2.709659497144395
35676.27322510037,2.3225652832666244
35696.310909946296,2.3225652832666244
35716.348594792216,1.5483768555110828
35736.38627963814,2.709659497144395
35756.42396448406,1.9354710693888535
35776.46164932999,3.0967537110221657
35796.49933417591,2.3225652832666244
35816.53701902184,3.0967537110221657
35836.57470386776,2.3225652832666244
35856.612388713686,1.5483768555110828
35876.650073559606,3.0967537110221657
35896.687758405526,1.5483768555110828
35916.72544325145,1.5483768555110828
35936.76312809737,1.5483768555110828
35956.8008129433,1.9354710693888535
35976.83849778922,0.7741884277555414
35996.87618263515,1.9354710693888535
36016.91386748107,1.9354710693888535
36036.951552326995,1.1612826416333122
36056.989237172915,1.1612826416333122
36077.02692201884,1.9354710693888535
36097.06460686476,0.7741884277555414
36117.10229171069,0.0
36137.13997655661,1.5483768555110828
36157.17766140254,0.7741884277555414
36177.21534624846,1.1612826416333122
36197.253031094384,0.0
36217.290715940304,1.1612826416333122
36237.32840078623,1.1612826416333122
36257.36608563215,1.5483768555110828
36277.40377047808,0.3870942138777707
36297.441455324,0.7741884277555414
36317.479140169926,1.1612826416333122
36337.516825015846,0.7741884277555414
36357.55450986177,2.3225652832666244
36377.59219470769,1.5483768555110828
36397.62987955362,0.7741884277555414
36417.66756439954,1.9354710693888535
36437.70524924547,2.3225652832666244
36457.74293409139,0.7741884277555414
36477.78061893731,1.5483768555110828
36497.818303783235,0.7741884277555414
36517.855988629155,1.1612826416333122
36537.89367347508,1.5483768555110828
36557.931358321,1.9354710693888535
36577.96904316693,1.1612826416333122
36598.00672801285,1.1612826416333122
36618.04441285878,0.7741884277555414
36638.0820977047,1.5483768555110828
36658.119782550624,0.3870942138777707
36678.157467396544,1.1612826416333122
36698.19515224247,0.0
36718.23283708839,0.7741884277555414
36738.27052193432,1.1612826416333122
36758.30820678024,0.0
36778.345891626166,0.3870942138777707
36798.383576472086,0.7741884277555414
36818.42126131801,0.7741884277555414
36838.45894616393,0.3870942138777707
36858.49663100986,1.5483768555110828
36878.53431585578,0.0
36898.57200070171,0.3870942138777707
36918.60968554763,0.0
36938.647370393555,0.3870942138777707
36958.685055239475,0.0
36978.7227400854,0.3870942138777707
36998.76042493132,1.5483768555110828
37018.79810977725,0.7741884277555414
37038.83579462317,1.1612826416333122
37058.87347946909,1.1612826416333122
37078.91116431502,0.7741884277555414
37098.94884916094,1.1612826416333122
37118.986534006865,0.3870942138777707
37139.024218852785,0.7741884277555414
37159.06190369871,0.3870942138777707
37179.09958854463,1.1612826416333122
37199.13727339056,1.1612826416333122
37219.17495823648,0.3870942138777707
37239.21264308241,0.7741884277555414
37259.25032792833,0.3870942138777707
37279.288012774254,0.7741884277555414
37299.325697620174,0.7741884277555414
37319.3633824661,0.7741884277555414
37339.40106731202,0.3870942138777707
37359.43875215795,0.3870942138777707
37379.47643700387,0.7741884277555414
37399.514121849796,0.0
37419.551806695716,1.1612826416333122
37439.58949154164,0.0
37459.62717638756,0.3870942138777707
37479.66486123349,0.0
37499.70254607941,0.3870942138777707
37519.74023092534,0.3870942138777707
37539.77791577126,0.3870942138777707
37559.815600617185,1.1612826416333122
37579.853285463105,0.7741884277555414
37599.89097030903,0.3870942138777707
37619.92865515495,0.3870942138777707
37639.96634000087,0.3870942138777707
37660.0040248468,0.3870942138777707
37680.04170969272,0.3870942138777707
37700.07939453865,0.7741884277555414
37720.11707938457,1.1612826416333122
37740.154764230494,0.0
37760.192449076414,0.3870942138777707
37780.23013392234,0.3870942138777707
37800.26781876826,0.7741884277555414
37820.30550361419,0.3870942138777707
37840.34318846011,0.0
37860.380873306036,0.0
37880.418558151956,0.3870942138777707
37900.45624299788,0.0
37920.4939278438,0.3870942138777707
37940.53161268973,0.0
37960.56929753565,0.3870942138777707
37980.60698238158,0.0
38000.6446672275,0.0
38020.682352073425,0.0
38040.720036919345,0.0
38060.75772176527,0.3870942138777707
38080.79540661119,0.0
38100.83309145712,0.0
38120.87077630304,0.0
38140.90846114897,0.3870942138777707
38160.94614599489,0.0
38180.98383084081,0.3870942138777707
38201.021515686734,0.3870942138777707
38221.059200532654,0.0
38241.09688537858,0.0
38261.1345702245,0.0
38281.17225507043,0.3870942138777707
38301.20993991635,0.3870942138777707
38321.247624762276,0.0
38341.285309608196,0.3870942138777707
38361.32299445412,0.0
38381.36067930004,0.3870942138777707
38401.39836414597,0.0
38421.43604899189,0.3870942138777707
38441.47373383782,0.0
38461.51141868374,0.7741884277555414
38481.549103529665,1.5483768555110828
38501.586788375585,0.3870942138777707
38521.62447322151,0.3870942138777707
38541.66215806743,0.7741884277555414
38561.69984291336,0.0
38581.73752775928,0.0
38601.77521260521,0.0
38621.81289745113,0.3870942138777707
38641.850582297055,0.0
38661.888267142975,0.0
38681.9259519889,0.7741884277555414
38701.96363683482,0.0
38722.00132168075,0.0
38742.03900652667,0.0
38762.07669137259,0.7741884277555414
38782.11437621852,0.0
38802.15206106444,0.3870942138777707
38822.189745910364,0.3870942138777707
38842.227430756284,0.0
38862.26511560221,0.3870942138777707
38882.30280044813,0.0
38902.34048529406,0.0
38922.37817013998,0.0
38942.415854985906,0.0
38962.453539831826,0.0
38982.49122467775,0.3870942138777707
39002.52890952367,0.0
39022.5665943696,0.0
39042.60427921552,0.3870942138777707
39062.64196406145,0.0
39082.67964890737,0.0
39102.717333753295,0.0
39122.755018599215,0.0
39142.79270344514,0.0
39162.83038829106,0.0
39182.86807313699,0.0
39202.90575798291,0.0
39222.94344282884,0.0
39242.98112767476,0.0
39263.018812520684,0.0
39283.056497366604,0.0
39303.09418221253,0.0
39323.13186705845,0.0
39343.16955190437,0.3870942138777707
39363.2072367503,0.0
39383.24492159622,0.0
39403.282606442146,0.0
39423.320291288066,0.0
39443.35797613399,0.0
39463.39566097991,0.0
39483.43334582584,0.0
39503.47103067176,0.3870942138777707
39523.50871551769,0.0
39543.54640036361,0.0
39563.584085209535,0.0
39583.621770055455,0.0
39603.65945490138,0.0
39623.6971397473,0.0
39643.73482459323,0.0
39663.77250943915,0.0
39683.81019428508,0.3870942138777707
39703.847879131,0.0
39723.885563976924,0.7741884277555414
39743.923248822844,0.0
39763.96093366877,0.0
39783.99861851469,0.0
39804.03630336062,0.0
39824.07398820654,0.0
39844.111673052466,0.0
39864.14935789839,0.3870942138777707
39884.187042744314,0.0
39904.224727590234,0.0
39924.262412436154,0.0
39944.30009728208,0.0
39964.337782128,0.0
39984.37546697393,0.0
40004.41315181985,0.0
40024.450836665776,0.0
40044.488521511696,0.0
40064.52620635762,0.0
40084.56389120354,0.0
40104.60157604947,0.0
40124.63926089539,0.0
40144.67694574132,0.0
40164.71463058724,0.0
40184.752315433165,0.0
40204.790000279085,0.0
40224.82768512501,0.0
40244.86536997093,0.0
40264.90305481686,0.0
40284.94073966278,0.3870942138777707
40304.97842450871,0.0
40325.01610935463,0.0
40345.053794200554,0.0
40365.091479046474,0.0
40385.1291638924,0.0
40405.16684873832,0.0
40425.20453358425,0.0
40445.24221843017,0.0
40465.27990327609,0.0
40485.317588122016,0.0
40505.355272967936,0.0
40525.39295781386,0.0
40545.43064265978,0.0
40565.46832750571,0.0
40585.50601235163,0.0
40605.54369719756,0.0
40625.58138204348,0.0
40645.619066889405,0.0
40665.656751735325,0.0
40685.69443658125,0.0
40705.73212142717,0.0
40725.7698062731,0.0
40745.80749111902,0.0
40765.84517596495,0.0
40785.88286081087,0.0
40805.920545656794,0.0
40825.958230502714,0.0
40845.99591534864,0.0
40866.03360019456,0.0
40886.07128504049,0.0
40906.10896988641,0.0
40926.146654732336,0.0
40946.184339578256,0.0
40966.22202442418,0.0
40986.2597092701,0.0
41006.29739411603,0.0
