Energy (keV),Intensity (CPS)
-10.575160574600421,0.0
9.462444381981644,0.0
29.50004933856371,0.0
49.53765429514577,0.0
69.57525925172784,0.0
89.61286420830992,0.0
109.65046916489197,0.0
129.68807412147402,0.0
149.7256790780561,0.0
169.76328403463816,0.0
189.80088899122023,0.0
209.83849394780228,0.0
229.87609890438435,0.0
249.9137038609664,0.0
269.95130881754847,0.0
289.98891377413054,0.0
310.0265187307126,0.42255736676983346
330.0641236872947,0.0
350.10172864387675,0.0
370.1393336004588,0.42255736676983346
390.1769385570409,1.2676721003095004
410.2145435136229,0.8451147335396669
430.252148470205,2.1127868338491673
450.28975342678706,2.1127868338491673
470.32735838336913,2.535344200619001
490.3649633399512,1.6902294670793339
510.4025682965332,3.803016300928501
530.4401732531153,2.9579015673888343
550.4777782096974,2.1127868338491673
570.5153831662794,6.338360501547502
590.5529881228615,6.760917868317335
610.5905930794436,2.1127868338491673
630.6281980360257,5.070688401238002
650.6658029926077,4.225573667698335
670.7034079491898,7.606032601857002
690.7410129057719,7.183475235087169
710.7786178623539,6.338360501547502
730.816222818936,4.648131034468168
750.8538277755181,4.648131034468168
770.8914327321002,5.070688401238002
790.9290376886822,10.141376802476003
810.9666426452642,8.873704702166503
831.0042476018463,3.803016300928501
851.0418525584283,6.338360501547502
871.0794575150104,6.760917868317335
891.1170624715925,7.606032601857002
911.1546674281745,7.606032601857002
931.1922723847566,8.873704702166503
951.2298773413387,8.873704702166503
971.2674822979208,5.493245768007835
991.3050872545028,8.873704702166503
1011.3426922110849,7.606032601857002
1031.3802971676669,4.648131034468168
1051.417902124249,7.183475235087169
1071.455507080831,4.225573667698335
1091.493112037413,6.338360501547502
1111.5307169939952,6.338360501547502
1131.5683219505772,5.9158031347776685
1151.6059269071593,6.338360501547502
1171.6435318637414,5.070688401238002
1191.6811368203234,4.648131034468168
1211.7187417769055,7.606032601857002
1231.7563467334876,5.493245768007835
1251.7939516900697,5.9158031347776685
1271.8315566466517,6.760917868317335
1291.8691616032338,9.296262068936336
1311.9067665598159,5.9158031347776685
1331.944371516398,5.9158031347776685
1351.98197647298,5.493245768007835
1372.019581429562,2.9579015673888343
1392.0571863861442,5.493245768007835
1412.0947913427262,4.648131034468168
1432.1323962993083,3.3804589341586677
1452.1700012558904,6.760917868317335
1472.2076062124725,5.493245768007835
1492.2452111690545,4.648131034468168
1512.2828161256366,4.225573667698335
1532.3204210822187,4.648131034468168
1552.3580260388007,6.760917868317335
1572.3956309953828,5.493245768007835
1592.433235951965,8.45114733539667
1612.4708409085467,6.760917868317335
1632.5084458651288,3.803016300928501
1652.5460508217109,6.760917868317335
1672.583655778293,2.535344200619001
1692.621260734875,6.760917868317335
1712.658865691457,6.338360501547502
1732.6964706480392,5.493245768007835
1752.7340756046212,5.070688401238002
1772.7716805612033,8.873704702166503
1792.8092855177854,3.3804589341586677
1812.8468904743675,5.070688401238002
1832.8844954309495,3.3804589341586677
1852.9221003875316,8.45114733539667
1872.9597053441137,7.606032601857002
1892.9973103006957,8.028589968626836
1913.0349152572778,5.9158031347776685
1933.07252021386,5.493245768007835
1953.110125170442,4.648131034468168
1973.147730127024,7.183475235087169
1993.185335083606,6.760917868317335
2013.2229400401882,2.9579015673888343
2033.2605449967702,4.648131034468168
2053.298149953352,3.803016300928501
2073.335754909934,6.760917868317335
2093.3733598665162,4.648131034468168
2113.4109648230983,6.338360501547502
2133.4485697796804,4.225573667698335
2153.4861747362625,5.493245768007835
2173.5237796928445,5.493245768007835
2193.5613846494266,3.803016300928501
2213.5989896060087,6.760917868317335
2233.6365945625907,3.3804589341586677
2253.674199519173,8.45114733539667
2273.711804475755,8.45114733539667
2293.749409432337,7.183475235087169
2313.787014388919,5.9158031347776685
2333.824619345501,7.183475235087169
2353.862224302083,7.183475235087169
2373.8998292586652,5.493245768007835
2393.9374342152473,4.648131034468168
2413.9750391718294,5.493245768007835
2434.0126441284115,3.803016300928501
2454.0502490849935,5.493245768007835
2474.0878540415756,5.493245768007835
2494.1254589981577,4.225573667698335
2514.1630639547398,2.9579015673888343
2534.200668911322,8.028589968626836
2554.238273867904,4.225573667698335
2574.275878824486,5.070688401238002
2594.313483781068,5.070688401238002
2614.35108873765,6.760917868317335
2634.388693694232,4.225573667698335
2654.4262986508143,5.493245768007835
2674.4639036073963,7.183475235087169
2694.5015085639784,6.338360501547502
2714.5391135205605,3.803016300928501
2734.5767184771425,2.9579015673888343
2754.6143234337246,4.648131034468168
2774.6519283903067,7.606032601857002
2794.6895333468888,3.3804589341586677
2814.727138303471,3.3804589341586677
2834.764743260053,6.338360501547502
2854.802348216635,4.648131034468168
2874.839953173217,4.225573667698335
2894.877558129799,4.648131034468168
2914.915163086381,5.070688401238002
2934.9527680429633,5.493245768007835
2954.9903729995453,8.028589968626836
2975.0279779561274,2.9579015673888343
2995.0655829127095,4.225573667698335
3015.1031878692916,2.1127868338491673
3035.1407928258736,5.9158031347776685
3055.1783977824557,5.070688401238002
3075.216002739038,4.648131034468168
3095.25360769562,7.606032601857002
3115.291212652202,6.338360501547502
3135.328817608784,6.338360501547502
3155.366422565366,5.070688401238002
3175.404027521948,4.225573667698335
3195.44163247853,4.648131034468168
3215.479237435112,5.493245768007835
3235.516842391694,5.493245768007835
3255.554447348276,5.493245768007835
3275.592052304858,6.338360501547502
3295.62965726144,2.9579015673888343
3315.667262218022,5.070688401238002
3335.7048671746043,3.803016300928501
3355.7424721311863,5.493245768007835
3375.7800770877684,5.493245768007835
3395.8176820443505,5.070688401238002
3415.8552870009325,6.760917868317335
3435.8928919575146,4.225573667698335
3455.9304969140967,5.493245768007835
3475.9681018706788,3.803016300928501
3496.005706827261,2.9579015673888343
3516.043311783843,7.606032601857002
3536.080916740425,3.803016300928501
3556.118521697007,6.338360501547502
3576.156126653589,2.535344200619001
3596.193731610171,5.070688401238002
3616.2313365667533,7.606032601857002
3636.2689415233353,3.3804589341586677
3656.3065464799174,4.648131034468168
3676.3441514364995,2.535344200619001
3696.3817563930816,4.648131034468168
3716.4193613496636,4.648131034468168
3736.4569663062457,5.493245768007835
3756.494571262828,3.3804589341586677
3776.53217621941,1.6902294670793339
3796.569781175992,6.338360501547502
3816.607386132574,2.535344200619001
3836.644991089156,2.9579015673888343
3856.682596045738,4.648131034468168
3876.72020100232,2.9579015673888343
3896.7578059589023,5.070688401238002
3916.7954109154844,5.070688401238002
3936.8330158720664,5.9158031347776685
3956.8706208286485,2.9579015673888343
3976.9082257852306,2.9579015673888343
3996.9458307418126,3.3804589341586677
4016.9834356983947,4.225573667698335
4037.021040654977,4.225573667698335
4057.058645611559,2.1127868338491673
4077.096250568141,3.803016300928501
4097.133855524723,5.070688401238002
4117.171460481305,5.070688401238002
4137.209065437887,5.070688401238002
4157.246670394469,2.1127868338491673
4177.284275351051,4.648131034468168
4197.321880307633,1.6902294670793339
4217.359485264215,1.2676721003095004
4237.3970902207975,1.6902294670793339
4257.43469517738,4.648131034468168
4277.472300133962,4.225573667698335
4297.509905090544,4.225573667698335
4317.547510047126,2.535344200619001
4337.585115003708,2.9579015673888343
4357.62271996029,4.648131034468168
4377.660324916872,3.3804589341586677
4397.697929873454,2.9579015673888343
4417.735534830036,2.535344200619001
4437.773139786618,4.225573667698335
4457.8107447432,3.803016300928501
4477.848349699782,3.3804589341586677
4497.885954656364,3.803016300928501
4517.9235596129465,3.3804589341586677
4537.961164569529,4.648131034468168
4557.998769526111,2.1127868338491673
4578.036374482693,3.3804589341586677
4598.073979439275,3.803016300928501
4618.111584395857,5.070688401238002
4638.149189352439,4.225573667698335
4658.186794309021,1.2676721003095004
4678.224399265603,1.2676721003095004
4698.262004222185,2.1127868338491673
4718.299609178767,2.535344200619001
4738.337214135349,2.9579015673888343
4758.374819091931,2.535344200619001
4778.4124240485135,3.803016300928501
4798.4500290050955,3.803016300928501
4818.487633961678,2.9579015673888343
4838.52523891826,2.9579015673888343
4858.562843874842,2.9579015673888343
4878.600448831424,2.535344200619001
4898.638053788006,2.1127868338491673
4918.675658744588,2.9579015673888343
4938.71326370117,2.9579015673888343
4958.750868657752,2.535344200619001
4978.788473614334,3.3804589341586677
4998.826078570916,0.8451147335396669
5018.863683527498,1.6902294670793339
5038.90128848408,2.1127868338491673
5058.9388934406625,3.3804589341586677
5078.9764983972445,2.9579015673888343
5099.014103353827,4.225573667698335
5119.051708310409,0.8451147335396669
5139.089313266991,2.535344200619001
5159.126918223573,2.1127868338491673
5179.164523180155,1.6902294670793339
5199.202128136737,0.42255736676983346
5219.239733093319,0.8451147335396669
5239.277338049901,2.1127868338491673
5259.314943006483,1.6902294670793339
5279.352547963065,1.2676721003095004
5299.390152919647,2.9579015673888343
5319.427757876229,2.1127868338491673
5339.4653628328115,1.2676721003095004
5359.502967789394,0.8451147335396669
5379.540572745976,1.2676721003095004
5399.578177702558,2.9579015673888343
5419.61578265914,3.803016300928501
5439.653387615722,2.9579015673888343
5459.690992572304,2.535344200619001
5479.728597528886,0.8451147335396669
5499.766202485468,2.1127868338491673
5519.80380744205,2.1127868338491673
5539.841412398632,1.6902294670793339
5559.879017355214,2.1127868338491673
5579.916622311796,2.1127868338491673
5599.954227268378,1.2676721003095004
5619.9918322249605,0.42255736676983346
5640.029437181543,2.535344200619001
5660.067042138125,0.8451147335396669
5680.104647094707,2.1127868338491673
5700.142252051289,1.2676721003095004
5720.179857007871,1.2676721003095004
5740.217461964453,0.42255736676983346
5760.255066921035,2.535344200619001
5780.292671877617,2.9579015673888343
5800.330276834199,1.6902294670793339
5820.367881790781,1.6902294670793339
5840.405486747363,0.8451147335396669
5860.443091703945,0.8451147335396669
5880.480696660527,0.8451147335396669
5900.5183016171095,1.2676721003095004
5920.555906573692,1.6902294670793339
5940.593511530274,1.6902294670793339
5960.631116486856,0.0
5980.668721443438,1.6902294670793339
6000.70632640002,1.2676721003095004
6020.743931356602,0.8451147335396669
6040.781536313184,0.0
6060.819141269766,2.1127868338491673
6080.856746226348,1.2676721003095004
6100.89435118293,0.8451147335396669
6120.931956139512,0.42255736676983346
6140.969561096094,0.0
6161.007166052676,1.2676721003095004
6181.0447710092585,2.535344200619001
6201.082375965841,0.8451147335396669
6221.119980922423,0.8451147335396669
6241.157585879005,0.42255736676983346
6261.195190835587,1.6902294670793339
6281.232795792169,0.8451147335396669
6301.270400748751,2.535344200619001
6321.308005705333,1.6902294670793339
6341.345610661915,1.2676721003095004
6361.383215618497,0.8451147335396669
6381.420820575079,1.2676721003095004
6401.458425531661,2.9579015673888343
6421.4960304882425,1.2676721003095004
6441.5336354448245,0.42255736676983346
6461.571240401407,1.2676721003095004
6481.608845357989,0.42255736676983346
6501.646450314571,1.2676721003095004
6521.684055271153,0.8451147335396669
6541.721660227735,1.6902294670793339
6561.759265184317,0.42255736676983346
6581.796870140899,0.8451147335396669
6601.834475097481,1.2676721003095004
6621.872080054063,0.8451147335396669
6641.909685010645,0.42255736676983346
6661.947289967227,0.42255736676983346
6681.984894923809,0.42255736676983346
6702.0224998803915,0.42255736676983346
6722.060104836974,1.2676721003095004
6742.097709793556,0.42255736676983346
6762.135314750138,0.0
6782.17291970672,0.8451147335396669
6802.210524663302,0.42255736676983346
6822.248129619884,0.42255736676983346
6842.285734576466,0.8451147335396669
6862.323339533048,0.0
6882.36094448963,1.2676721003095004
6902.398549446212,0.8451147335396669
6922.436154402794,0.8451147335396669
6942.473759359376,0.0
6962.511364315958,0.8451147335396669
6982.5489692725405,0.42255736676983346
7002.586574229123,0.42255736676983346
7022.624179185705,0.0
7042.661784142287,0.0
7062.699389098869,0.42255736676983346
7082.736994055451,1.2676721003095004
7102.774599012033,0.42255736676983346
7122.812203968615,0.8451147335396669
7142.849808925197,1.2676721003095004
7162.887413881779,0.42255736676983346
7182.925018838361,0.42255736676983346
7202.962623794943,1.2676721003095004
7223.000228751525,0.8451147335396669
7243.037833708107,0.8451147335396669
7263.0754386646895,0.0
7283.113043621272,0.0
7303.150648577854,0.42255736676983346
7323.188253534436,0.42255736676983346
7343.225858491018,0.42255736676983346
7363.2634634476,0.42255736676983346
7383.301068404182,0.42255736676983346
7403.338673360764,0.0
7423.376278317346,0.8451147335396669
7443.413883273928,0.0
7463.45148823051,0.0
7483.489093187092,0.8451147335396669
7503.526698143674,0.42255736676983346
7523.564303100256,0.42255736676983346
7543.6019080568385,0.8451147335396669
7563.639513013421,0.0
7583.677117970003,0.42255736676983346
7603.714722926585,1.2676721003095004
7623.752327883167,0.0
7643.789932839749,0.42255736676983346
7663.827537796331,1.2676721003095004
7683.865142752913,0.8451147335396669
7703.902747709495,0.0
7723.940352666077,0.42255736676983346
7743.977957622659,0.8451147335396669
7764.015562579241,0.8451147335396669
7784.053167535823,0.8451147335396669
7804.090772492405,1.2676721003095004
7824.1283774489875,1.2676721003095004
7844.16598240557,0.8451147335396669
7864.203587362152,0.8451147335396669
7884.241192318734,0.8451147335396669
7904.278797275316,0.8451147335396669
7924.316402231898,2.535344200619001
7944.35400718848,1.6902294670793339
7964.391612145062,1.2676721003095004
7984.429217101644,2.1127868338491673
8004.466822058226,4.648131034468168
8024.504427014808,4.648131034468168
8044.54203197139,4.648131034468168
8064.579636927972,2.9579015673888343
8084.6172418845545,3.803016300928501
8104.6548468411365,1.6902294670793339
8124.692451797719,1.2676721003095004
8144.730056754301,1.2676721003095004
8164.767661710883,0.42255736676983346
8184.805266667464,0.0
8204.842871624045,0.8451147335396669
8224.880476580627,0.8451147335396669
8244.91808153721,1.2676721003095004
8264.955686493791,0.42255736676983346
8284.993291450373,0.42255736676983346
8305.030896406955,0.8451147335396669
8325.068501363538,0.8451147335396669
8345.10610632012,0.42255736676983346
8365.143711276702,0.8451147335396669
8385.181316233284,0.8451147335396669
8405.218921189866,0.42255736676983346
8425.256526146448,1.2676721003095004
8445.29413110303,0.0
8465.331736059612,0.8451147335396669
8485.369341016194,2.1127868338491673
8505.406945972776,3.803016300928501
8525.444550929358,3.3804589341586677
8545.48215588594,2.1127868338491673
8565.519760842522,8.028589968626836
8585.557365799104,8.873704702166503
8605.594970755687,12.676721003095004
8625.632575712269,10.141376802476003
8645.67018066885,13.52183573663467
8665.707785625433,10.141376802476003
8685.745390582015,6.760917868317335
8705.782995538597,4.648131034468168
8725.820600495179,5.493245768007835
8745.858205451761,1.6902294670793339
8765.895810408343,1.6902294670793339
8785.933415364925,0.8451147335396669
8805.971020321507,0.42255736676983346
8826.00862527809,0.42255736676983346
8846.046230234671,0.8451147335396669
8866.083835191253,0.0
8886.121440147836,1.6902294670793339
8906.159045104418,0.8451147335396669
8926.196650061,0.8451147335396669
8946.234255017582,2.1127868338491673
8966.271859974164,1.2676721003095004
8986.309464930746,0.0
9006.347069887328,1.2676721003095004
9026.38467484391,0.42255736676983346
9046.422279800492,0.42255736676983346
9066.459884757074,0.0
9086.497489713656,0.42255736676983346
9106.535094670238,0.0
9126.57269962682,0.42255736676983346
9146.610304583402,0.0
9166.647909539985,0.8451147335396669
9186.685514496567,0.0
9206.723119453149,0.8451147335396669
9226.76072440973,0.0
9246.798329366313,0.0
9266.835934322895,0.42255736676983346
9286.873539279477,0.0
9306.911144236059,0.42255736676983346
9326.948749192641,0.0
9346.986354149223,0.42255736676983346
9367.023959105805,0.0
9387.061564062387,0.42255736676983346
9407.09916901897,0.0
9427.136773975551,1.6902294670793339
9447.174378932134,0.42255736676983346
9467.211983888716,1.6902294670793339
9487.249588845298,1.2676721003095004
9507.28719380188,1.6902294670793339
9527.324798758462,2.1127868338491673
9547.362403715044,1.6902294670793339
9567.400008671626,3.3804589341586677
9587.437613628208,2.9579015673888343
9607.47521858479,2.535344200619001
9627.512823541372,2.1127868338491673
9647.550428497954,0.8451147335396669
9667.588033454536,1.6902294670793339
9687.625638411118,0.42255736676983346
9707.6632433677,0.42255736676983346
9727.700848324283,0.42255736676983346
9747.738453280865,0.0
9767.776058237447,0.0
9787.813663194029,0.8451147335396669
9807.85126815061,0.42255736676983346
9827.888873107193,0.0
9847.926478063775,0.0
9867.964083020357,0.42255736676983346
9888.00168797694,0.0
9908.039292933521,0.0
9928.076897890103,0.0
9948.114502846685,0.0
9968.152107803267,0.42255736676983346
9988.18971275985,0.0
10008.227317716432,0.42255736676983346
10028.264922673014,0.0
10048.302527629596,0.8451147335396669
10068.340132586178,0.0
10088.37773754276,0.0
10108.415342499342,0.0
10128.452947455924,0.0
10148.490552412506,0.0
10168.528157369088,0.0
10188.56576232567,0.0
10208.603367282252,0.0
10228.640972238834,0.42255736676983346
10248.678577195416,0.0
10268.716182151999,0.0
10288.75378710858,0.0
10308.791392065163,0.0
10328.828997021745,0.0
10348.866601978327,0.42255736676983346
10368.904206934909,0.0
10388.941811891491,0.0
10408.979416848073,0.42255736676983346
10429.017021804655,0.42255736676983346
10449.054626761237,0.42255736676983346
10469.09223171782,0.0
10489.129836674401,0.0
10509.167441630983,0.42255736676983346
10529.205046587565,0.8451147335396669
10549.242651544148,0.42255736676983346
10569.28025650073,0.42255736676983346
10589.317861457312,1.2676721003095004
10609.355466413894,0.0
10629.393071370476,1.6902294670793339
10649.430676327058,0.42255736676983346
10669.46828128364,1.6902294670793339
10689.505886240222,1.2676721003095004
10709.543491196804,2.535344200619001
10729.581096153386,4.648131034468168
10749.618701109968,5.070688401238002
10769.65630606655,8.873704702166503
10789.693911023132,10.98649153601567
10809.731515979714,10.563934169245837
10829.769120936297,8.028589968626836
10849.806725892879,14.366950470174338
10869.84433084946,10.98649153601567
10889.881935806043,9.296262068936336
10909.919540762625,9.71881943570617
10929.957145719207,6.760917868317335
10949.994750675789,4.225573667698335
10970.032355632371,2.9579015673888343
10990.069960588953,1.2676721003095004
11010.107565545535,2.535344200619001
11030.145170502117,0.42255736676983346
11050.1827754587,0.8451147335396669
11070.220380415281,0.42255736676983346
11090.257985371863,0.0
11110.295590328446,0.42255736676983346
11130.333195285028,0.42255736676983346
11150.37080024161,0.0
11170.408405198192,0.42255736676983346
11190.446010154774,0.42255736676983346
11210.483615111356,0.0
11230.521220067938,0.0
11250.55882502452,0.0
11270.596429981102,0.0
11290.634034937684,0.42255736676983346
11310.671639894266,0.8451147335396669
11330.709244850848,0.0
11350.74684980743,0.0
11370.784454764012,0.8451147335396669
11390.822059720595,0.42255736676983346
11410.859664677177,0.0
11430.897269633759,0.42255736676983346
11450.93487459034,0.0
11470.972479546923,0.0
11491.010084503505,0.42255736676983346
11511.047689460087,0.8451147335396669
11531.085294416669,0.0
11551.122899373251,0.42255736676983346
11571.160504329833,0.0
11591.198109286415,0.42255736676983346
11611.235714242997,0.42255736676983346
11631.27331919958,0.8451147335396669
11651.310924156161,0.42255736676983346
11671.348529112744,0.42255736676983346
11691.386134069326,0.8451147335396669
11711.423739025908,0.0
11731.46134398249,0.42255736676983346
11751.498948939072,0.42255736676983346
11771.536553895654,1.2676721003095004
11791.574158852236,0.0
11811.611763808818,0.42255736676983346
11831.6493687654,0.0
11851.686973721982,0.0
11871.724578678564,0.0
11891.762183635146,0.0
11911.799788591728,0.0
11931.83739354831,0.0
11951.874998504893,0.0
11971.912603461475,0.42255736676983346
11991.950208418057,0.42255736676983346
12011.987813374639,0.0
12032.02541833122,0.0
12052.063023287803,0.0
12072.100628244385,0.0
12092.138233200967,0.8451147335396669
12112.17583815755,0.0
12132.213443114131,0.42255736676983346
12152.251048070713,0.0
12172.288653027295,0.0
12192.326257983877,0.42255736676983346
12212.36386294046,0.0
12232.401467897042,0.0
12252.439072853624,0.42255736676983346
12272.476677810206,0.0
12292.514282766788,0.0
12312.55188772337,0.0
12332.589492679952,0.42255736676983346
12352.627097636534,0.0
12372.664702593116,0.0
12392.702307549698,0.42255736676983346
12412.73991250628,0.42255736676983346
12432.777517462862,0.0
12452.815122419444,0.0
12472.852727376026,1.2676721003095004
12492.890332332609,0.8451147335396669
12512.92793728919,1.2676721003095004
12532.965542245773,0.42255736676983346
12553.003147202355,0.8451147335396669
12573.040752158937,0.8451147335396669
12593.078357115519,0.0
12613.115962072101,0.8451147335396669
12633.153567028683,1.2676721003095004
12653.191171985265,0.8451147335396669
12673.228776941847,1.6902294670793339
12693.26638189843,1.2676721003095004
12713.303986855011,1.6902294670793339
12733.341591811593,1.6902294670793339
12753.379196768175,0.0
12773.416801724758,0.42255736676983346
12793.45440668134,0.42255736676983346
12813.492011637922,0.8451147335396669
12833.529616594502,0.8451147335396669
12853.567221551084,4.225573667698335
12873.604826507666,2.1127868338491673
12893.642431464248,2.9579015673888343
12913.68003642083,5.070688401238002
12933.717641377412,7.606032601857002
12953.755246333994,16.90229467079334
12973.792851290576,13.099278369864837
12993.830456247159,14.789507836944171
13013.86806120374,13.52183573663467
13033.905666160323,14.366950470174338
13053.943271116905,13.099278369864837
13073.980876073487,10.98649153601567
13094.018481030069,7.606032601857002
13114.056085986651,3.803016300928501
13134.093690943233,5.070688401238002
13154.131295899815,3.803016300928501
13174.168900856397,0.8451147335396669
13194.20650581298,4.225573667698335
13214.244110769561,3.3804589341586677
13234.281715726143,1.2676721003095004
13254.319320682725,0.42255736676983346
13274.356925639308,1.2676721003095004
13294.39453059589,1.6902294670793339
13314.432135552472,0.0
13334.469740509054,1.2676721003095004
13354.507345465636,1.2676721003095004
13374.544950422218,0.8451147335396669
13394.5825553788,0.42255736676983346
13414.620160335382,0.0
13434.657765291964,0.8451147335396669
13454.695370248546,0.42255736676983346
13474.732975205128,0.42255736676983346
13494.77058016171,0.42255736676983346
13514.808185118292,0.42255736676983346
13534.845790074874,0.0
13554.883395031457,0.42255736676983346
13574.920999988039,0.8451147335396669
13594.95860494462,0.42255736676983346
13614.996209901203,0.0
13635.033814857785,0.0
13655.071419814367,0.0
13675.109024770949,0.8451147335396669
13695.146629727531,0.42255736676983346
13715.184234684113,0.42255736676983346
13735.221839640695,0.0
13755.259444597277,0.8451147335396669
13775.29704955386,0.0
13795.334654510441,0.0
13815.372259467023,0.0
13835.409864423606,0.42255736676983346
13855.447469380188,0.42255736676983346
13875.48507433677,0.42255736676983346
13895.522679293352,0.42255736676983346
13915.560284249934,0.0
13935.597889206516,0.42255736676983346
13955.635494163098,0.0
13975.67309911968,0.8451147335396669
13995.710704076262,0.0
14015.748309032844,0.0
14035.785913989426,0.42255736676983346
14055.823518946008,0.8451147335396669
14075.86112390259,1.6902294670793339
14095.898728859172,0.42255736676983346
14115.936333815755,1.6902294670793339
14135.973938772337,1.2676721003095004
14156.011543728919,0.8451147335396669
14176.0491486855,1.2676721003095004
14196.086753642083,0.0
14216.124358598665,0.8451147335396669
14236.161963555247,1.2676721003095004
14256.199568511829,0.0
14276.237173468411,0.0
14296.274778424993,0.8451147335396669
14316.312383381575,0.42255736676983346
14336.349988338157,0.0
14356.38759329474,0.42255736676983346
14376.425198251321,0.42255736676983346
14396.462803207904,0.0
14416.500408164486,0.0
14436.538013121068,0.0
14456.57561807765,0.0
14476.613223034232,0.42255736676983346
14496.650827990814,0.0
14516.688432947396,0.0
14536.726037903978,0.42255736676983346
14556.76364286056,0.0
14576.801247817142,0.0
14596.838852773724,0.0
14616.876457730306,0.0
14636.914062686888,0.0
14656.95166764347,0.42255736676983346
14676.989272600053,0.0
14697.026877556635,0.0
14717.064482513217,0.0
14737.102087469799,0.42255736676983346
14757.13969242638,0.0
14777.177297382963,0.42255736676983346
14797.214902339545,0.0
14817.252507296127,0.42255736676983346
14837.29011225271,0.42255736676983346
14857.327717209291,0.0
14877.365322165873,0.0
14897.402927122455,0.8451147335396669
14917.440532079037,0.42255736676983346
14937.47813703562,0.42255736676983346
14957.515741992202,0.8451147335396669
14977.553346948784,0.0
14997.590951905366,2.1127868338491673
15017.628556861948,0.42255736676983346
15037.66616181853,0.0
15057.703766775112,0.42255736676983346
15077.741371731694,0.8451147335396669
15097.778976688276,2.1127868338491673
15117.816581644858,0.42255736676983346
15137.85418660144,1.2676721003095004
15157.891791558022,1.2676721003095004
15177.929396514604,1.6902294670793339
15197.967001471186,2.1127868338491673
15218.004606427769,1.2676721003095004
15238.04221138435,1.2676721003095004
15258.079816340933,2.1127868338491673
15278.117421297515,1.2676721003095004
15298.155026254097,2.1127868338491673
15318.192631210679,1.6902294670793339
15338.230236167261,1.2676721003095004
15358.267841123843,1.6902294670793339
15378.305446080425,1.6902294670793339
15398.343051037007,0.0
15418.38065599359,0.42255736676983346
15438.418260950171,0.0
15458.455865906753,1.2676721003095004
15478.493470863335,0.42255736676983346
15498.531075819918,0.42255736676983346
15518.5686807765,0.0
15538.606285733082,0.8451147335396669
15558.643890689664,1.2676721003095004
15578.681495646246,0.0
15598.719100602828,0.0
15618.75670555941,1.6902294670793339
15638.794310515992,1.6902294670793339
15658.831915472574,2.9579015673888343
15678.869520429156,1.6902294670793339
15698.907125385738,2.9579015673888343
15718.94473034232,2.535344200619001
15738.982335298902,1.6902294670793339
15759.019940255484,2.535344200619001
15779.057545212067,2.9579015673888343
15799.095150168649,2.9579015673888343
15819.13275512523,2.1127868338491673
15839.170360081813,0.42255736676983346
15859.207965038395,2.1127868338491673
15879.245569994977,1.2676721003095004
15899.283174951559,1.2676721003095004
15919.320779908141,0.42255736676983346
15939.358384864723,0.42255736676983346
15959.395989821305,0.42255736676983346
15979.433594777887,0.42255736676983346
15999.47119973447,0.8451147335396669
16019.508804691051,0.0
16039.546409647633,0.42255736676983346
16059.584014604216,0.42255736676983346
16079.621619560798,0.42255736676983346
16099.65922451738,0.42255736676983346
16119.696829473962,0.0
16139.734434430544,0.42255736676983346
16159.772039387126,0.0
16179.809644343708,0.42255736676983346
16199.84724930029,0.0
16219.884854256872,0.8451147335396669
16239.922459213454,0.8451147335396669
16259.960064170036,0.42255736676983346
16279.997669126618,0.42255736676983346
16300.0352740832,0.42255736676983346
16320.072879039782,1.2676721003095004
16340.110483996365,0.8451147335396669
16360.148088952947,0.0
16380.185693909527,0.8451147335396669
16400.22329886611,0.42255736676983346
16420.26090382269,0.42255736676983346
16440.298508779273,0.0
16460.336113735855,0.42255736676983346
16480.373718692437,0.8451147335396669
16500.41132364902,1.2676721003095004
16520.4489286056,0.0
16540.486533562183,0.42255736676983346
16560.524138518766,0.42255736676983346
16580.561743475348,0.42255736676983346
16600.59934843193,0.0
16620.63695338851,0.0
16640.674558345094,0.42255736676983346
16660.712163301676,1.2676721003095004
16680.749768258258,1.2676721003095004
16700.78737321484,0.0
16720.824978171422,0.42255736676983346
16740.862583128004,0.42255736676983346
16760.900188084586,0.0
16780.93779304117,0.42255736676983346
16800.97539799775,0.8451147335396669
16821.013002954332,0.0
16841.050607910915,0.42255736676983346
16861.088212867497,0.42255736676983346
16881.12581782408,0.0
16901.16342278066,0.0
16921.201027737243,0.42255736676983346
16941.238632693825,0.0
16961.276237650407,0.0
16981.31384260699,0.0
17001.35144756357,0.42255736676983346
17021.389052520153,0.0
17041.426657476735,0.0
17061.464262433317,0.0
17081.5018673899,0.42255736676983346
17101.53947234648,0.0
17121.577077303064,0.42255736676983346
17141.614682259646,0.0
17161.652287216228,0.42255736676983346
17181.68989217281,0.42255736676983346
17201.727497129392,1.2676721003095004
17221.765102085974,0.0
17241.802707042556,0.42255736676983346
17261.840311999138,3.803016300928501
17281.87791695572,2.535344200619001
17301.915521912302,4.648131034468168
17321.953126868884,10.563934169245837
17341.990731825466,10.563934169245837
17362.02833678205,3.3804589341586677
17382.06594173863,8.028589968626836
17402.103546695213,11.831606269555337
17422.141151651795,14.366950470174338
17442.178756608377,10.563934169245837
17462.21636156496,17.324852037563172
17482.25396652154,15.212065203714005
17502.291571478123,14.366950470174338
17522.329176434705,10.563934169245837
17542.366781391287,8.028589968626836
17562.40438634787,3.3804589341586677
17582.44199130445,2.9579015673888343
17602.479596261033,5.070688401238002
17622.517201217615,3.3804589341586677
17642.554806174197,2.535344200619001
17662.59241113078,2.1127868338491673
17682.63001608736,1.2676721003095004
17702.667621043944,1.2676721003095004
17722.705226000526,0.8451147335396669
17742.742830957108,0.8451147335396669
17762.78043591369,0.8451147335396669
17782.818040870272,0.42255736676983346
17802.855645826854,0.0
17822.893250783436,0.0
17842.930855740018,0.42255736676983346
17862.9684606966,0.42255736676983346
17883.006065653182,0.42255736676983346
17903.043670609764,0.0
17923.081275566346,0.0
17943.11888052293,1.2676721003095004
17963.15648547951,0.42255736676983346
17983.194090436093,0.0
18003.231695392675,1.2676721003095004
18023.269300349257,0.0
18043.30690530584,0.0
18063.34451026242,0.0
18083.382115219003,0.0
18103.419720175585,0.42255736676983346
18123.457325132167,0.0
18143.49493008875,0.0
18163.53253504533,0.0
18183.570140001913,0.0
18203.607744958495,0.42255736676983346
18223.645349915078,0.0
18243.68295487166,0.0
18263.72055982824,0.0
18283.758164784824,0.42255736676983346
18303.795769741406,0.42255736676983346
18323.833374697988,0.0
18343.87097965457,0.8451147335396669
18363.908584611152,0.0
18383.946189567734,0.0
18403.983794524316,0.42255736676983346
18424.0213994809,0.42255736676983346
18444.05900443748,0.42255736676983346
18464.096609394062,0.42255736676983346
18484.134214350644,0.0
18504.171819307227,0.0
18524.20942426381,0.0
18544.24702922039,0.0
18564.284634176973,0.0
18584.322239133555,0.42255736676983346
18604.359844090137,0.0
18624.39744904672,0.0
18644.4350540033,0.42255736676983346
18664.472658959883,0.42255736676983346
18684.510263916465,0.0
18704.547868873047,0.42255736676983346
18724.58547382963,0.42255736676983346
18744.62307878621,0.42255736676983346
18764.660683742793,0.42255736676983346
18784.698288699376,0.42255736676983346
18804.735893655958,0.0
18824.77349861254,0.0
18844.81110356912,0.0
18864.848708525704,0.0
18884.886313482286,0.0
18904.923918438868,0.42255736676983346
18924.96152339545,0.42255736676983346
18944.999128352032,0.8451147335396669
18965.036733308614,0.8451147335396669
18985.074338265196,0.0
19005.11194322178,0.0
19025.14954817836,0.0
19045.187153134942,1.2676721003095004
19065.224758091525,0.0
19085.262363048107,0.0
19105.29996800469,0.0
19125.33757296127,0.0
19145.375177917853,0.42255736676983346
19165.412782874435,0.0
19185.450387831017,0.42255736676983346
19205.4879927876,0.0
19225.52559774418,0.0
19245.563202700763,0.42255736676983346
19265.600807657345,0.0
19285.638412613927,0.0
19305.67601757051,0.0
19325.71362252709,1.2676721003095004
19345.751227483674,0.42255736676983346
19365.788832440256,0.8451147335396669
19385.826437396838,1.2676721003095004
19405.86404235342,0.42255736676983346
19425.901647310002,1.2676721003095004
19445.939252266584,1.6902294670793339
19465.976857223166,0.8451147335396669
19486.014462179748,1.6902294670793339
19506.05206713633,2.1127868338491673
19526.089672092912,1.2676721003095004
19546.127277049494,2.9579015673888343
19566.164882006076,4.648131034468168
19586.20248696266,2.9579015673888343
19606.24009191924,1.6902294670793339
19626.277696875823,4.225573667698335
19646.315301832405,0.8451147335396669
19666.352906788987,1.6902294670793339
19686.39051174557,2.535344200619001
19706.42811670215,2.1127868338491673
19726.465721658733,1.6902294670793339
19746.503326615315,0.8451147335396669
19766.540931571897,0.42255736676983346
19786.57853652848,0.0
19806.61614148506,0.0
19826.653746441643,0.8451147335396669
19846.691351398225,0.0
19866.728956354807,0.0
19886.76656131139,0.8451147335396669
19906.80416626797,0.42255736676983346
19926.841771224554,0.42255736676983346
19946.879376181136,0.8451147335396669
19966.916981137718,0.8451147335396669
19986.9545860943,0.42255736676983346
20006.992191050882,0.0
20027.029796007464,1.2676721003095004
20047.067400964046,0.42255736676983346
20067.105005920628,0.8451147335396669
20087.14261087721,0.8451147335396669
20107.180215833792,0.0
20127.217820790374,0.42255736676983346
20147.255425746956,0.0
20167.29303070354,0.42255736676983346
20187.33063566012,0.42255736676983346
20207.368240616703,0.42255736676983346
20227.405845573285,0.42255736676983346
20247.443450529867,0.0
20267.48105548645,0.0
20287.51866044303,0.42255736676983346
20307.556265399613,0.0
20327.593870356195,0.0
20347.631475312777,0.8451147335396669
20367.66908026936,0.0
20387.70668522594,0.42255736676983346
20407.744290182523,0.42255736676983346
20427.781895139105,0.0
20447.819500095688,0.0
20467.85710505227,0.0
20487.89471000885,0.0
20507.932314965434,0.0
20527.969919922016,0.0
20548.007524878598,0.0
20568.04512983518,0.0
20588.082734791762,0.8451147335396669
20608.120339748344,0.0
20628.157944704926,0.8451147335396669
20648.19554966151,0.0
20668.23315461809,0.0
20688.270759574672,0.0
20708.308364531254,0.0
20728.345969487837,0.0
20748.38357444442,0.42255736676983346
20768.421179401,0.0
20788.458784357583,0.42255736676983346
20808.496389314165,0.0
20828.533994270747,0.0
20848.57159922733,0.0
20868.60920418391,0.0
20888.646809140493,0.8451147335396669
20908.684414097075,0.42255736676983346
20928.722019053657,0.42255736676983346
20948.75962401024,0.0
20968.79722896682,0.8451147335396669
20988.834833923403,0.0
21008.872438879986,0.0
21028.910043836568,0.8451147335396669
21048.94764879315,0.42255736676983346
21068.98525374973,0.0
21089.022858706314,0.8451147335396669
21109.060463662896,0.42255736676983346
21129.098068619478,0.42255736676983346
21149.13567357606,0.0
21169.173278532642,0.42255736676983346
21189.210883489224,0.42255736676983346
21209.248488445806,1.2676721003095004
21229.28609340239,0.0
21249.32369835897,0.0
21269.361303315553,0.42255736676983346
21289.398908272135,0.0
21309.436513228717,0.0
21329.4741181853,0.0
21349.51172314188,1.2676721003095004
21369.549328098463,0.42255736676983346
21389.586933055045,0.42255736676983346
21409.624538011627,0.42255736676983346
21429.66214296821,0.0
21449.69974792479,0.8451147335396669
21469.737352881373,0.8451147335396669
21489.774957837955,0.0
21509.812562794537,1.2676721003095004
21529.85016775112,0.8451147335396669
21549.8877727077,0.0
21569.925377664284,0.42255736676983346
21589.962982620866,0.42255736676983346
21610.000587577448,0.0
21630.03819253403,0.0
21650.075797490612,0.8451147335396669
21670.113402447194,0.0
21690.151007403776,0.0
21710.188612360358,0.0
21730.22621731694,0.0
21750.263822273522,0.0
21770.301427230104,0.8451147335396669
21790.339032186686,0.42255736676983346
21810.37663714327,0.0
21830.41424209985,0.0
21850.451847056433,0.42255736676983346
21870.489452013015,0.42255736676983346
21890.527056969597,1.6902294670793339
21910.56466192618,0.42255736676983346
21930.60226688276,0.8451147335396669
21950.639871839343,0.42255736676983346
21970.677476795925,0.42255736676983346
21990.715081752507,0.8451147335396669
22010.75268670909,0.8451147335396669
22030.79029166567,0.8451147335396669
22050.827896622253,0.0
22070.865501578835,0.0
22090.903106535417,0.8451147335396669
22110.940711492,0.42255736676983346
22130.97831644858,0.8451147335396669
22151.015921405164,0.0
22171.053526361746,0.8451147335396669
22191.091131318328,0.0
22211.12873627491,0.8451147335396669
22231.166341231492,0.0
22251.203946188074,0.0
22271.241551144656,0.0
22291.27915610124,0.8451147335396669
22311.31676105782,0.42255736676983346
22331.354366014402,1.6902294670793339
22351.391970970984,0.42255736676983346
22371.429575927566,0.42255736676983346
22391.46718088415,0.0
22411.50478584073,0.0
22431.542390797313,0.0
22451.579995753895,0.42255736676983346
22471.617600710477,0.0
22491.65520566706,0.8451147335396669
22511.69281062364,1.2676721003095004
22531.730415580223,0.0
22551.768020536805,0.0
22571.805625493387,0.8451147335396669
22591.84323044997,0.0
22611.88083540655,0.0
22631.918440363133,0.42255736676983346
22651.956045319715,1.6902294670793339
22671.993650276298,0.0
22692.03125523288,1.2676721003095004
22712.06886018946,2.1127868338491673
22732.106465146044,0.42255736676983346
22752.144070102626,0.0
22772.181675059208,0.8451147335396669
22792.21928001579,0.42255736676983346
22812.256884972372,1.2676721003095004
22832.294489928954,0.8451147335396669
22852.332094885536,0.42255736676983346
22872.36969984212,1.2676721003095004
22892.4073047987,0.0
22912.444909755282,0.8451147335396669
22932.482514711864,1.6902294670793339
22952.520119668447,0.0
22972.55772462503,1.6902294670793339
22992.59532958161,1.6902294670793339
23012.632934538193,0.8451147335396669
23032.670539494775,1.2676721003095004
23052.708144451357,0.8451147335396669
23072.74574940794,0.0
23092.78335436452,2.1127868338491673
23112.820959321103,1.2676721003095004
23132.858564277685,0.8451147335396669
23152.896169234267,1.6902294670793339
23172.93377419085,0.0
23192.97137914743,1.2676721003095004
23213.008984104014,0.42255736676983346
23233.046589060596,0.42255736676983346
23253.084194017178,0.0
23273.12179897376,0.42255736676983346
23293.15940393034,1.2676721003095004
23313.197008886924,0.0
23333.234613843506,0.42255736676983346
23353.272218800088,0.8451147335396669
23373.30982375667,0.42255736676983346
23393.347428713252,0.42255736676983346
23413.385033669834,0.8451147335396669
23433.422638626416,0.42255736676983346
23453.460243583,0.8451147335396669
23473.49784853958,0.42255736676983346
23493.535453496163,0.8451147335396669
23513.573058452745,0.8451147335396669
23533.610663409327,1.6902294670793339
23553.64826836591,0.42255736676983346
23573.68587332249,0.42255736676983346
23593.723478279073,1.6902294670793339
23613.761083235655,0.8451147335396669
23633.798688192237,0.0
23653.83629314882,0.42255736676983346
23673.8738981054,2.1127868338491673
23693.911503061983,0.8451147335396669
23713.949108018565,2.1127868338491673
23733.986712975147,0.8451147335396669
23754.02431793173,1.6902294670793339
23774.06192288831,2.535344200619001
23794.099527844894,0.42255736676983346
23814.137132801476,0.42255736676983346
23834.174737758058,0.8451147335396669
23854.21234271464,0.42255736676983346
23874.249947671222,1.6902294670793339
23894.287552627804,0.42255736676983346
23914.325157584386,1.6902294670793339
23934.362762540968,2.535344200619001
23954.40036749755,2.1127868338491673
23974.437972454132,0.42255736676983346
23994.475577410714,2.1127868338491673
24014.513182367296,0.8451147335396669
24034.55078732388,0.42255736676983346
24054.58839228046,2.1127868338491673
24074.625997237043,1.2676721003095004
24094.663602193625,0.8451147335396669
24114.701207150207,0.8451147335396669
24134.73881210679,0.42255736676983346
24154.77641706337,0.8451147335396669
24174.814022019953,1.2676721003095004
24194.851626976535,0.42255736676983346
24214.889231933117,0.8451147335396669
24234.9268368897,2.1127868338491673
24254.96444184628,2.9579015673888343
24275.002046802863,1.2676721003095004
24295.039651759445,1.2676721003095004
24315.077256716027,0.8451147335396669
24335.11486167261,0.42255736676983346
24355.15246662919,1.2676721003095004
24375.190071585774,3.3804589341586677
24395.227676542356,1.6902294670793339
24415.265281498938,3.803016300928501
24435.30288645552,1.6902294670793339
24455.340491412102,2.535344200619001
24475.378096368684,0.8451147335396669
24495.415701325266,1.2676721003095004
24515.45330628185,0.8451147335396669
24535.49091123843,0.8451147335396669
24555.528516195012,0.8451147335396669
24575.566121151594,0.8451147335396669
24595.603726108176,2.1127868338491673
24615.64133106476,0.8451147335396669
24635.67893602134,1.2676721003095004
24655.716540977923,1.6902294670793339
24675.754145934505,1.6902294670793339
24695.791750891087,2.1127868338491673
24715.82935584767,0.42255736676983346
24735.86696080425,0.42255736676983346
24755.904565760833,0.0
24775.942170717415,2.1127868338491673
24795.979775673997,3.3804589341586677
24816.01738063058,2.535344200619001
24836.05498558716,0.42255736676983346
24856.092590543743,1.6902294670793339
24876.130195500325,1.2676721003095004
24896.167800456908,2.1127868338491673
24916.20540541349,2.9579015673888343
24936.24301037007,3.3804589341586677
24956.280615326654,2.535344200619001
24976.318220283236,3.3804589341586677
24996.355825239818,1.6902294670793339
25016.3934301964,4.648131034468168
25036.431035152982,4.648131034468168
25056.468640109564,2.9579015673888343
25076.506245066146,4.648131034468168
25096.54385002273,4.648131034468168
25116.58145497931,2.535344200619001
25136.619059935892,6.760917868317335
25156.656664892475,2.9579015673888343
25176.694269849057,3.3804589341586677
25196.73187480564,3.803016300928501
25216.76947976222,3.3804589341586677
25236.807084718803,5.070688401238002
25256.844689675385,4.648131034468168
25276.882294631967,2.535344200619001
25296.91989958855,5.070688401238002
25316.95750454513,3.3804589341586677
25336.995109501713,5.070688401238002
25357.032714458295,2.9579015673888343
25377.070319414877,1.6902294670793339
25397.10792437146,2.9579015673888343
25417.14552932804,2.535344200619001
25437.183134284624,5.070688401238002
25457.220739241206,2.535344200619001
25477.258344197788,0.8451147335396669
25497.29594915437,2.9579015673888343
25517.33355411095,2.1127868338491673
25537.371159067534,3.3804589341586677
25557.408764024116,2.1127868338491673
25577.446368980698,1.2676721003095004
25597.48397393728,2.9579015673888343
25617.521578893862,3.3804589341586677
25637.559183850444,3.803016300928501
25657.596788807023,2.535344200619001
25677.634393763605,2.9579015673888343
25697.671998720187,0.42255736676983346
25717.70960367677,2.535344200619001
25737.74720863335,2.1127868338491673
25757.784813589933,0.8451147335396669
25777.822418546515,1.2676721003095004
25797.860023503097,2.535344200619001
25817.89762845968,2.535344200619001
25837.93523341626,2.1127868338491673
25857.972838372843,4.225573667698335
25878.010443329425,2.1127868338491673
25898.048048286008,2.535344200619001
25918.08565324259,5.9158031347776685
25938.12325819917,2.9579015673888343
25958.160863155754,3.803016300928501
25978.198468112336,5.493245768007835
25998.236073068918,3.803016300928501
26018.2736780255,4.225573667698335
26038.311282982082,2.9579015673888343
26058.348887938664,3.803016300928501
26078.386492895246,3.803016300928501
26098.42409785183,2.535344200619001
26118.46170280841,0.8451147335396669
26138.499307764992,4.225573667698335
26158.536912721574,2.9579015673888343
26178.574517678157,2.535344200619001
26198.61212263474,2.535344200619001
26218.64972759132,4.648131034468168
26238.687332547903,3.3804589341586677
26258.724937504485,2.1127868338491673
26278.762542461067,2.9579015673888343
26298.80014741765,2.9579015673888343
26318.83775237423,3.3804589341586677
26338.875357330813,3.3804589341586677
26358.912962287395,3.3804589341586677
26378.950567243977,2.535344200619001
26398.98817220056,3.803016300928501
26419.02577715714,2.1127868338491673
26439.063382113723,2.9579015673888343
26459.100987070306,2.1127868338491673
26479.138592026888,4.648131034468168
26499.17619698347,2.1127868338491673
26519.21380194005,5.9158031347776685
26539.251406896634,2.1127868338491673
26559.289011853216,2.1127868338491673
26579.326616809798,4.225573667698335
26599.36422176638,2.535344200619001
26619.401826722962,4.225573667698335
26639.439431679544,2.1127868338491673
26659.477036636126,2.9579015673888343
26679.51464159271,4.225573667698335
26699.55224654929,3.803016300928501
26719.589851505873,3.803016300928501
26739.627456462455,3.803016300928501
26759.665061419037,6.338360501547502
26779.70266637562,3.803016300928501
26799.7402713322,3.3804589341586677
26819.777876288783,3.803016300928501
26839.815481245365,1.2676721003095004
26859.853086201947,3.803016300928501
26879.89069115853,4.648131034468168
26899.92829611511,2.9579015673888343
26919.965901071693,4.225573667698335
26940.003506028275,4.225573667698335
26960.041110984857,2.9579015673888343
26980.07871594144,3.3804589341586677
27000.11632089802,5.493245768007835
27020.153925854604,3.3804589341586677
27040.191530811186,4.648131034468168
27060.229135767768,4.225573667698335
27080.26674072435,3.3804589341586677
27100.304345680932,3.3804589341586677
27120.341950637514,5.493245768007835
27140.379555594096,3.3804589341586677
27160.417160550678,4.225573667698335
27180.45476550726,2.9579015673888343
27200.492370463842,4.648131034468168
27220.529975420424,4.648131034468168
27240.567580377006,2.9579015673888343
27260.60518533359,4.648131034468168
27280.64279029017,3.3804589341586677
27300.680395246753,4.648131034468168
27320.718000203335,5.493245768007835
27340.755605159917,6.338360501547502
27360.7932101165,2.1127868338491673
27380.83081507308,7.183475235087169
27400.868420029663,4.648131034468168
27420.906024986245,5.493245768007835
27440.943629942827,5.070688401238002
27460.98123489941,3.803016300928501
27481.01883985599,4.225573667698335
27501.056444812573,3.803016300928501
27521.094049769155,1.6902294670793339
27541.131654725737,5.070688401238002
27561.16925968232,5.9158031347776685
27581.2068646389,3.3804589341586677
27601.244469595484,2.535344200619001
27621.282074552066,6.760917868317335
27641.319679508648,4.225573667698335
27661.35728446523,2.535344200619001
27681.394889421812,5.493245768007835
27701.432494378394,3.803016300928501
27721.470099334976,5.493245768007835
27741.50770429156,2.535344200619001
27761.54530924814,4.648131034468168
27781.582914204722,4.648131034468168
27801.620519161304,3.3804589341586677
27821.658124117886,3.803016300928501
27841.69572907447,3.3804589341586677
27861.73333403105,5.493245768007835
27881.770938987633,1.6902294670793339
27901.808543944215,3.803016300928501
27921.846148900797,5.493245768007835
27941.88375385738,4.225573667698335
27961.92135881396,4.648131034468168
27981.958963770543,5.493245768007835
28001.996568727125,5.493245768007835
28022.034173683707,2.9579015673888343
28042.07177864029,3.3804589341586677
28062.10938359687,2.9579015673888343
28082.146988553453,5.493245768007835
28102.184593510035,4.225573667698335
28122.222198466618,6.338360501547502
28142.2598034232,4.225573667698335
28162.29740837978,3.803016300928501
28182.335013336364,6.338360501547502
28202.372618292946,3.803016300928501
28222.410223249528,4.225573667698335
28242.44782820611,5.070688401238002
28262.485433162692,4.225573667698335
28282.523038119274,6.338360501547502
28302.560643075856,4.648131034468168
28322.59824803244,5.070688401238002
28342.63585298902,9.71881943570617
28362.673457945602,2.9579015673888343
28382.711062902184,6.338360501547502
28402.748667858767,5.493245768007835
28422.78627281535,5.493245768007835
28442.82387777193,4.648131034468168
28462.861482728513,7.183475235087169
28482.899087685095,6.760917868317335
28502.936692641677,7.606032601857002
28522.97429759826,6.338360501547502
28543.01190255484,5.070688401238002
28563.049507511423,6.338360501547502
28583.087112468005,2.9579015673888343
28603.124717424587,4.225573667698335
28623.16232238117,4.225573667698335
28643.19992733775,6.760917868317335
28663.237532294334,5.070688401238002
28683.275137250916,7.183475235087169
28703.312742207498,3.803016300928501
28723.35034716408,6.338360501547502
28743.38795212066,3.803016300928501
28763.425557077244,3.803016300928501
28783.463162033826,7.606032601857002
28803.500766990408,2.9579015673888343
28823.53837194699,4.648131034468168
28843.575976903572,3.3804589341586677
28863.613581860154,4.648131034468168
28883.651186816736,3.3804589341586677
28903.68879177332,5.070688401238002
28923.7263967299,4.648131034468168
28943.764001686483,5.070688401238002
28963.801606643065,6.338360501547502
28983.839211599647,3.803016300928501
29003.87681655623,5.070688401238002
29023.91442151281,9.71881943570617
29043.952026469393,5.493245768007835
29063.989631425975,8.45114733539667
29084.027236382557,7.183475235087169
29104.06484133914,7.183475235087169
29124.10244629572,6.760917868317335
29144.140051252303,7.183475235087169
29164.177656208885,7.606032601857002
29184.215261165467,5.9158031347776685
29204.25286612205,5.9158031347776685
29224.29047107863,7.183475235087169
29244.328076035214,4.225573667698335
29264.365680991796,5.9158031347776685
29284.403285948378,5.070688401238002
29304.44089090496,4.648131034468168
29324.478495861542,5.070688401238002
29344.516100818124,5.070688401238002
29364.553705774706,3.803016300928501
29384.591310731288,8.45114733539667
29404.62891568787,8.028589968626836
29424.666520644452,5.9158031347776685
29444.704125601034,6.760917868317335
29464.741730557616,6.760917868317335
29484.7793355142,5.493245768007835
29504.81694047078,7.183475235087169
29524.854545427363,8.028589968626836
29544.892150383945,8.873704702166503
29564.929755340527,6.338360501547502
29584.96736029711,5.493245768007835
29605.00496525369,5.493245768007835
29625.042570210273,5.493245768007835
29645.080175166855,6.760917868317335
29665.117780123437,6.760917868317335
29685.15538508002,9.296262068936336
29705.1929900366,6.338360501547502
29725.230594993183,8.028589968626836
29745.268199949765,7.606032601857002
29765.305804906347,5.9158031347776685
29785.34340986293,6.338360501547502
29805.38101481951,6.760917868317335
29825.418619776094,7.606032601857002
29845.456224732676,7.183475235087169
29865.493829689258,6.338360501547502
29885.53143464584,7.606032601857002
29905.569039602422,4.225573667698335
29925.606644559004,7.606032601857002
29945.644249515586,6.760917868317335
29965.68185447217,6.760917868317335
29985.71945942875,4.648131034468168
30005.757064385332,7.606032601857002
30025.794669341914,3.3804589341586677
30045.832274298496,4.648131034468168
30065.86987925508,8.873704702166503
30085.90748421166,4.648131034468168
30105.945089168243,7.606032601857002
30125.982694124825,5.070688401238002
30146.020299081407,5.070688401238002
30166.05790403799,8.028589968626836
30186.09550899457,7.183475235087169
30206.133113951153,6.760917868317335
30226.170718907735,4.648131034468168
30246.208323864317,6.338360501547502
30266.2459288209,7.183475235087169
30286.28353377748,5.070688401238002
30306.321138734063,4.648131034468168
30326.358743690645,8.45114733539667
30346.396348647228,5.493245768007835
30366.43395360381,6.338360501547502
30386.47155856039,5.9158031347776685
30406.509163516974,5.493245768007835
30426.546768473556,7.183475235087169
30446.584373430138,7.606032601857002
30466.62197838672,3.803016300928501
30486.659583343302,7.183475235087169
30506.697188299884,3.3804589341586677
30526.734793256466,7.183475235087169
30546.77239821305,6.338360501547502
30566.81000316963,8.45114733539667
30586.847608126212,9.296262068936336
30606.885213082795,5.9158031347776685
30626.922818039377,8.028589968626836
30646.96042299596,7.606032601857002
30666.99802795254,5.493245768007835
30687.035632909123,9.296262068936336
30707.073237865705,7.183475235087169
30727.110842822287,8.45114733539667
30747.14844777887,8.028589968626836
30767.18605273545,2.535344200619001
30787.223657692033,7.606032601857002
30807.261262648615,8.45114733539667
30827.298867605197,5.070688401238002
30847.33647256178,5.493245768007835
30867.37407751836,8.028589968626836
30887.411682474944,7.606032601857002
30907.449287431526,7.606032601857002
30927.486892388108,8.45114733539667
30947.52449734469,5.9158031347776685
30967.56210230127,5.070688401238002
30987.599707257854,7.183475235087169
31007.637312214436,7.183475235087169
31027.674917171018,8.028589968626836
31047.7125221276,4.648131034468168
31067.750127084182,7.183475235087169
31087.787732040764,8.45114733539667
31107.825336997346,7.183475235087169
31127.86294195393,7.183475235087169
31147.90054691051,6.760917868317335
31167.938151867093,7.183475235087169
31187.975756823675,8.028589968626836
31208.013361780257,7.606032601857002
31228.05096673684,9.296262068936336
31248.08857169342,6.338360501547502
31268.126176650003,2.9579015673888343
31288.163781606585,6.338360501547502
31308.201386563167,8.028589968626836
31328.23899151975,7.606032601857002
31348.27659647633,9.296262068936336
31368.314201432913,5.070688401238002
31388.351806389495,7.606032601857002
31408.389411346077,11.409048902785504
31428.42701630266,2.9579015673888343
31448.46462125924,4.648131034468168
31468.502226215824,7.183475235087169
31488.539831172406,4.225573667698335
31508.577436128988,7.606032601857002
31528.61504108557,8.873704702166503
31548.652646042152,9.296262068936336
31568.690250998734,6.760917868317335
31588.727855955316,10.98649153601567
31608.765460911898,12.676721003095004
31628.80306586848,5.9158031347776685
31648.840670825062,8.028589968626836
31668.878275781644,8.873704702166503
31688.915880738226,9.71881943570617
31708.95348569481,11.409048902785504
31728.99109065139,11.409048902785504
31749.028695607973,8.873704702166503
31769.066300564555,5.9158031347776685
31789.103905521137,8.873704702166503
31809.14151047772,11.831606269555337
31829.1791154343,12.676721003095004
31849.216720390883,7.606032601857002
31869.254325347465,8.45114733539667
31889.291930304047,7.606032601857002
31909.32953526063,7.183475235087169
31929.36714021721,6.760917868317335
31949.404745173793,11.409048902785504
31969.442350130375,8.028589968626836
31989.479955086957,7.183475235087169
32009.51756004354,10.141376802476003
32029.55516500012,8.45114733539667
32049.592769956704,6.338360501547502
32069.630374913286,8.028589968626836
32089.667979869868,10.98649153601567
32109.70558482645,7.606032601857002
32129.743189783032,8.873704702166503
32149.780794739614,10.141376802476003
32169.818399696196,10.141376802476003
32189.85600465278,8.45114733539667
32209.89360960936,11.409048902785504
32229.931214565942,12.25416363632517
32249.968819522524,8.873704702166503
32270.006424479106,7.606032601857002
32290.04402943569,7.606032601857002
32310.08163439227,7.606032601857002
32330.119239348853,7.606032601857002
32350.156844305435,8.873704702166503
32370.194449262017,7.606032601857002
32390.2320542186,10.141376802476003
32410.26965917518,8.028589968626836
32430.307264131763,7.606032601857002
32450.344869088345,8.873704702166503
32470.382474044927,6.338360501547502
32490.42007900151,4.225573667698335
32510.45768395809,6.338360501547502
32530.495288914673,7.183475235087169
32550.532893871256,7.183475235087169
32570.570498827838,6.338360501547502
32590.60810378442,9.71881943570617
32610.645708741,6.760917868317335
32630.683313697584,6.760917868317335
32650.720918654166,9.296262068936336
32670.758523610748,7.606032601857002
32690.79612856733,9.296262068936336
32710.833733523912,8.45114733539667
32730.871338480494,8.028589968626836
32750.908943437076,8.873704702166503
32770.94654839366,6.760917868317335
32790.98415335024,5.070688401238002
32811.02175830682,7.183475235087169
32831.059363263405,8.873704702166503
32851.09696821999,6.338360501547502
32871.13457317657,8.873704702166503
32891.17217813315,7.183475235087169
32911.20978308973,9.71881943570617
32931.247388046315,10.563934169245837
32951.2849930029,5.493245768007835
32971.32259795948,10.98649153601567
32991.36020291606,8.45114733539667
33011.39780787264,8.45114733539667
33031.435412829225,7.183475235087169
33051.47301778581,11.831606269555337
33071.51062274239,6.338360501547502
33091.54822769897,11.409048902785504
33111.58583265555,6.760917868317335
33131.623437612136,10.141376802476003
33151.66104256872,9.296262068936336
33171.6986475253,4.648131034468168
33191.73625248188,5.493245768007835
33211.773857438464,10.563934169245837
33231.811462395046,9.296262068936336
33251.84906735163,10.141376802476003
33271.88667230821,7.183475235087169
33291.92427726479,9.71881943570617
33311.961882221374,8.028589968626836
33331.999487177956,8.45114733539667
33352.03709213454,8.45114733539667
33372.07469709112,9.296262068936336
33392.1123020477,10.98649153601567
33412.149907004285,8.873704702166503
33432.18751196087,7.183475235087169
33452.22511691745,8.873704702166503
33472.26272187403,6.338360501547502
33492.30032683061,6.338360501547502
33512.337931787195,8.45114733539667
33532.37553674378,10.563934169245837
33552.41314170036,12.676721003095004
33572.45074665694,9.296262068936336
33592.48835161352,7.606032601857002
33612.525956570105,10.141376802476003
33632.56356152669,9.296262068936336
33652.60116648327,6.338360501547502
33672.63877143985,9.296262068936336
33692.67637639643,10.98649153601567
33712.713981353016,8.028589968626836
33732.7515863096,7.183475235087169
33752.78919126618,7.183475235087169
33772.82679622276,9.71881943570617
33792.864401179344,9.71881943570617
33812.902006135926,8.028589968626836
33832.93961109251,5.9158031347776685
33852.97721604909,10.141376802476003
33873.01482100567,8.028589968626836
33893.052425962254,7.183475235087169
33913.09003091884,7.183475235087169
33933.12763587542,7.606032601857002
33953.165240832,5.493245768007835
33973.20284578858,10.141376802476003
33993.240450745165,8.028589968626836
34013.27805570175,5.493245768007835
34033.31566065833,7.606032601857002
34053.35326561491,6.760917868317335
34073.39087057149,6.338360501547502
34093.428475528075,10.563934169245837
34113.46608048466,9.296262068936336
34133.50368544124,8.873704702166503
34153.54129039782,13.52183573663467
34173.5788953544,5.493245768007835
34193.616500310985,8.873704702166503
34213.65410526757,10.563934169245837
34233.69171022415,8.45114733539667
34253.72931518073,8.45114733539667
34273.766920137314,9.71881943570617
34293.804525093896,11.409048902785504
34313.84213005048,7.183475235087169
34333.87973500706,6.760917868317335
34353.91733996364,9.71881943570617
34373.954944920224,8.873704702166503
34393.992549876806,9.296262068936336
34414.03015483339,6.338360501547502
34434.06775978997,13.099278369864837
34454.10536474655,7.183475235087169
34474.142969703134,10.563934169245837
34494.18057465972,11.831606269555337
34514.2181796163,9.71881943570617
34534.25578457288,5.070688401238002
34554.29338952946,12.25416363632517
34574.330994486045,10.141376802476003
34594.36859944263,11.409048902785504
34614.40620439921,10.563934169245837
34634.44380935579,8.028589968626836
34654.48141431237,9.71881943570617
34674.519019268955,12.676721003095004
34694.55662422554,9.296262068936336
34714.59422918212,9.296262068936336
34734.6318341387,8.873704702166503
34754.66943909528,4.648131034468168
34774.707044051866,7.606032601857002
34794.74464900845,6.338360501547502
34814.78225396503,8.873704702166503
34834.81985892161,8.45114733539667
34854.857463878194,7.606032601857002
34874.895068834776,3.3804589341586677
34894.93267379136,5.9158031347776685
34914.97027874794,10.141376802476003
34935.00788370452,8.028589968626836
34955.045488661104,5.9158031347776685
34975.083093617686,8.45114733539667
34995.12069857427,11.831606269555337
35015.15830353085,8.028589968626836
35035.19590848743,10.563934169245837
35055.233513444015,7.606032601857002
35075.2711184006,8.028589968626836
35095.30872335718,10.98649153601567
35115.34632831376,6.760917868317335
35135.38393327034,7.606032601857002
35155.421538226925,5.9158031347776685
35175.45914318351,9.71881943570617
35195.49674814009,5.493245768007835
35215.53435309667,8.45114733539667
35235.57195805325,9.296262068936336
35255.609563009835,5.070688401238002
35275.64716796642,8.873704702166503
35295.684772923,7.606032601857002
35315.72237787958,10.563934169245837
35335.75998283616,8.873704702166503
35355.797587792746,5.9158031347776685
35375.83519274933,8.45114733539667
35395.87279770591,10.141376802476003
35415.91040266249,8.028589968626836
35435.948007619074,5.070688401238002
35455.985612575656,10.98649153601567
35476.02321753224,8.873704702166503
35496.06082248882,8.028589968626836
35516.0984274454,7.606032601857002
35536.136032401984,6.760917868317335
35556.173637358566,8.028589968626836
35576.21124231515,6.338360501547502
35596.24884727173,7.183475235087169
35616.28645222831,8.028589968626836
35636.324057184895,8.028589968626836
35656.36166214148,7.183475235087169
35676.39926709806,8.028589968626836
35696.43687205464,5.9158031347776685
35716.47447701122,7.183475235087169
35736.512081967805,6.338360501547502
35756.54968692439,3.803016300928501
35776.58729188097,9.71881943570617
35796.62489683755,9.71881943570617
35816.66250179413,6.760917868317335
35836.700106750715,8.45114733539667
35856.7377117073,9.71881943570617
35876.77531666388,8.028589968626836
35896.81292162046,7.606032601857002
35916.850526577044,7.606032601857002
35936.888131533626,10.98649153601567
35956.92573649021,7.606032601857002
35976.96334144679,9.296262068936336
35997.00094640337,6.338360501547502
36017.038551359954,8.028589968626836
36037.076156316536,8.028589968626836
36057.11376127312,7.606032601857002
36077.1513662297,10.141376802476003
36097.18897118628,6.338360501547502
36117.226576142864,11.409048902785504
36137.26418109945,6.760917868317335
36157.30178605603,7.606032601857002
36177.33939101261,9.296262068936336
36197.37699596919,9.296262068936336
36217.414600925775,7.183475235087169
36237.45220588236,7.606032601857002
36257.48981083894,4.225573667698335
36277.52741579552,8.45114733539667
36297.5650207521,7.183475235087169
36317.602625708685,6.338360501547502
36337.64023066527,9.296262068936336
36357.67783562185,8.028589968626836
36377.71544057843,6.760917868317335
36397.75304553501,10.563934169245837
36417.790650491595,6.338360501547502
36437.82825544818,5.9158031347776685
36457.86586040476,5.9158031347776685
36477.90346536134,5.493245768007835
36497.941070317924,8.873704702166503
36517.978675274506,8.45114733539667
36538.01628023109,6.338360501547502
36558.05388518767,8.028589968626836
36578.09149014425,8.45114733539667
36598.129095100834,8.873704702166503
36618.166700057416,4.225573667698335
36638.204305014,5.9158031347776685
36658.24190997058,7.183475235087169
36678.27951492716,7.606032601857002
36698.317119883744,6.760917868317335
36718.35472484033,10.141376802476003
36738.39232979691,8.45114733539667
36758.42993475349,9.71881943570617
36778.46753971007,3.803016300928501
36798.505144666655,8.873704702166503
36818.54274962324,8.028589968626836
36838.58035457982,7.183475235087169
36858.6179595364,10.141376802476003
36878.65556449298,8.45114733539667
36898.693169449565,10.141376802476003
36918.73077440615,6.760917868317335
36938.76837936273,10.98649153601567
36958.80598431931,6.760917868317335
36978.84358927589,7.606032601857002
36998.881194232476,8.873704702166503
37018.91879918906,7.183475235087169
37038.95640414564,10.141376802476003
37058.99400910222,7.606032601857002
37079.031614058804,5.9158031347776685
37099.069219015386,5.070688401238002
37119.10682397197,9.71881943570617
37139.14442892855,5.070688401238002
37159.18203388513,10.98649153601567
37179.219638841714,11.409048902785504
37199.257243798296,9.296262068936336
37219.29484875488,12.25416363632517
37239.33245371146,5.493245768007835
37259.37005866804,8.028589968626836
37279.407663624625,8.028589968626836
37299.44526858121,6.338360501547502
37319.48287353779,8.028589968626836
37339.52047849437,7.606032601857002
37359.55808345095,8.873704702166503
37379.595688407535,6.338360501547502
37399.63329336412,7.606032601857002
37419.6708983207,8.028589968626836
37439.70850327728,4.648131034468168
37459.74610823386,4.225573667698335
37479.783713190445,7.606032601857002
37499.82131814703,9.296262068936336
37519.85892310361,7.606032601857002
37539.89652806019,6.338360501547502
37559.93413301677,5.070688401238002
37579.971737973356,4.225573667698335
37600.00934292994,4.648131034468168
37620.04694788652,8.028589968626836
37640.0845528431,4.648131034468168
37660.122157799684,8.028589968626836
37680.159762756266,6.760917868317335
37700.19736771285,9.71881943570617
37720.23497266943,6.338360501547502
37740.27257762601,6.338360501547502
37760.310182582594,6.338360501547502
37780.347787539176,6.338360501547502
37800.38539249576,9.71881943570617
37820.42299745234,6.338360501547502
37840.46060240892,8.45114733539667
37860.498207365505,5.070688401238002
37880.53581232209,6.338360501547502
37900.57341727867,8.873704702166503
37920.61102223525,9.296262068936336
37940.64862719183,8.45114733539667
37960.686232148415,9.296262068936336
37980.723837105,8.028589968626836
38000.76144206158,6.338360501547502
38020.79904701816,7.606032601857002
38040.83665197474,7.183475235087169
38060.874256931325,5.9158031347776685
38080.91186188791,6.338360501547502
38100.94946684449,6.338360501547502
38120.98707180107,5.9158031347776685
38141.024676757654,5.493245768007835
38161.062281714236,5.9158031347776685
38181.09988667082,4.648131034468168
38201.1374916274,5.9158031347776685
38221.17509658398,5.9158031347776685
38241.212701540564,5.493245768007835
38261.250306497146,5.493245768007835
38281.28791145373,8.873704702166503
38301.32551641031,8.028589968626836
38321.36312136689,5.9158031347776685
38341.400726323474,7.606032601857002
38361.43833128006,6.338360501547502
38381.47593623664,6.760917868317335
38401.51354119322,8.028589968626836
38421.5511461498,5.9158031347776685
38441.588751106385,5.070688401238002
38461.62635606297,8.873704702166503
38481.66396101955,8.028589968626836
38501.70156597613,7.183475235087169
38521.73917093271,5.070688401238002
38541.776775889295,8.028589968626836
38561.81438084588,8.873704702166503
38581.85198580246,8.45114733539667
38601.88959075904,5.070688401238002
38621.92719571562,8.028589968626836
38641.964800672205,8.873704702166503
38662.00240562879,7.183475235087169
38682.04001058537,7.606032601857002
38702.07761554195,5.070688401238002
38722.115220498534,10.141376802476003
38742.152825455116,4.225573667698335
38762.1904304117,5.9158031347776685
38782.22803536828,4.225573667698335
38802.26564032486,6.338360501547502
38822.303245281444,8.028589968626836
38842.340850238026,5.070688401238002
38862.37845519461,4.225573667698335
38882.41606015119,5.493245768007835
38902.45366510777,6.760917868317335
38922.491270064354,6.338360501547502
38942.52887502094,8.45114733539667
38962.56647997752,5.070688401238002
38982.6040849341,5.070688401238002
39002.64168989068,7.606032601857002
39022.679294847265,6.760917868317335
39042.71689980385,7.183475235087169
39062.75450476043,5.9158031347776685
39082.79210971701,5.070688401238002
39102.82971467359,8.028589968626836
39122.867319630175,5.9158031347776685
39142.90492458676,6.338360501547502
39162.94252954334,6.760917868317335
39182.98013449992,6.760917868317335
39203.0177394565,3.803016300928501
39223.055344413086,4.225573667698335
39243.09294936967,5.070688401238002
39263.13055432625,7.606032601857002
39283.16815928283,7.183475235087169
39303.205764239414,6.760917868317335
39323.243369195996,3.3804589341586677
39343.28097415258,8.873704702166503
39363.31857910916,8.45114733539667
39383.35618406574,5.070688401238002
39403.393789022324,5.493245768007835
39423.431393978906,7.183475235087169
39443.46899893549,5.493245768007835
39463.50660389207,9.71881943570617
39483.54420884865,8.873704702166503
39503.581813805235,2.535344200619001
39523.61941876182,4.225573667698335
39543.6570237184,5.9158031347776685
39563.69462867498,6.338360501547502
39583.73223363156,6.760917868317335
39603.769838588145,5.9158031347776685
39623.80744354473,6.338360501547502
39643.84504850131,10.141376802476003
39663.88265345789,6.760917868317335
39683.92025841447,3.3804589341586677
39703.957863371055,4.225573667698335
39723.99546832764,7.183475235087169
39744.03307328422,3.803016300928501
39764.0706782408,8.45114733539667
39784.10828319738,6.760917868317335
39804.145888153966,3.803016300928501
39824.18349311055,9.71881943570617
39844.22109806713,6.760917868317335
39864.25870302371,4.648131034468168
39884.296307980294,5.070688401238002
39904.333912936876,5.9158031347776685
39924.37151789346,4.225573667698335
39944.40912285004,4.648131034468168
39964.44672780662,5.9158031347776685
39984.484332763204,3.803016300928501
40004.52193771979,6.760917868317335
40024.55954267637,4.225573667698335
40044.59714763295,5.493245768007835
40064.63475258953,4.648131034468168
40084.672357546115,6.338360501547502
40104.7099625027,4.225573667698335
40124.74756745928,4.648131034468168
40144.78517241586,7.183475235087169
40164.82277737244,5.493245768007835
40184.860382329025,6.338360501547502
40204.89798728561,5.9158031347776685
40224.93559224219,8.028589968626836
40244.97319719877,5.070688401238002
40265.01080215535,4.648131034468168
40285.048407111935,8.028589968626836
40305.08601206852,3.3804589341586677
40325.1236170251,5.070688401238002
40345.16122198168,2.9579015673888343
40365.198826938264,2.535344200619001
40385.236431894846,3.3804589341586677
40405.27403685143,5.493245768007835
40425.31164180801,3.803016300928501
40445.34924676459,4.648131034468168
40465.386851721174,4.648131034468168
40485.424456677756,1.6902294670793339
40505.46206163434,5.9158031347776685
40525.49966659092,5.493245768007835
40545.5372715475,4.648131034468168
40565.574876504084,5.493245768007835
40585.61248146067,5.070688401238002
40605.65008641725,2.9579015673888343
40625.68769137383,5.493245768007835
40645.72529633041,2.9579015673888343
40665.762901286995,5.070688401238002
40685.80050624358,7.606032601857002
40705.83811120016,7.606032601857002
40725.87571615674,5.493245768007835
40745.91332111332,4.648131034468168
40765.950926069905,3.803016300928501
40785.98853102649,6.338360501547502
40806.02613598307,3.803016300928501
40826.06374093965,4.225573667698335
40846.10134589623,4.648131034468168
40866.138950852815,3.803016300928501
40886.1765558094,3.3804589341586677
40906.21416076598,4.648131034468168
40926.25176572256,4.225573667698335
40946.289370679144,2.9579015673888343
40966.326975635726,3.803016300928501
40986.36458059231,5.9158031347776685
41006.40218554889,5.070688401238002
