Energy (keV),Intensity (CPS)
-10.602548834742972,0.0
9.435204805290603,0.0
29.472958445324178,0.0
49.51071208535775,0.0
69.54846572539132,0.0
89.5862193654249,0.0
109.62397300545848,0.0
129.66172664549205,0.0
149.69948028552562,0.0
169.7372339255592,0.0
189.77498756559277,0.0
209.81274120562634,0.0
229.85049484565994,0.0
249.88824848569348,0.0
269.9260021257271,0.0
289.96375576576065,0.0
310.00150940579425,0.0
330.03926304582785,0.0
350.0770166858614,0.0
370.114770325895,0.36516136019625695
390.15252396592854,0.36516136019625695
410.19027760596214,0.36516136019625695
430.2280312459957,0.36516136019625695
450.2657848860293,0.7303227203925139
470.3035385260629,0.0
490.3412921660964,0.7303227203925139
510.37904580612997,1.095484080588771
530.4167994461636,0.7303227203925139
550.4545530861972,0.36516136019625695
570.4923067262307,1.095484080588771
590.5300603662643,1.4606454407850278
610.5678140062979,0.0
630.6055676463315,0.7303227203925139
650.643321286365,1.095484080588771
670.6810749263987,1.4606454407850278
690.7188285664322,0.0
710.7565822064657,1.4606454407850278
730.7943358464993,1.095484080588771
750.8320894865329,0.7303227203925139
770.8698431265665,0.0
790.9075967666,0.7303227203925139
810.9453504066337,1.4606454407850278
830.9831040466672,0.7303227203925139
851.0208576867008,0.36516136019625695
871.0586113267343,1.4606454407850278
891.096364966768,0.36516136019625695
911.1341186068015,0.0
931.171872246835,0.36516136019625695
951.2096258868687,0.7303227203925139
971.2473795269023,1.095484080588771
991.2851331669358,0.36516136019625695
1011.3228868069693,0.0
1031.3606404470029,1.8258068009812847
1051.3983940870364,0.36516136019625695
1071.4361477270702,0.0
1091.4739013671037,0.0
1111.5116550071373,0.36516136019625695
1131.5494086471708,0.36516136019625695
1151.5871622872044,0.0
1171.624915927238,0.36516136019625695
1191.6626695672715,0.36516136019625695
1211.7004232073052,0.36516136019625695
1231.7381768473388,0.7303227203925139
1251.7759304873723,0.36516136019625695
1271.8136841274058,1.095484080588771
1291.8514377674394,0.0
1311.889191407473,0.7303227203925139
1331.9269450475065,0.7303227203925139
1351.9646986875402,0.36516136019625695
1372.0024523275738,0.7303227203925139
1392.0402059676073,0.36516136019625695
1412.0779596076409,0.7303227203925139
1432.1157132476744,1.4606454407850278
1452.153466887708,0.7303227203925139
1472.1912205277415,1.8258068009812847
1492.2289741677753,1.095484080588771
1512.2667278078088,1.095484080588771
1532.3044814478424,0.7303227203925139
1552.342235087876,1.095484080588771
1572.3799887279094,0.36516136019625695
1592.417742367943,1.095484080588771
1612.4554960079765,0.0
1632.4932496480103,0.36516136019625695
1652.5310032880438,0.0
1672.5687569280774,0.36516136019625695
1692.606510568111,0.36516136019625695
1712.6442642081445,0.7303227203925139
1732.682017848178,1.4606454407850278
1752.7197714882116,1.095484080588771
1772.7575251282453,0.0
1792.7952787682789,1.095484080588771
1812.8330324083124,1.095484080588771
1832.870786048346,0.0
1852.9085396883795,1.095484080588771
1872.946293328413,0.36516136019625695
1892.9840469684466,0.36516136019625695
1913.0218006084804,1.095484080588771
1933.059554248514,0.36516136019625695
1953.0973078885474,0.7303227203925139
1973.135061528581,1.4606454407850278
1993.1728151686145,1.095484080588771
2013.210568808648,0.7303227203925139
2033.2483224486816,0.36516136019625695
2053.286076088715,2.190968161177542
2073.3238297287485,0.36516136019625695
2093.3615833687822,0.36516136019625695
2113.3993370088156,0.0
2133.4370906488493,0.7303227203925139
2153.474844288883,0.36516136019625695
2173.5125979289164,0.0
2193.55035156895,0.36516136019625695
2213.5881052089835,1.095484080588771
2233.6258588490173,0.36516136019625695
2253.6636124890506,0.36516136019625695
2273.7013661290844,0.7303227203925139
2293.739119769118,1.095484080588771
2313.7768734091514,1.4606454407850278
2333.814627049185,0.7303227203925139
2353.8523806892185,0.7303227203925139
2373.8901343292523,0.36516136019625695
2393.9278879692856,0.7303227203925139
2413.9656416093194,0.7303227203925139
2434.003395249353,0.7303227203925139
2454.0411488893865,0.36516136019625695
2474.0789025294202,0.36516136019625695
2494.1166561694536,0.7303227203925139
2514.1544098094873,1.095484080588771
2534.1921634495206,1.095484080588771
2554.2299170895544,2.190968161177542
2574.267670729588,1.4606454407850278
2594.3054243696215,1.4606454407850278
2614.3431780096553,1.4606454407850278
2634.3809316496886,0.7303227203925139
2654.4186852897224,1.4606454407850278
2674.4564389297557,1.095484080588771
2694.4941925697894,1.4606454407850278
2714.531946209823,0.36516136019625695
2734.5696998498565,1.8258068009812847
2754.6074534898903,1.095484080588771
2774.6452071299236,2.190968161177542
2794.6829607699574,1.4606454407850278
2814.7207144099907,0.7303227203925139
2834.7584680500245,1.4606454407850278
2854.7962216900582,1.4606454407850278
2874.8339753300916,1.8258068009812847
2894.8717289701253,5.112259042747597
2914.9094826101586,10.954840805887708
2934.9472362501924,14.24129304765402
2954.9849898902257,18.25806800981285
2975.0227435302595,15.336777128242792
2995.0604971702933,16.432261208831562
3015.0982508103266,5.842581763140111
3035.1360044503604,3.2864522417663125
3055.1737580903937,1.095484080588771
3075.2115117304274,0.36516136019625695
3095.2492653704608,0.36516136019625695
3115.2870190104945,0.7303227203925139
3135.3247726505283,1.8258068009812847
3155.3625262905616,3.6516136019625693
3175.4002799305954,2.190968161177542
3195.4380335706287,1.4606454407850278
3215.4757872106625,1.8258068009812847
3235.513540850696,2.5561295213737987
3255.5512944907296,2.190968161177542
3275.5890481307633,1.4606454407850278
3295.6268017707966,2.190968161177542
3315.6645554108304,1.095484080588771
3335.7023090508637,1.8258068009812847
3355.7400626908975,1.4606454407850278
3375.777816330931,1.095484080588771
3395.8155699709646,1.4606454407850278
3415.8533236109984,0.7303227203925139
3435.8910772510317,0.36516136019625695
3455.9288308910654,0.7303227203925139
3475.9665845310988,1.8258068009812847
3496.0043381711325,1.095484080588771
3516.042091811166,0.7303227203925139
3536.0798454511996,0.7303227203925139
3556.1175990912334,0.36516136019625695
3576.1553527312667,0.36516136019625695
3596.1931063713005,0.36516136019625695
3616.230860011334,2.9212908815700556
3636.2686136513676,1.4606454407850278
3656.306367291401,3.2864522417663125
3676.3441209314346,5.477420402943854
3696.3818745714684,4.016774962158826
3716.4196282115017,0.7303227203925139
3736.4573818515355,2.190968161177542
3756.495135491569,1.8258068009812847
3776.5328891316026,0.7303227203925139
3796.570642771636,0.7303227203925139
3816.6083964116697,0.0
3836.6461500517034,0.7303227203925139
3856.6839036917368,1.4606454407850278
3876.7216573317705,1.095484080588771
3896.759410971804,0.7303227203925139
3916.7971646118376,0.0
3936.834918251871,0.7303227203925139
3956.8726718919047,1.8258068009812847
3976.910425531938,1.095484080588771
3996.948179171972,1.095484080588771
4016.9859328120056,0.7303227203925139
4037.023686452039,1.4606454407850278
4057.0614400920726,0.7303227203925139
4077.099193732106,0.7303227203925139
4097.13694737214,0.36516136019625695
4117.1747010121735,0.0
4137.212454652207,0.36516136019625695
4157.25020829224,1.4606454407850278
4177.287961932274,0.7303227203925139
4197.325715572308,0.36516136019625695
4217.363469212341,0.0
4237.401222852374,0.0
4257.438976492408,0.36516136019625695
4277.476730132442,0.7303227203925139
4297.514483772476,0.7303227203925139
4317.552237412509,0.36516136019625695
4337.589991052542,1.095484080588771
4357.627744692576,1.4606454407850278
4377.66549833261,0.36516136019625695
4397.703251972644,4.016774962158826
4417.741005612677,10.589679445691452
4437.77875925271,18.25806800981285
4457.816512892744,32.49936105746687
4477.854266532778,41.26323370217703
4497.8920201728115,53.67871994884977
4517.929773812844,66.0942061955225
4537.967527452878,51.852913147868485
4558.005281092912,32.13419969727061
4578.043034732946,23.005165692364187
4598.080788372979,10.954840805887708
4618.118542013012,4.381936322355084
4638.156295653046,2.190968161177542
4658.19404929308,1.4606454407850278
4678.231802933114,0.7303227203925139
4698.269556573147,1.095484080588771
4718.30731021318,1.095484080588771
4738.345063853214,1.095484080588771
4758.382817493248,0.7303227203925139
4778.420571133282,1.095484080588771
4798.458324773314,1.095484080588771
4818.496078413348,1.095484080588771
4838.533832053382,2.190968161177542
4858.571585693416,5.842581763140111
4878.6093393334495,7.668388564121396
4898.647092973482,5.477420402943854
4918.684846613516,12.05032488647648
4938.72260025355,10.954840805887708
4958.760353893584,8.39871128451391
4978.798107533617,7.668388564121396
4998.83586117365,2.9212908815700556
5018.873614813684,3.6516136019625693
5038.911368453718,2.9212908815700556
5058.949122093752,1.8258068009812847
5078.9868757337845,2.9212908815700556
5099.024629373818,2.190968161177542
5119.062383013852,1.095484080588771
5139.100136653886,3.2864522417663125
5159.13789029392,0.7303227203925139
5179.175643933952,1.095484080588771
5199.213397573986,2.190968161177542
5219.25115121402,2.190968161177542
5239.288904854054,2.5561295213737987
5259.326658494087,3.6516136019625693
5279.36441213412,1.095484080588771
5299.402165774154,4.381936322355084
5319.439919414188,4.016774962158826
5339.477673054222,4.016774962158826
5359.5154266942545,4.74709768255134
5379.553180334288,4.74709768255134
5399.590933974322,6.572904483532625
5419.628687614356,5.842581763140111
5439.66644125439,8.033549924317652
5459.7041948944225,7.668388564121396
5479.741948534456,7.303227203925139
5499.77970217449,4.016774962158826
5519.817455814524,3.2864522417663125
5539.855209454557,4.381936322355084
5559.89296309459,5.842581763140111
5579.930716734624,7.303227203925139
5599.968470374658,4.016774962158826
5620.006224014692,5.842581763140111
5640.043977654725,8.033549924317652
5660.081731294758,8.033549924317652
5680.119484934792,5.842581763140111
5700.157238574826,7.303227203925139
5720.19499221486,8.39871128451391
5740.2327458548925,8.763872644710167
5760.270499494926,5.842581763140111
5780.30825313496,6.572904483532625
5800.346006774994,12.415486246672737
5820.383760415027,10.224518085495195
5840.4215140550605,11.320002166083965
5860.459267695094,12.780647606868992
5880.497021335128,15.70193848843905
5900.534774975162,17.162583929224077
5920.572528615195,18.25806800981285
5940.610282255228,20.083874810794132
5960.648035895262,12.415486246672737
5980.685789535296,16.79742256902782
6000.72354317533,20.083874810794132
6020.761296815363,15.70193848843905
6040.799050455396,15.70193848843905
6060.83680409543,18.98839073020536
6080.874557735464,16.067099848635305
6100.912311375497,14.971615768046535
6120.9500650155305,23.370327052560445
6140.987818655564,22.64000433216793
6161.025572295598,21.54452025157916
6181.063325935632,23.370327052560445
6201.101079575665,23.370327052560445
6221.1388332156985,32.49936105746687
6241.176586855732,28.847747455504297
6261.214340495766,36.5161360196257
6281.2520941358,37.611620100214466
6301.289847775833,40.89807234198078
6321.327601415866,39.43742690119575
6341.3653550559,57.695494911008595
6361.403108695934,49.29678362649469
6381.440862335967,66.0942061955225
6401.478615976001,63.903238034344966
6421.516369616034,50.757429067279716
6441.554123256068,45.28000866433586
6461.591876896102,39.43742690119575
6481.629630536135,35.78581329923318
6501.6673841761685,36.88129737982195
6521.705137816202,31.4038769768781
6541.742891456236,29.94323153609307
6561.78064509627,29.94323153609307
6581.818398736303,25.926456573934242
6601.8561523763365,29.212908815700555
6621.89390601637,25.926456573934242
6641.931659656404,27.75226337491553
6661.969413296437,23.735488412756702
6682.007166936471,33.229683777859385
6702.044920576504,36.88129737982195
6722.082674216538,39.80258826139201
6742.120427856572,36.88129737982195
6762.158181496605,37.246458740018205
6782.195935136639,38.34194282060698
6802.233688776672,37.611620100214466
6822.271442416706,37.611620100214466
6842.30919605674,43.81936322355083
6862.346949696773,47.10581546531714
6882.3847033368065,46.375492744924635
6902.42245697684,49.66194498669095
6922.460210616874,48.20129954590592
6942.497964256907,47.10581546531714
6962.535717896941,55.86968811002731
6982.5734715369745,53.313558588653514
7002.611225177008,49.66194498669095
7022.648978817042,48.56646090610217
7042.686732457075,59.521301711989885
7062.724486097109,54.77420402943854
7082.762239737142,58.060656271204856
7102.799993377176,54.04388130904603
7122.83774701721,58.060656271204856
7142.875500657243,55.50452674983106
7162.913254297277,60.25162443238239
7182.95100793731,46.375492744924635
7202.988761577344,47.83613818570966
7223.026515217377,60.61678579257865
7243.064268857411,56.600010830419826
7263.1020224974445,70.11098115768134
7283.139776137478,60.98194715277491
7303.177529777512,62.07743123336368
7323.215283417545,66.0942061955225
7343.253037057579,73.39743339944765
7363.2907906976125,65.72904483532625
7383.328544337646,66.0942061955225
7403.36629797768,68.28517435670005
7423.404051617713,78.14453108199899
7443.441805257747,80.33549924317653
7463.47955889778,65.72904483532625
7483.517312537814,79.97033788298027
7503.555066177847,79.60517652278402
7523.592819817881,76.68388564121396
7543.630573457915,81.4309833237653
7563.668327097948,73.39743339944765
7583.706080737982,75.58840156062519
7603.743834378015,63.17291531395245
7623.781588018049,70.47614251787759
7643.8193416580825,72.66711067905513
7663.857095298116,78.8748538023915
7683.89484893815,75.22324020042893
7703.932602578183,82.16130604415781
7723.970356218217,70.11098115768134
7744.0081098582505,79.24001516258775
7764.045863498284,76.68388564121396
7784.083617138317,83.62195148494284
7804.121370778351,82.89162876455033
7824.159124418385,86.17808100631665
7844.196878058418,87.63872644710166
7864.234631698452,87.2735650869054
7884.272385338485,87.63872644710166
7904.310138978519,96.03743773161558
7924.347892618553,99.3238899733819
7944.385646258586,97.86324453259687
7964.423399898619,123.7897011065311
7984.461153538653,143.87357591732524
8004.498907178687,151.54196448144663
8024.5366608187205,166.51358024949317
8044.574414458754,161.76648256694182
8064.612168098787,172.72132337282954
8084.649921738821,157.38454624458674
8104.687675378855,154.09809400282043
8124.7254290188885,109.91356941907334
8144.763182658922,119.04260342397977
8164.800936298955,111.00905349966212
8184.838689938989,113.20002166083965
8204.876443579024,107.7226012578958
8224.914197219057,98.95872861318563
8244.951950859091,107.35743989769954
8264.989704499125,108.08776261809206
8285.027458139159,114.66066710162468
8305.06521177919,104.43614901612949
8325.102965419224,112.8348603006434
8345.140719059258,123.42453974633484
8365.178472699292,106.26195581711077
8385.216226339326,115.02582846182094
8405.25397997936,128.17163742888619
8425.291733619393,119.77292614437228
8445.329487259427,133.64905783183005
8465.36724089946,149.71615768046536
8485.404994539493,159.5755144057643
8505.442748179526,167.60906433008194
8525.48050181956,232.60778644501568
8545.518255459594,284.8258609530804
8565.556009099628,362.60523067488316
8585.593762739662,401.6774962158826
8605.631516379695,494.79364306592817
8625.669270019729,488.22073858239554
8645.707023659763,524.371713241825
8665.744777299795,460.83363656767625
8685.782530939829,409.34588478000404
8705.820284579862,327.91490145623874
8725.858038219896,253.78714533639857
8745.89579185993,201.9342321885301
8765.933545499964,177.83358241557713
8785.971299139997,169.43487113106323
8806.009052780031,163.59228936792312
8826.046806420065,157.749707604783
8846.084560060099,168.7045484106707
8866.12231370013,173.45164609322205
8886.160067340164,163.22712800772686
8906.197820980198,154.09809400282043
8926.235574620232,184.0413255389135
8946.273328260266,151.17680312125037
8966.3110819003,164.68777344851188
8986.348835540333,155.1935780834092
9006.386589180367,150.81164176105412
9026.4243428204,149.3509963202691
9046.462096460433,155.55873944360545
9066.499850100467,163.22712800772686
9086.5376037405,150.44648040085787
9106.575357380534,147.16002815909155
9126.613111020568,160.3058371261568
9146.650864660602,173.45164609322205
9166.688618300635,161.0361598465493
9186.72637194067,158.11486896497925
9206.764125580703,170.16519385145574
9226.801879220735,171.991000652437
9246.839632860769,178.92906649616592
9266.877386500802,167.60906433008194
9286.915140140836,179.29422785636217
9306.95289378087,170.16519385145574
9326.990647420904,154.09809400282043
9347.028401060938,173.45164609322205
9367.066154700971,168.33938705047444
9387.103908341005,177.83358241557713
9407.141661981039,177.10325969518462
9427.17941562107,178.92906649616592
9447.217169261105,200.47358674774506
9467.254922901138,192.44003682342742
9487.292676541172,208.14197531186645
9507.330430181206,222.74842971971674
9527.36818382124,227.49552740226807
9547.405937461273,249.04004765384724
9567.443691101307,244.29294997129588
9587.481444741341,253.4219839762023
9607.519198381373,244.65811133149217
9627.556952021407,218.73165475755792
9647.59470566144,216.54068659638037
9667.632459301474,211.79358891382904
9687.670212941508,204.85552307010013
9707.707966581542,184.40648689910975
9727.745720221576,183.311002818521
9747.78347386161,193.17035954381993
9767.821227501643,193.17035954381993
9787.858981141675,169.8000324912595
9807.896734781709,186.23229370009105
9827.934488421743,182.21551873793223
9847.972242061776,179.65938921655842
9868.00999570181,192.07487546323117
9888.047749341844,182.21551873793223
9908.085502981878,181.85035737773595
9928.123256621911,207.04649123127768
9948.161010261945,187.3277777806798
9968.198763901979,192.80519818362367
9988.236517542011,191.34455274283863
10008.274271182045,196.8219731457825
10028.312024822078,177.46842105538087
10048.349778462112,195.36132770499748
10068.387532102146,187.3277777806798
10088.42528574218,199.74326402735255
10108.463039382214,207.41165259147394
10128.500793022247,195.36132770499748
10148.538546662281,194.63100498460494
10168.576300302313,191.34455274283863
10188.614053942347,207.41165259147394
10208.65180758238,199.01294130696004
10228.689561222414,201.9342321885301
10248.727314862448,194.63100498460494
10268.765068502482,199.74326402735255
10288.802822142516,189.51874594185736
10308.84057578255,198.2826185865675
10328.878329422583,206.68132987108143
10348.916083062615,189.1535845816611
10368.953836702649,200.47358674774506
10388.991590342683,200.1084253875488
10409.029343982716,209.23745939245524
10429.06709762275,209.6026207526515
10449.104851262784,202.6645549089226
10469.142604902818,216.90584795657662
10489.180358542852,209.6026207526515
10509.218112182885,188.78842322146485
10529.255865822917,193.53552090401618
10549.293619462951,212.1587502740253
10569.331373102985,193.17035954381993
10589.369126743019,206.68132987108143
10609.406880383052,201.20390946813757
10629.444634023086,205.22068443029642
10649.48238766312,198.2826185865675
10669.520141303154,194.63100498460494
10689.557894943187,209.6026207526515
10709.595648583221,204.85552307010013
10729.633402223253,211.79358891382904
10749.671155863287,233.33810916540818
10769.70890950332,213.25423435461406
10789.746663143354,230.05165692364187
10809.784416783388,221.2877842789317
10829.822170423422,226.03488196148305
10849.859924063456,231.51230236442692
10869.89767770349,232.60778644501568
10889.935431343523,214.34971843520282
10909.973184983555,207.41165259147394
10930.010938623589,210.332943473044
10950.048692263623,204.85552307010013
10970.086445903657,199.01294130696004
10990.12419954369,206.68132987108143
11010.161953183724,181.4851960175397
11030.199706823758,193.90068226421243
11050.237460463792,199.01294130696004
11070.275214103825,208.50713667206273
11090.312967743857,205.22068443029642
11110.350721383891,203.39487762931512
11130.388475023925,213.98455707500656
11150.426228663959,203.02971626911886
11170.463982303992,208.87229803225898
11190.501735944026,200.8387481079413
11210.53948958406,190.97939138264238
11230.577243224094,213.25423435461406
11250.614996864128,201.9342321885301
11270.652750504161,213.6193957148103
11290.690504144193,196.09165042539
11310.728257784227,201.20390946813757
11330.76601142426,211.79358891382904
11350.803765064295,188.42326186126857
11370.841518704328,189.88390730205361
11390.879272344362,204.12520034970763
11410.917025984396,208.87229803225898
11430.95477962443,193.90068226421243
11450.992533264463,200.1084253875488
11471.030286904495,204.49036170990388
11491.06804054453,189.51874594185736
11511.105794184563,177.10325969518462
11531.143547824597,195.36132770499748
11551.18130146463,188.42326186126857
11571.219055104664,186.96261642048356
11591.256808744698,197.91745722637125
11611.294562384732,188.05810050107232
11631.332316024766,182.58068009812848
11651.370069664797,186.96261642048356
11671.407823304831,186.23229370009105
11691.445576944865,178.92906649616592
11711.483330584899,180.02455057675468
11731.521084224933,185.50197097969854
11751.558837864966,186.23229370009105
11771.596591505,186.5974550602873
11791.634345145034,177.46842105538087
11811.672098785068,184.0413255389135
11831.709852425101,175.6426142543996
11851.747606065133,186.23229370009105
11871.785359705167,180.75487329714718
11891.8231133452,184.40648689910975
11911.860866985235,185.50197097969854
11931.898620625268,174.5471301738108
11951.936374265302,172.3561620126333
11971.974127905336,184.771648259306
11992.01188154537,169.8000324912595
12012.049635185404,180.38971193695093
12032.087388825435,177.83358241557713
12052.12514246547,177.83358241557713
12072.162896105503,166.87874160968943
12092.200649745537,161.76648256694182
12112.23840338557,176.73809833498836
12132.276157025604,172.72132337282954
12152.313910665638,157.0193848843905
12172.351664305672,174.5471301738108
12192.389417945706,162.13164392713807
12212.427171585738,170.530355211652
12232.464925225771,166.51358024949317
12252.502678865805,162.13164392713807
12272.540432505839,163.95745072811937
12292.578186145873,147.89035087948406
12312.615939785906,166.14841888929692
12332.65369342594,162.8619666475306
12352.691447065974,165.41809616890438
12372.729200706008,161.76648256694182
12392.766954346042,158.11486896497925
12412.804707986073,151.90712584164288
12432.842461626107,143.508414557129
12452.880215266141,151.17680312125037
12472.917968906175,151.54196448144663
12492.955722546209,143.14325319693273
12512.993476186242,154.46325536301669
12533.031229826276,145.6993827183065
12553.06898346631,157.0193848843905
12573.106737106344,138.76131687457763
12593.144490746376,145.6993827183065
12613.18224438641,138.03099415418512
12633.219998026443,143.14325319693273
12653.257751666477,149.3509963202691
12673.29550530651,141.31744639595144
12693.333258946544,129.99744422986748
12713.371012586578,134.37938055222256
12733.408766226612,125.6155079075124
12753.446519866646,131.09292831045624
12773.484273506678,134.0142191920263
12793.522027146711,128.17163742888619
12813.559780786745,121.96389430554981
12833.597534426779,131.4580896706525
12853.635288066813,131.4580896706525
12873.673041706847,130.72776695026
12893.71079534688,129.63228286967123
12913.748548986914,127.80647606868993
12933.786302626948,122.32905566574608
12953.82405626698,113.93034438123216
12973.861809907014,113.93034438123216
12993.899563547047,123.05937838613859
13013.937317187081,116.85163526280222
13033.975070827115,111.00905349966212
13054.012824467149,112.8348603006434
13074.050578107182,108.45292397828831
13094.088331747216,104.07098765593322
13114.12608538725,109.91356941907334
13134.163839027284,122.69421702594234
13154.201592667316,105.166471736522
13174.23934630735,108.08776261809206
13194.277099947383,97.4980831724006
13214.314853587417,97.86324453259687
13234.35260722745,101.88001949475569
13254.390360867485,101.88001949475569
13274.428114507518,97.13292181220434
13294.465868147552,91.6555014092605
13314.503621787586,94.57679229083055
13334.541375427618,96.76776045200809
13354.579129067652,94.57679229083055
13374.616882707685,83.9871128451391
13394.65463634772,83.9871128451391
13414.692389987753,94.57679229083055
13434.730143627787,84.71743556553162
13454.76789726782,86.90840372670915
13474.805650907854,82.16130604415781
13494.843404547888,83.62195148494284
13514.88115818792,77.04904700141022
13534.918911827954,75.22324020042893
13554.956665467987,77.77936972180272
13574.994419108021,75.58840156062519
13595.032172748055,67.18969027611128
13615.069926388089,72.30194931885887
13635.107680028123,72.30194931885887
13655.145433668156,73.7625947596439
13675.18318730819,62.07743123336368
13695.220940948224,62.07743123336368
13715.258694588256,62.07743123336368
13735.29644822829,62.07743123336368
13755.334201868323,62.07743123336368
13775.371955508357,62.44259259355994
13795.40970914839,54.40904266924228
13815.447462788425,54.04388130904603
13835.485216428458,53.67871994884977
13855.522970068492,49.66194498669095
13875.560723708526,49.66194498669095
13895.598477348558,46.375492744924635
13915.636230988592,44.549685943943345
13935.673984628625,46.74065410512089
13955.71173826866,44.914847304139606
13975.749491908693,43.08904050315832
13995.787245548727,39.43742690119575
14015.82499918876,38.707104180803235
14035.862752828794,35.42065193903692
14055.900506468828,41.62839506237329
14075.93826010886,37.97678146041072
14095.976013748894,32.864522417663125
14116.013767388928,27.75226337491553
14136.051521028961,27.021940654523014
14156.089274668995,22.274842971971673
14176.127028309029,24.830972493345474
14196.164781949063,28.117424735111786
14216.202535589096,27.021940654523014
14236.24028922913,26.656779294326757
14256.278042869164,25.561295213737985
14276.315796509196,21.54452025157916
14296.35355014923,20.814197531186647
14316.391303789263,14.606454407850277
14336.429057429297,16.067099848635305
14356.466811069331,17.527745289420334
14376.504564709365,14.971615768046535
14396.542318349399,15.70193848843905
14416.580071989432,17.162583929224077
14436.617825629466,12.780647606868992
14456.655579269498,12.05032488647648
14476.693332909532,12.780647606868992
14496.731086549566,10.224518085495195
14516.7688401896,9.49419536510268
14536.806593829633,10.954840805887708
14556.844347469667,8.763872644710167
14576.8821011097,10.954840805887708
14596.919854749734,7.303227203925139
14616.957608389768,10.954840805887708
14636.9953620298,8.033549924317652
14657.033115669834,4.381936322355084
14677.070869309868,6.2077431233363685
14697.108622949901,3.6516136019625693
14717.146376589935,4.74709768255134
14737.184130229969,2.5561295213737987
14757.221883870003,4.016774962158826
14777.259637510037,3.6516136019625693
14797.29739115007,5.477420402943854
14817.335144790104,3.2864522417663125
14837.372898430136,2.9212908815700556
14857.41065207017,3.2864522417663125
14877.448405710204,3.6516136019625693
14897.486159350237,1.8258068009812847
14917.523912990271,1.4606454407850278
14937.561666630305,2.5561295213737987
14957.599420270339,2.5561295213737987
14977.637173910372,1.8258068009812847
14997.674927550406,1.095484080588771
15017.712681190438,1.8258068009812847
15037.750434830472,1.095484080588771
15057.788188470506,0.7303227203925139
15077.82594211054,0.36516136019625695
15097.863695750573,0.36516136019625695
15117.901449390607,1.095484080588771
15137.93920303064,0.7303227203925139
15157.976956670675,0.0
15178.014710310708,0.0
15198.05246395074,0.36516136019625695
15218.090217590774,0.7303227203925139
15238.127971230808,0.0
15258.165724870842,0.0
15278.203478510875,0.0
15298.24123215091,0.0
15318.278985790943,0.0
15338.316739430977,0.0
15358.35449307101,0.0
15378.392246711044,0.0
15398.430000351076,0.0
15418.46775399111,0.0
15438.505507631144,0.0
15458.543261271177,0.0
15478.581014911211,0.0
15498.618768551245,0.0
15518.656522191279,0.0
15538.694275831313,0.36516136019625695
15558.732029471346,0.0
15578.769783111378,0.0
15598.807536751412,0.0
15618.845290391446,0.0
15638.88304403148,0.0
15658.920797671513,0.36516136019625695
15678.958551311547,0.0
15698.99630495158,0.36516136019625695
15719.034058591615,0.36516136019625695
15739.071812231648,0.0
15759.10956587168,0.0
15779.147319511714,0.0
15799.185073151748,0.0
15819.222826791782,0.0
15839.260580431815,0.0
15859.29833407185,0.0
15879.336087711883,0.0
15899.373841351917,0.0
15919.41159499195,0.0
15939.449348631983,0.0
15959.487102272016,0.0
15979.52485591205,0.0
15999.562609552084,0.36516136019625695
16019.600363192118,0.36516136019625695
16039.638116832151,0.0
16059.675870472185,0.36516136019625695
16079.713624112219,0.0
16099.751377752253,0.36516136019625695
16119.789131392286,0.0
16139.826885032318,0.0
16159.864638672352,0.0
16179.902392312386,0.0
16199.94014595242,0.0
16219.977899592453,0.0
16240.015653232487,0.36516136019625695
16260.053406872521,0.0
16280.091160512555,0.36516136019625695
16300.128914152589,0.0
16320.16666779262,0.0
16340.204421432654,0.0
16360.242175072688,0.0
16380.279928712722,0.0
16400.317682352754,0.0
16420.355435992788,0.0
16440.39318963282,0.0
16460.430943272855,0.7303227203925139
16480.46869691289,0.0
16500.506450552923,0.36516136019625695
16520.544204192956,0.0
16540.58195783299,0.0
16560.619711473024,0.36516136019625695
16580.657465113058,0.0
16600.695218753088,0.36516136019625695
16620.73297239312,0.0
16640.770726033155,0.0
16660.80847967319,0.0
16680.846233313223,0.36516136019625695
16700.883986953257,0.0
16720.92174059329,0.0
16740.959494233324,0.0
16760.997247873358,0.0
16781.03500151339,0.36516136019625695
16801.072755153426,0.0
16821.11050879346,0.36516136019625695
16841.148262433493,0.0
16861.186016073527,0.36516136019625695
16881.22376971356,0.36516136019625695
16901.261523353594,0.7303227203925139
16921.299276993628,0.7303227203925139
16941.337030633662,0.36516136019625695
16961.374784273696,0.0
16981.412537913726,0.36516136019625695
17001.45029155376,0.0
17021.488045193793,0.36516136019625695
17041.525798833827,0.0
17061.56355247386,0.0
17081.601306113895,0.36516136019625695
17101.63905975393,0.0
17121.676813393962,0.0
17141.714567033996,0.0
17161.75232067403,0.36516136019625695
17181.790074314064,0.36516136019625695
17201.827827954097,0.0
17221.86558159413,0.36516136019625695
17241.903335234165,0.0
17261.9410888742,0.0
17281.978842514232,0.0
17302.016596154266,0.0
17322.0543497943,0.36516136019625695
17342.09210343433,0.36516136019625695
17362.129857074364,0.0
17382.167610714398,0.36516136019625695
17402.20536435443,0.36516136019625695
17422.243117994465,0.0
17442.2808716345,0.0
17462.318625274533,0.0
17482.356378914566,0.36516136019625695
17502.3941325546,0.7303227203925139
17522.431886194634,0.0
17542.469639834668,0.36516136019625695
17562.5073934747,0.36516136019625695
17582.545147114735,0.0
17602.58290075477,0.36516136019625695
17622.620654394803,0.0
17642.658408034837,0.7303227203925139
17662.69616167487,0.36516136019625695
17682.733915314904,1.095484080588771
17702.771668954938,0.36516136019625695
17722.809422594968,0.0
17742.847176235002,0.0
17762.884929875036,0.0
17782.92268351507,0.0
17802.960437155103,0.0
17822.998190795137,0.0
17843.03594443517,0.0
17863.073698075204,0.36516136019625695
17883.11145171524,0.7303227203925139
17903.149205355272,0.7303227203925139
17923.186958995306,0.0
17943.22471263534,0.0
17963.262466275373,0.36516136019625695
17983.300219915407,0.0
18003.33797355544,0.0
18023.375727195475,0.0
18043.41348083551,0.0
18063.451234475542,0.36516136019625695
18083.488988115572,0.36516136019625695
18103.526741755606,1.095484080588771
18123.56449539564,0.0
18143.602249035674,0.7303227203925139
18163.640002675707,0.0
18183.67775631574,0.36516136019625695
18203.715509955775,0.7303227203925139
18223.75326359581,0.7303227203925139
18243.791017235842,0.36516136019625695
18263.828770875876,0.36516136019625695
18283.86652451591,0.36516136019625695
18303.904278155944,0.36516136019625695
18323.942031795978,0.0
18343.97978543601,0.36516136019625695
18364.017539076045,0.7303227203925139
18384.05529271608,0.36516136019625695
18404.093046356113,0.0
18424.130799996146,0.0
18444.16855363618,0.36516136019625695
18464.20630727621,0.36516136019625695
18484.244060916244,0.36516136019625695
18504.281814556278,0.36516136019625695
18524.31956819631,0.0
18544.357321836345,0.7303227203925139
18564.39507547638,0.36516136019625695
18584.432829116413,0.36516136019625695
18604.470582756447,0.0
18624.50833639648,0.36516136019625695
18644.546090036514,0.36516136019625695
18664.583843676548,0.0
18684.62159731658,0.7303227203925139
18704.659350956616,1.095484080588771
18724.69710459665,0.36516136019625695
18744.734858236683,0.36516136019625695
18764.772611876717,0.0
18784.81036551675,0.36516136019625695
18804.848119156784,0.36516136019625695
18824.885872796818,0.36516136019625695
18844.92362643685,0.36516136019625695
18864.961380076882,0.0
18884.999133716916,0.0
18905.03688735695,0.0
18925.074640996983,0.36516136019625695
18945.112394637017,0.7303227203925139
18965.15014827705,0.7303227203925139
18985.187901917085,0.0
19005.22565555712,0.0
19025.263409197152,0.7303227203925139
19045.301162837186,0.36516136019625695
19065.33891647722,0.0
19085.376670117254,0.36516136019625695
19105.414423757287,0.36516136019625695
19125.45217739732,0.36516136019625695
19145.489931037355,0.0
19165.52768467739,0.36516136019625695
19185.565438317422,0.36516136019625695
19205.603191957453,0.0
19225.640945597486,0.36516136019625695
19245.67869923752,0.7303227203925139
19265.716452877554,1.095484080588771
19285.754206517588,0.36516136019625695
19305.79196015762,0.36516136019625695
19325.829713797655,0.0
19345.86746743769,0.0
19365.905221077723,1.095484080588771
19385.942974717756,0.7303227203925139
19405.98072835779,0.7303227203925139
19426.018481997824,0.7303227203925139
19446.056235637858,0.0
19466.09398927789,0.7303227203925139
19486.131742917925,0.7303227203925139
19506.16949655796,0.36516136019625695
19526.207250197993,0.0
19546.245003838027,0.0
19566.28275747806,0.0
19586.32051111809,0.7303227203925139
19606.358264758124,0.7303227203925139
19626.396018398158,0.0
19646.43377203819,0.36516136019625695
19666.471525678226,0.36516136019625695
19686.50927931826,0.0
19706.547032958293,0.36516136019625695
19726.584786598327,0.36516136019625695
19746.62254023836,0.36516136019625695
19766.660293878394,0.36516136019625695
19786.69804751843,1.095484080588771
19806.735801158462,0.0
19826.773554798496,0.0
19846.81130843853,0.0
19866.849062078563,0.36516136019625695
19886.886815718597,0.0
19906.92456935863,0.36516136019625695
19926.962322998665,0.0
19947.0000766387,0.0
19967.03783027873,0.7303227203925139
19987.075583918762,0.36516136019625695
20007.113337558796,0.0
20027.15109119883,0.36516136019625695
20047.188844838864,0.36516136019625695
20067.226598478897,0.0
20087.26435211893,0.36516136019625695
20107.302105758965,0.0
20127.339859399,0.36516136019625695
20147.377613039032,0.36516136019625695
20167.415366679066,0.0
20187.4531203191,0.0
20207.490873959134,1.095484080588771
20227.528627599168,0.0
20247.5663812392,0.36516136019625695
20267.604134879235,0.36516136019625695
20287.64188851927,1.095484080588771
20307.679642159303,0.36516136019625695
20327.717395799333,0.0
20347.755149439367,0.36516136019625695
20367.7929030794,1.095484080588771
20387.830656719434,1.095484080588771
20407.868410359468,0.36516136019625695
20427.9061639995,0.36516136019625695
20447.943917639535,0.36516136019625695
20467.98167127957,1.4606454407850278
20488.019424919603,0.36516136019625695
20508.057178559637,1.095484080588771
20528.09493219967,0.0
20548.132685839704,0.36516136019625695
20568.170439479738,0.7303227203925139
20588.20819311977,0.7303227203925139
20608.245946759806,0.0
20628.28370039984,0.0
20648.321454039873,0.0
20668.359207679907,0.7303227203925139
20688.39696131994,0.0
20708.43471495997,0.36516136019625695
20728.472468600005,0.36516136019625695
20748.51022224004,0.0
20768.547975880072,0.0
20788.585729520106,0.7303227203925139
20808.62348316014,0.36516136019625695
20828.661236800173,0.36516136019625695
20848.698990440207,1.095484080588771
20868.73674408024,0.0
20888.774497720275,0.0
20908.81225136031,0.0
20928.850005000342,1.095484080588771
20948.887758640376,0.36516136019625695
20968.92551228041,0.0
20988.963265920444,0.0
21009.001019560477,0.36516136019625695
21029.03877320051,0.36516136019625695
21049.076526840545,0.36516136019625695
21069.114280480575,0.36516136019625695
21089.15203412061,0.7303227203925139
21109.189787760643,0.36516136019625695
21129.227541400676,0.0
21149.26529504071,1.095484080588771
21169.303048680744,0.0
21189.340802320778,0.7303227203925139
21209.37855596081,0.7303227203925139
21229.416309600845,0.36516136019625695
21249.45406324088,0.7303227203925139
21269.491816880913,0.7303227203925139
21289.529570520946,0.7303227203925139
21309.56732416098,0.36516136019625695
21329.605077801014,0.36516136019625695
21349.642831441048,0.7303227203925139
21369.68058508108,0.7303227203925139
21389.718338721115,0.0
21409.75609236115,0.7303227203925139
21429.793846001183,0.36516136019625695
21449.831599641213,0.0
21469.869353281247,0.7303227203925139
21489.90710692128,0.7303227203925139
21509.944860561314,0.0
21529.982614201348,0.0
21550.02036784138,0.0
21570.058121481416,0.0
21590.09587512145,0.0
21610.133628761483,0.7303227203925139
21630.171382401517,0.0
21650.20913604155,0.0
21670.246889681584,1.095484080588771
21690.28464332162,1.095484080588771
21710.322396961652,0.36516136019625695
21730.360150601686,0.0
21750.39790424172,0.7303227203925139
21770.435657881753,0.0
21790.473411521787,0.36516136019625695
21810.51116516182,0.36516136019625695
21830.54891880185,0.7303227203925139
21850.586672441885,0.36516136019625695
21870.62442608192,0.36516136019625695
21890.662179721952,0.36516136019625695
21910.699933361986,0.36516136019625695
21930.73768700202,0.0
21950.775440642054,0.36516136019625695
21970.813194282087,0.36516136019625695
21990.85094792212,0.7303227203925139
22010.888701562155,0.0
22030.92645520219,0.0
22050.964208842222,1.095484080588771
22071.001962482256,0.0
22091.03971612229,0.36516136019625695
22111.077469762324,0.36516136019625695
22131.115223402358,0.7303227203925139
22151.15297704239,0.7303227203925139
22171.190730682425,0.0
22191.228484322455,0.7303227203925139
22211.26623796249,0.36516136019625695
22231.303991602523,0.0
22251.341745242556,0.36516136019625695
22271.37949888259,0.36516136019625695
22291.417252522624,0.36516136019625695
22311.455006162658,0.0
22331.49275980269,0.36516136019625695
22351.530513442725,0.36516136019625695
22371.56826708276,0.36516136019625695
22391.606020722793,0.36516136019625695
22411.643774362827,0.0
22431.68152800286,0.36516136019625695
22451.719281642894,0.0
22471.757035282928,0.36516136019625695
22491.79478892296,0.36516136019625695
22511.832542562996,0.7303227203925139
22531.87029620303,0.36516136019625695
22551.908049843063,0.0
22571.945803483093,0.0
22591.983557123127,0.0
22612.02131076316,0.0
22632.059064403194,0.36516136019625695
22652.09681804323,0.36516136019625695
22672.134571683262,0.0
22692.172325323296,0.0
22712.21007896333,0.7303227203925139
22732.247832603363,0.7303227203925139
22752.285586243397,0.0
22772.32333988343,0.0
22792.361093523465,0.0
22812.3988471635,0.36516136019625695
22832.436600803532,0.0
22852.474354443566,0.36516136019625695
22872.5121080836,1.095484080588771
22892.549861723634,0.36516136019625695
22912.587615363667,0.36516136019625695
22932.6253690037,0.36516136019625695
22952.66312264373,0.36516136019625695
22972.700876283765,0.0
22992.7386299238,0.36516136019625695
23012.776383563832,0.7303227203925139
23032.814137203866,0.36516136019625695
23052.8518908439,0.36516136019625695
23072.889644483934,0.0
23092.927398123968,0.7303227203925139
23112.965151764,0.0
23133.002905404035,0.0
23153.04065904407,0.36516136019625695
23173.078412684103,0.0
23193.116166324136,0.36516136019625695
23213.15391996417,0.0
23233.191673604204,0.36516136019625695
23253.229427244238,0.7303227203925139
23273.26718088427,0.0
23293.304934524305,0.7303227203925139
23313.342688164335,0.36516136019625695
23333.38044180437,0.0
23353.418195444403,0.36516136019625695
23373.455949084437,0.36516136019625695
23393.49370272447,0.36516136019625695
23413.531456364504,0.36516136019625695
23433.569210004538,0.0
23453.60696364457,0.0
23473.644717284606,0.36516136019625695
23493.68247092464,0.36516136019625695
23513.720224564673,0.0
23533.757978204707,0.36516136019625695
23553.79573184474,0.36516136019625695
23573.833485484774,0.36516136019625695
23593.87123912481,0.0
23613.908992764842,0.7303227203925139
23633.946746404876,0.0
23653.98450004491,0.0
23674.022253684943,0.36516136019625695
23694.060007324973,0.0
23714.097760965007,0.36516136019625695
23734.13551460504,0.7303227203925139
23754.173268245075,0.0
23774.21102188511,0.0
23794.248775525142,0.0
23814.286529165176,0.0
23834.32428280521,0.0
23854.362036445244,0.0
23874.399790085277,0.36516136019625695
23894.43754372531,0.0
23914.475297365345,0.36516136019625695
23934.51305100538,0.36516136019625695
23954.550804645412,0.7303227203925139
23974.588558285446,0.0
23994.62631192548,0.0
24014.664065565514,0.36516136019625695
24034.701819205548,0.7303227203925139
24054.739572845578,0.0
24074.77732648561,0.0
24094.815080125645,0.0
24114.85283376568,0.36516136019625695
24134.890587405713,0.7303227203925139
24154.928341045746,0.36516136019625695
24174.96609468578,0.36516136019625695
24195.003848325814,0.0
24215.041601965848,0.36516136019625695
24235.07935560588,0.7303227203925139
24255.117109245915,0.36516136019625695
24275.15486288595,0.0
24295.192616525983,0.0
24315.230370166017,1.095484080588771
24335.26812380605,0.0
24355.305877446084,0.0
24375.343631086118,0.0
24395.38138472615,0.36516136019625695
24415.419138366186,0.0
24435.456892006216,0.7303227203925139
24455.49464564625,0.36516136019625695
24475.532399286283,0.0
24495.570152926317,0.7303227203925139
24515.60790656635,0.0
24535.645660206384,0.0
24555.68341384642,0.0
24575.721167486452,0.0
24595.758921126486,0.7303227203925139
24615.79667476652,0.0
24635.834428406553,0.36516136019625695
24655.872182046587,0.0
24675.90993568662,0.36516136019625695
24695.947689326655,0.7303227203925139
24715.98544296669,0.0
24736.023196606722,0.7303227203925139
24756.060950246756,0.0
24776.09870388679,0.0
24796.136457526824,0.0
24816.174211166854,0.0
24836.211964806887,0.7303227203925139
24856.24971844692,0.36516136019625695
24876.287472086955,0.36516136019625695
24896.32522572699,0.36516136019625695
24916.362979367022,0.0
24936.400733007056,0.0
24956.43848664709,0.0
24976.476240287124,0.0
24996.513993927158,0.0
25016.55174756719,0.0
25036.589501207225,0.0
25056.62725484726,0.0
25076.665008487293,0.0
25096.702762127326,0.0
25116.74051576736,0.0
25136.778269407394,0.36516136019625695
25156.816023047428,0.0
25176.853776687458,0.0
25196.89153032749,0.0
25216.929283967525,0.0
25236.96703760756,0.0
25257.004791247593,0.36516136019625695
25277.042544887627,0.36516136019625695
25297.08029852766,0.0
25317.118052167694,0.0
25337.155805807728,0.0
25357.19355944776,0.36516136019625695
25377.231313087796,0.0
25397.26906672783,0.0
25417.306820367863,0.0
25437.344574007897,0.0
25457.38232764793,0.7303227203925139
25477.420081287964,0.0
25497.457834928,0.0
25517.495588568032,0.0
25537.533342208066,0.0
25557.571095848096,0.0
25577.60884948813,0.36516136019625695
25597.646603128163,1.095484080588771
25617.684356768197,0.0
25637.72211040823,0.0
25657.759864048265,0.36516136019625695
25677.7976176883,0.36516136019625695
25697.835371328332,0.0
25717.873124968366,0.0
25737.9108786084,0.0
25757.948632248434,0.0
25777.986385888467,0.0
25798.0241395285,0.36516136019625695
25818.061893168535,0.36516136019625695
25838.09964680857,0.0
25858.137400448602,0.0
25878.175154088636,0.36516136019625695
25898.21290772867,0.0
25918.2506613687,0.0
25938.288415008734,0.0
25958.326168648768,0.0
25978.3639222888,0.0
25998.401675928835,0.0
26018.43942956887,0.0
26038.477183208903,0.0
26058.514936848936,0.36516136019625695
26078.55269048897,0.36516136019625695
26098.590444129004,0.0
26118.628197769038,0.0
26138.66595140907,0.0
26158.703705049105,0.0
26178.74145868914,0.0
26198.779212329173,0.0
26218.816965969207,0.0
26238.85471960924,0.0
26258.892473249274,0.7303227203925139
26278.930226889308,0.0
26298.967980529338,0.36516136019625695
26319.005734169372,0.0
26339.043487809406,0.36516136019625695
26359.08124144944,0.0
26379.118995089473,0.0
26399.156748729507,0.0
26419.19450236954,0.0
26439.232256009574,0.0
26459.27000964961,0.0
26479.307763289642,0.0
26499.345516929676,0.0
26519.38327056971,0.0
26539.421024209743,0.0
26559.458777849777,0.0
26579.49653148981,0.0
26599.534285129845,0.0
26619.57203876988,0.0
26639.609792409912,0.0
26659.647546049946,0.0
26679.685299689976,0.0
26699.72305333001,0.0
26719.760806970044,0.0
26739.798560610077,0.0
26759.83631425011,0.0
26779.874067890145,0.0
26799.91182153018,0.0
26819.949575170212,0.0
26839.987328810246,0.0
26860.02508245028,0.0
26880.062836090314,0.0
26900.100589730348,0.36516136019625695
26920.13834337038,0.0
26940.176097010415,0.0
26960.21385065045,0.0
26980.251604290483,0.0
27000.289357930516,0.0
27020.32711157055,0.0
27040.36486521058,0.0
27060.402618850614,0.0
27080.440372490648,0.0
27100.47812613068,0.0
27120.515879770715,0.0
27140.55363341075,0.0
27160.591387050783,0.0
27180.629140690817,0.0
27200.66689433085,0.0
27220.704647970884,0.0
27240.742401610918,0.0
27260.78015525095,0.0
27280.817908890986,0.0
27300.85566253102,0.0
27320.893416171053,0.0
27340.931169811087,0.0
27360.96892345112,0.0
27381.006677091154,0.0
27401.04443073119,0.0
27421.08218437122,0.0
27441.119938011252,0.0
27461.157691651286,0.0
27481.19544529132,0.36516136019625695
27501.233198931353,0.0
27521.270952571387,0.36516136019625695
27541.30870621142,0.0
27561.346459851455,0.0
27581.38421349149,0.0
27601.421967131522,0.0
27621.459720771556,0.0
27641.49747441159,0.0
27661.535228051624,0.0
27681.572981691657,0.0
27701.61073533169,0.0
27721.648488971725,0.0
27741.68624261176,0.0
27761.723996251792,0.0
27781.761749891826,0.0
27801.799503531856,0.0
27821.83725717189,0.0
27841.875010811924,0.36516136019625695
27861.912764451958,0.0
27881.95051809199,0.0
27901.988271732025,0.0
27922.02602537206,0.0
27942.063779012093,0.0
27962.101532652126,0.0
27982.13928629216,0.0
28002.177039932194,0.0
28022.214793572228,0.0
28042.25254721226,0.0
28062.290300852295,0.0
28082.32805449233,0.0
28102.365808132363,0.0
28122.403561772397,0.0
28142.44131541243,0.0
28162.47906905246,0.0
28182.516822692494,0.0
28202.554576332528,0.0
28222.592329972562,0.0
28242.630083612596,0.0
28262.66783725263,0.0
28282.705590892663,0.0
28302.743344532697,0.0
28322.78109817273,0.0
28342.818851812764,0.0
28362.8566054528,0.0
28382.894359092832,0.0
28402.932112732866,0.0
28422.9698663729,0.0
28443.007620012933,0.0
28463.045373652967,0.0
28483.083127293,0.0
28503.120880933035,0.0
28523.15863457307,0.0
28543.1963882131,0.0
28563.234141853132,0.0
28583.271895493166,0.0
28603.3096491332,0.0
28623.347402773234,0.0
28643.385156413267,0.0
28663.4229100533,0.0
28683.460663693335,0.0
28703.49841733337,0.0
28723.536170973402,0.0
28743.573924613436,0.0
28763.61167825347,0.0
28783.649431893504,0.0
28803.687185533538,0.0
28823.72493917357,0.0
28843.762692813605,0.0
28863.80044645364,0.0
28883.838200093673,0.0
28903.875953733703,0.0
28923.913707373737,0.0
28943.95146101377,0.0
28963.989214653804,0.0
28984.026968293838,0.0
29004.06472193387,0.0
29024.102475573905,0.0
29044.14022921394,0.0
29064.177982853973,0.0
29084.215736494007,0.0
29104.25349013404,0.0
29124.291243774074,0.0
29144.328997414108,0.0
29164.36675105414,0.0
29184.404504694176,0.0
29204.44225833421,0.0
29224.480011974243,0.0
29244.517765614277,0.0
29264.55551925431,0.0
29284.59327289434,0.0
29304.631026534375,0.0
29324.66878017441,0.0
29344.706533814442,0.0
29364.744287454476,0.0
29384.78204109451,0.0
29404.819794734543,0.0
29424.857548374577,0.0
29444.89530201461,0.0
29464.933055654645,0.0
29484.97080929468,0.0
29505.008562934712,0.0
29525.046316574746,0.0
29545.08407021478,0.0
29565.121823854814,0.0
29585.159577494847,0.0
29605.19733113488,0.0
29625.235084774915,0.0
29645.27283841495,0.0
29665.31059205498,0.0
29685.348345695013,0.0
29705.386099335046,0.0
29725.42385297508,0.0
29745.461606615114,0.0
29765.499360255148,0.0
29785.53711389518,0.0
29805.574867535215,0.0
29825.61262117525,0.0
29845.650374815283,0.0
29865.688128455316,0.0
29885.72588209535,0.0
29905.763635735384,0.0
29925.801389375418,0.0
29945.83914301545,0.0
29965.876896655485,0.0
29985.91465029552,0.0
30005.952403935553,0.0
30025.990157575583,0.0
30046.027911215617,0.0
30066.06566485565,0.0
30086.103418495684,0.0
30106.141172135718,0.0
30126.178925775752,0.0
30146.216679415786,0.0
30166.25443305582,0.0
30186.292186695853,0.0
30206.329940335887,0.0
30226.36769397592,0.0
30246.405447615954,0.0
30266.44320125599,0.0
30286.480954896022,0.0
30306.518708536056,0.0
30326.55646217609,0.0
30346.594215816123,0.0
30366.631969456157,0.0
30386.66972309619,0.0
30406.70747673622,0.0
30426.745230376255,0.0
30446.78298401629,0.0
30466.820737656322,0.0
30486.858491296356,0.0
30506.89624493639,0.0
30526.933998576424,0.0
30546.971752216457,0.0
30567.00950585649,0.0
30587.047259496525,0.0
30607.08501313656,0.0
30627.122766776592,0.0
30647.160520416626,0.0
30667.19827405666,0.0
30687.236027696694,0.0
30707.273781336728,0.0
30727.31153497676,0.0
30747.349288616795,0.0
30767.38704225683,0.0
30787.42479589686,0.0
30807.462549536893,0.0
30827.500303176927,0.0
30847.53805681696,0.0
30867.575810456994,0.0
30887.613564097028,0.0
30907.65131773706,0.36516136019625695
30927.689071377095,0.0
30947.72682501713,0.0
30967.764578657163,0.0
30987.802332297197,0.0
31007.84008593723,0.0
31027.877839577264,0.0
31047.915593217298,0.0
31067.95334685733,0.0
31087.991100497366,0.0
31108.0288541374,0.0
31128.066607777433,0.0
31148.104361417463,0.0
31168.142115057497,0.0
31188.17986869753,0.0
31208.217622337565,0.0
31228.2553759776,0.0
31248.293129617632,0.0
31268.330883257666,0.0
31288.3686368977,0.0
31308.406390537733,0.0
31328.444144177767,0.0
31348.4818978178,0.0
31368.519651457835,0.0
31388.55740509787,0.0
31408.595158737902,0.0
31428.632912377936,0.0
31448.67066601797,0.0
31468.708419658004,0.0
31488.746173298037,0.0
31508.78392693807,0.0
31528.8216805781,0.0
31548.859434218135,0.0
31568.89718785817,0.0
31588.934941498203,0.0
31608.972695138236,0.0
31629.01044877827,0.0
31649.048202418304,0.0
31669.085956058338,0.0
31689.12370969837,0.0
31709.161463338405,0.0
31729.19921697844,0.0
31749.236970618473,0.0
31769.274724258506,0.0
31789.31247789854,0.0
31809.350231538574,0.0
31829.387985178608,0.0
31849.42573881864,0.0
31869.463492458675,0.0
31889.501246098705,0.0
31909.53899973874,0.0
31929.576753378773,0.0
31949.614507018807,0.0
31969.65226065884,0.0
31989.690014298874,0.0
32009.727767938908,0.0
32029.765521578942,0.0
32049.803275218976,0.0
32069.84102885901,0.0
32089.878782499043,0.0
32109.916536139077,0.0
32129.95428977911,0.0
32149.992043419144,0.0
32170.02979705918,0.0
32190.067550699212,0.0
32210.105304339246,0.0
32230.14305797928,0.0
32250.180811619313,0.0
32270.218565259343,0.0
32290.256318899377,0.0
32310.29407253941,0.0
32330.331826179445,0.0
32350.36957981948,0.0
32370.407333459512,0.0
32390.445087099546,0.0
32410.48284073958,0.0
32430.520594379614,0.0
32450.558348019647,0.0
32470.59610165968,0.0
32490.633855299715,0.0
32510.67160893975,0.0
32530.709362579782,0.0
32550.747116219816,0.0
32570.78486985985,0.0
32590.822623499884,0.0
32610.860377139918,0.0
32630.89813077995,0.0
32650.93588441998,0.0
32670.973638060015,0.0
32691.01139170005,0.0
32711.049145340083,0.0
32731.086898980117,0.0
32751.12465262015,0.0
32771.162406260184,0.0
32791.20015990022,0.0
32811.23791354025,0.0
32831.275667180285,0.0
32851.31342082032,0.0
32871.35117446035,0.0
32891.38892810039,0.0
32911.42668174042,0.0
32931.464435380454,0.0
32951.50218902049,0.0
32971.53994266052,0.0
32991.577696300556,0.0
33011.61544994059,0.0
33031.65320358062,0.0
33051.69095722066,0.0
33071.72871086069,0.0
33091.766464500724,0.0
33111.80421814076,0.0
33131.84197178079,0.0
33151.879725420826,0.0
33171.91747906086,0.0
33191.95523270089,0.0
33211.99298634092,0.0
33232.03073998095,0.0
33252.06849362099,0.0
33272.10624726102,0.0
33292.144000901055,0.0
33312.18175454109,0.0
33332.21950818112,0.0
33352.257261821156,0.0
33372.29501546119,0.0
33392.332769101224,0.0
33412.37052274126,0.0
33432.40827638129,0.0
33452.446030021325,0.0
33472.48378366136,0.0
33492.52153730139,0.0
33512.559290941426,0.0
33532.59704458146,0.0
33552.634798221494,0.0
33572.67255186153,0.0
33592.71030550156,0.0
33612.748059141595,0.0
33632.78581278163,0.0
33652.82356642166,0.0
33672.8613200617,0.0
33692.89907370173,0.0
33712.936827341764,0.0
33732.9745809818,0.0
33753.01233462183,0.0
33773.050088261865,0.0
33793.0878419019,0.0
33813.12559554193,0.0
33833.16334918197,0.0
33853.201102822,0.0
33873.238856462034,0.0
33893.27661010207,0.0
33913.3143637421,0.0
33933.352117382135,0.0
33953.38987102216,0.0
33973.427624662196,0.0
33993.46537830223,0.0
34013.50313194226,0.0
34033.5408855823,0.0
34053.57863922233,0.0
34073.616392862365,0.0
34093.6541465024,0.0
34113.69190014243,0.0
34133.729653782466,0.0
34153.7674074225,0.0
34173.80516106253,0.0
34193.84291470257,0.0
34213.8806683426,0.0
34233.918421982635,0.0
34253.95617562267,0.0
34273.9939292627,0.0
34294.031682902736,0.0
34314.06943654277,0.0
34334.1071901828,0.0
34354.14494382284,0.0
34374.18269746287,0.0
34394.220451102905,0.0
34414.25820474294,0.0
34434.29595838297,0.0
34454.333712023006,0.0
34474.37146566304,0.0
34494.409219303074,0.0
34514.44697294311,0.0
34534.48472658314,0.0
34554.522480223175,0.0
34574.56023386321,0.0
34594.59798750324,0.0
34614.63574114328,0.0
34634.67349478331,0.0
34654.711248423344,0.0
34674.74900206338,0.0
34694.786755703404,0.0
34714.82450934344,0.0
34734.86226298347,0.0
34754.900016623506,0.0
34774.93777026354,0.0
34794.97552390357,0.0
34815.01327754361,0.0
34835.05103118364,0.0
34855.088784823674,0.0
34875.12653846371,0.0
34895.16429210374,0.0
34915.202045743776,0.0
34935.23979938381,0.0
34955.27755302384,0.0
34975.31530666388,0.0
34995.35306030391,0.0
35015.390813943945,0.0
35035.42856758398,0.0
35055.46632122401,0.0
35075.504074864046,0.0
35095.54182850408,0.0
35115.57958214411,0.0
35135.61733578415,0.0
35155.65508942418,0.0
35175.692843064215,0.0
35195.73059670425,0.0
35215.76835034428,0.0
35235.806103984316,0.0
35255.84385762435,0.0
35275.88161126438,0.0
35295.91936490442,0.0
35315.95711854445,0.0
35335.994872184485,0.0
35356.03262582452,0.0
35376.07037946455,0.0
35396.108133104586,0.0
35416.14588674462,0.0
35436.18364038465,0.0
35456.22139402468,0.0
35476.259147664714,0.0
35496.29690130475,0.0
35516.33465494478,0.0
35536.372408584815,0.0
35556.41016222485,0.0
35576.44791586488,0.0
35596.48566950492,0.0
35616.52342314495,0.0
35636.561176784984,0.0
35656.59893042502,0.0
35676.63668406505,0.0
35696.674437705085,0.0
35716.71219134512,0.0
35736.74994498515,0.0
35756.78769862519,0.0
35776.82545226522,0.0
35796.863205905254,0.0
35816.90095954529,0.0
35836.93871318532,0.0
35856.976466825356,0.0
35877.01422046539,0.0
35897.05197410542,0.0
35917.08972774546,0.0
35937.12748138549,0.0
35957.165235025524,0.0
35977.20298866556,0.0
35997.24074230559,0.0
36017.278495945626,0.0
36037.31624958566,0.0
36057.35400322569,0.0
36077.39175686573,0.0
36097.42951050576,0.0
36117.467264145795,0.0
36137.50501778583,0.0
36157.54277142586,0.0
36177.58052506589,0.0
36197.61827870592,0.0
36217.656032345956,0.0
36237.69378598599,0.0
36257.731539626024,0.0
36277.76929326606,0.0
36297.80704690609,0.0
36317.844800546125,0.0
36337.88255418616,0.0
36357.92030782619,0.0
36377.958061466226,0.0
36397.99581510626,0.0
36418.033568746294,0.0
36438.07132238633,0.0
36458.10907602636,0.0
36478.146829666395,0.0
36498.18458330643,0.0
36518.22233694646,0.0
36538.2600905865,0.0
36558.29784422653,0.0
36578.335597866564,0.0
36598.3733515066,0.0
36618.41110514663,0.0
36638.448858786665,0.0
36658.4866124267,0.0
36678.52436606673,0.0
36698.56211970677,0.0
36718.5998733468,0.0
36738.637626986834,0.0
36758.67538062687,0.0
36778.7131342669,0.0
36798.750887906936,0.0
36818.78864154697,0.0
36838.826395187,0.0
36858.86414882704,0.0
36878.90190246707,0.0
36898.939656107104,0.0
36918.97740974714,0.0
36939.015163387165,0.0
36959.0529170272,0.0
36979.09067066723,0.0
36999.128424307266,0.0
37019.1661779473,0.0
37039.20393158733,0.0
37059.24168522737,0.0
37079.2794388674,0.0
37099.317192507435,0.0
37119.35494614747,0.0
37139.3926997875,0.0
37159.430453427536,0.0
37179.46820706757,0.0
37199.505960707604,0.0
37219.54371434764,0.0
37239.58146798767,0.0
37259.619221627705,0.0
37279.65697526774,0.0
37299.69472890777,0.0
37319.732482547806,0.0
37339.77023618784,0.0
37359.807989827874,0.0
37379.84574346791,0.0
37399.88349710794,0.0
37419.921250747975,0.0
37439.95900438801,0.0
37459.99675802804,0.0
37480.03451166808,0.0
37500.07226530811,0.0
37520.110018948144,0.0
37540.14777258818,0.0
37560.18552622821,0.0
37580.223279868245,0.0
37600.26103350828,0.0
37620.29878714831,0.0
37640.33654078835,0.0
37660.37429442838,0.0
37680.41204806841,0.0
37700.44980170844,0.0
37720.487555348474,0.0
37740.52530898851,0.0
37760.56306262854,0.0
37780.600816268576,0.0
37800.63856990861,0.0
37820.67632354864,0.0
37840.71407718868,0.0
37860.75183082871,0.0
37880.789584468745,0.0
37900.82733810878,0.0
37920.86509174881,0.0
37940.902845388846,0.0
37960.94059902888,0.0
37980.97835266891,0.0
38001.01610630895,0.0
38021.05385994898,0.0
38041.091613589015,0.0
38061.12936722905,0.0
38081.16712086908,0.0
38101.204874509116,0.0
38121.24262814915,0.0
38141.28038178918,0.0
38161.31813542922,0.0
38181.35588906925,0.0
38201.393642709285,0.0
38221.43139634932,0.0
38241.46914998935,0.0
38261.506903629386,0.0
38281.54465726942,0.0
38301.582410909454,0.0
38321.62016454949,0.0
38341.65791818952,0.0
38361.695671829555,0.0
38381.73342546959,0.0
38401.77117910962,0.0
38421.80893274965,0.0
38441.84668638968,0.0
38461.88444002972,0.0
38481.92219366975,0.0
38501.959947309784,0.0
38521.99770094982,0.0
38542.03545458985,0.0
38562.073208229885,0.0
38582.11096186992,0.0
38602.14871550995,0.0
38622.18646914999,0.0
38642.22422279002,0.0
38662.261976430054,0.0
38682.29973007009,0.0
38702.33748371012,0.0
38722.375237350156,0.0
38742.41299099019,0.0
38762.45074463022,0.0
38782.48849827026,0.0
38802.52625191029,0.0
38822.564005550325,0.0
38842.60175919036,0.0
38862.63951283039,0.0
38882.677266470426,0.0
38902.71502011046,0.0
38922.75277375049,0.0
38942.79052739053,0.0
38962.82828103056,0.0
38982.866034670595,0.0
39002.90378831063,0.0
39022.94154195066,0.0
39042.979295590696,0.0
39063.01704923073,0.0
39083.05480287076,0.0
39103.0925565108,0.0
39123.13031015083,0.0
39143.168063790865,0.0
39163.20581743089,0.0
39183.243571070925,0.0
39203.28132471096,0.0
39223.31907835099,0.0
39243.35683199103,0.0
39263.39458563106,0.0
39283.432339271094,0.0
39303.47009291113,0.0
39323.50784655116,0.0
39343.545600191195,0.0
39363.58335383123,0.0
39383.62110747126,0.0
39403.6588611113,0.0
39423.69661475133,0.0
39443.734368391364,0.0
39463.7721220314,0.0
39483.80987567143,0.0
39503.847629311465,0.0
39523.8853829515,0.0
39543.92313659153,0.0
39563.96089023157,0.0
39583.9986438716,0.0
39604.036397511634,0.0
39624.07415115167,0.0
39644.1119047917,0.0
39664.149658431736,0.0
39684.18741207177,0.0
39704.2251657118,0.0
39724.26291935184,0.0
39744.30067299187,0.0
39764.338426631904,0.0
39784.37618027194,0.0
39804.41393391197,0.0
39824.451687552006,0.0
39844.48944119204,0.0
39864.52719483207,0.0
39884.56494847211,0.0
39904.60270211214,0.0
39924.64045575217,0.0
39944.6782093922,0.0
39964.715963032235,0.0
39984.75371667227,0.0
40004.7914703123,0.0
40024.829223952336,0.0
40044.86697759237,0.0
40064.904731232404,0.0
40084.94248487244,0.0
40104.98023851247,0.0
40125.017992152505,0.0
40145.05574579254,0.0
40165.09349943257,0.0
40185.131253072606,0.0
40205.16900671264,0.0
40225.206760352674,0.0
40245.24451399271,0.0
40265.28226763274,0.0
40285.320021272775,0.0
40305.35777491281,0.0
40325.39552855284,0.0
40345.43328219288,0.0
40365.47103583291,0.0
40385.508789472944,0.0
40405.54654311298,0.0
40425.58429675301,0.0
40445.622050393045,0.0
40465.65980403308,0.0
40485.69755767311,0.0
40505.73531131315,0.0
40525.77306495318,0.0
40545.810818593214,0.0
40565.84857223325,0.0
40585.88632587328,0.0
40605.924079513316,0.0
40625.96183315335,0.0
40645.99958679338,0.0
40666.03734043341,0.0
40686.07509407344,0.0
40706.11284771348,0.0
40726.15060135351,0.0
40746.188354993545,0.0
40766.22610863358,0.0
40786.26386227361,0.0
40806.301615913646,0.0
40826.33936955368,0.0
40846.37712319371,0.0
40866.41487683375,0.0
40886.45263047378,0.0
40906.490384113815,0.0
40926.52813775385,0.0
40946.56589139388,0.0
40966.603645033916,0.0
40986.64139867395,0.0
41006.679152313984,0.0
