Energy (keV),Intensity (CPS)
-11.02363957824899,0.0
9.0144669164191,0.0
29.052573411087188,0.0
49.09067990575528,0.0
69.12878640042337,0.0
89.16689289509145,0.0
109.20499938975955,0.0
129.24310588442762,0.0
149.28121237909573,0.0
169.3193188737638,0.0
189.3574253684319,0.0
209.39553186309996,0.0
229.43363835776807,0.0
249.47174485243613,0.0
269.50985134710425,0.0
289.5479578417723,0.0
309.5860643364404,0.36532264561873234
329.62417083110853,0.0
349.6622773257766,0.0
369.7003838204447,0.0
389.73849031511276,0.0
409.77659680978087,0.0
429.8147033044489,0.0
449.85280979911704,0.0
469.89091629378515,0.0
489.9290227884532,1.095967936856197
509.96712928312127,0.7306452912374647
530.0052357777894,0.36532264561873234
550.0433422724575,0.36532264561873234
570.0814487671256,1.095967936856197
590.1195552617936,0.0
610.1576617564617,1.095967936856197
630.1957682511298,0.36532264561873234
650.233874745798,0.7306452912374647
670.2719812404661,1.4612905824749294
690.3100877351341,0.36532264561873234
710.3481942298022,0.7306452912374647
730.3863007244703,0.36532264561873234
750.4244072191384,1.8266132280936618
770.4625137138064,0.36532264561873234
790.5006202084745,0.7306452912374647
810.5387267031426,0.36532264561873234
830.5768331978107,0.36532264561873234
850.6149396924789,1.4612905824749294
870.6530461871469,0.7306452912374647
890.691152681815,1.4612905824749294
910.7292591764831,0.36532264561873234
930.7673656711512,1.095967936856197
950.8054721658193,1.095967936856197
970.8435786604873,0.7306452912374647
990.8816851551554,0.36532264561873234
1010.9197916498235,0.7306452912374647
1030.9578981444915,0.7306452912374647
1050.9960046391598,1.095967936856197
1071.0341111338278,0.7306452912374647
1091.0722176284958,0.0
1111.110324123164,1.095967936856197
1131.148430617832,0.0
1151.1865371125002,0.0
1171.2246436071682,0.0
1191.2627501018362,0.7306452912374647
1211.3008565965044,0.0
1231.3389630911724,0.0
1251.3770695858407,0.0
1271.4151760805087,0.0
1291.4532825751767,0.7306452912374647
1311.491389069845,0.7306452912374647
1331.529495564513,0.36532264561873234
1351.5676020591811,0.36532264561873234
1371.6057085538491,0.0
1391.6438150485171,0.0
1411.6819215431854,1.095967936856197
1431.7200280378534,0.7306452912374647
1451.7581345325216,0.7306452912374647
1471.7962410271896,1.4612905824749294
1491.8343475218576,2.191935873712394
1511.8724540165258,1.4612905824749294
1531.9105605111938,1.095967936856197
1551.9486670058618,0.36532264561873234
1571.98677350053,0.36532264561873234
1592.024879995198,0.0
1612.0629864898663,0.36532264561873234
1632.1010929845343,0.36532264561873234
1652.1391994792023,0.36532264561873234
1672.1773059738705,0.7306452912374647
1692.2154124685385,1.095967936856197
1712.2535189632067,1.4612905824749294
1732.2916254578747,1.095967936856197
1752.3297319525427,1.4612905824749294
1772.367838447211,1.4612905824749294
1792.405944941879,1.4612905824749294
1812.4440514365472,0.7306452912374647
1832.4821579312152,0.36532264561873234
1852.5202644258832,1.095967936856197
1872.5583709205514,0.7306452912374647
1892.5964774152194,0.36532264561873234
1912.6345839098876,1.4612905824749294
1932.6726904045556,0.36532264561873234
1952.7107968992236,0.36532264561873234
1972.7489033938919,0.36532264561873234
1992.7870098885599,0.0
2012.8251163832279,1.095967936856197
2032.863222877896,0.7306452912374647
2052.9013293725643,0.7306452912374647
2072.939435867232,0.36532264561873234
2092.9775423619003,1.095967936856197
2113.0156488565685,0.36532264561873234
2133.0537553512363,0.36532264561873234
2153.0918618459045,0.0
2173.1299683405728,0.0
2193.1680748352405,0.0
2213.2061813299088,1.095967936856197
2233.244287824577,0.7306452912374647
2253.282394319245,0.36532264561873234
2273.320500813913,0.7306452912374647
2293.358607308581,0.7306452912374647
2313.3967138032494,1.4612905824749294
2333.434820297917,1.4612905824749294
2353.4729267925854,1.095967936856197
2373.5110332872537,0.7306452912374647
2393.5491397819214,1.095967936856197
2413.5872462765897,0.7306452912374647
2433.625352771258,0.36532264561873234
2453.663459265926,1.8266132280936618
2473.701565760594,1.095967936856197
2493.739672255262,2.191935873712394
2513.7777787499303,1.095967936856197
2533.815885244598,0.36532264561873234
2553.8539917392663,0.7306452912374647
2573.8920982339346,1.8266132280936618
2593.9302047286023,2.191935873712394
2613.9683112232706,2.191935873712394
2634.006417717939,0.7306452912374647
2654.0445242126066,0.7306452912374647
2674.082630707275,0.7306452912374647
2694.120737201943,0.7306452912374647
2714.1588436966113,0.7306452912374647
2734.196950191279,0.0
2754.2350566859473,0.36532264561873234
2774.2731631806155,1.095967936856197
2794.3112696752833,1.4612905824749294
2814.3493761699515,0.36532264561873234
2834.3874826646197,0.7306452912374647
2854.4255891592875,1.095967936856197
2874.4636956539557,3.287903810568591
2894.501802148624,7.671775557993379
2914.539908643292,13.151615242274364
2934.57801513796,20.09274550903028
2954.616121632628,20.09274550903028
2974.6542281272964,20.458068154649013
2994.692334621964,15.343551115986758
3014.7304411166324,9.498388786087041
3034.7685476113006,2.9225811649498588
3054.8066541059684,2.5572585193311266
3074.8447606006366,1.095967936856197
3094.882867095305,0.7306452912374647
3114.9209735899726,1.095967936856197
3134.959080084641,0.7306452912374647
3154.997186579309,2.5572585193311266
3175.0352930739773,1.4612905824749294
3195.073399568645,4.018549101806056
3215.1115060633133,2.9225811649498588
3235.1496125579815,0.36532264561873234
3255.1877190526493,2.5572585193311266
3275.2258255473175,2.9225811649498588
3295.2639320419858,2.9225811649498588
3315.3020385366535,4.018549101806056
3335.3401450313218,0.7306452912374647
3355.37825152599,3.287903810568591
3375.416358020658,0.36532264561873234
3395.454464515326,0.36532264561873234
3415.492571009994,1.095967936856197
3435.5306775046624,1.095967936856197
3455.56878399933,1.8266132280936618
3475.6068904939984,1.095967936856197
3495.6449969886667,1.095967936856197
3515.6831034833344,0.0
3535.7212099780027,0.0
3555.759316472671,0.7306452912374647
3575.7974229673387,0.7306452912374647
3595.835529462007,2.191935873712394
3615.873635956675,2.9225811649498588
3635.9117424513433,3.6532264561873236
3655.949848946011,5.114517038662253
3675.9879554406793,3.6532264561873236
3696.0260619353476,6.21048497551845
3716.0641684300153,2.191935873712394
3736.1022749246836,3.287903810568591
3756.140381419352,1.8266132280936618
3776.1784879140196,1.095967936856197
3796.216594408688,0.7306452912374647
3816.254700903356,0.0
3836.2928073980243,0.7306452912374647
3856.330913892692,0.7306452912374647
3876.3690203873603,0.36532264561873234
3896.4071268820285,1.4612905824749294
3916.4452333766963,1.095967936856197
3936.4833398713645,0.36532264561873234
3956.5214463660327,0.7306452912374647
3976.5595528607005,0.7306452912374647
3996.5976593553687,1.4612905824749294
4016.635765850037,1.095967936856197
4036.6738723447047,1.095967936856197
4056.711978839373,0.7306452912374647
4076.750085334041,1.095967936856197
4096.788191828709,0.0
4116.826298323378,0.7306452912374647
4136.864404818046,1.095967936856197
4156.902511312714,1.095967936856197
4176.940617807382,0.0
4196.97872430205,0.0
4217.016830796718,0.36532264561873234
4237.0549372913865,0.36532264561873234
4257.093043786054,0.0
4277.131150280722,1.4612905824749294
4297.169256775391,0.7306452912374647
4317.2073632700585,0.7306452912374647
4337.245469764726,0.7306452912374647
4357.283576259395,1.095967936856197
4377.321682754063,0.7306452912374647
4397.3597892487305,1.4612905824749294
4417.397895743399,0.36532264561873234
4437.436002238067,0.0
4457.474108732736,0.7306452912374647
4477.512215227403,1.095967936856197
4497.550321722071,0.7306452912374647
4517.58842821674,1.095967936856197
4537.626534711408,0.36532264561873234
4557.664641206075,1.095967936856197
4577.702747700744,1.095967936856197
4597.740854195412,1.095967936856197
4617.77896069008,1.4612905824749294
4637.817067184748,0.36532264561873234
4657.855173679416,0.36532264561873234
4677.893280174084,0.7306452912374647
4697.931386668753,1.4612905824749294
4717.96949316342,0.36532264561873234
4738.007599658088,1.095967936856197
4758.045706152757,1.8266132280936618
4778.083812647425,0.36532264561873234
4798.121919142092,1.4612905824749294
4818.160025636761,0.36532264561873234
4838.198132131429,0.7306452912374647
4858.236238626097,0.7306452912374647
4878.274345120765,1.8266132280936618
4898.312451615433,0.0
4918.350558110102,1.8266132280936618
4938.3886646047695,0.7306452912374647
4958.426771099437,0.7306452912374647
4978.464877594106,1.095967936856197
4998.502984088774,1.4612905824749294
5018.5410905834415,2.191935873712394
5038.57919707811,1.8266132280936618
5058.617303572778,0.7306452912374647
5078.655410067446,1.095967936856197
5098.693516562114,2.5572585193311266
5118.731623056782,2.191935873712394
5138.76972955145,1.4612905824749294
5158.807836046119,2.191935873712394
5178.845942540786,3.6532264561873236
5198.884049035454,2.9225811649498588
5218.922155530123,3.287903810568591
5238.960262024791,3.287903810568591
5258.998368519458,4.383871747424788
5279.036475014127,4.7491943930435205
5299.074581508795,5.479839684280985
5319.112688003463,5.114517038662253
5339.150794498131,6.9411302667559145
5359.188900992799,6.9411302667559145
5379.227007487468,5.479839684280985
5399.2651139821355,7.671775557993379
5419.303220476803,8.402420849230843
5439.341326971472,8.037098203612112
5459.37943346614,6.9411302667559145
5479.4175399608075,6.9411302667559145
5499.455646455476,8.037098203612112
5519.493752950144,5.479839684280985
5539.531859444812,6.9411302667559145
5559.56996593948,8.037098203612112
5579.608072434148,4.383871747424788
5599.646178928816,7.671775557993379
5619.684285423485,5.479839684280985
5639.722391918152,6.575807621137182
5659.76049841282,8.402420849230843
5679.798604907489,10.95967936856197
5699.836711402157,8.767743494849576
5719.874817896824,8.402420849230843
5739.912924391493,6.9411302667559145
5759.951030886161,9.133066140468308
5779.989137380829,13.516937887893096
5800.027243875497,9.133066140468308
5820.065350370165,13.882260533511829
5840.103456864834,10.229034077324506
5860.141563359502,12.055647305418168
5880.179669854169,12.055647305418168
5900.217776348838,16.804841698461686
5920.255882843506,16.804841698461686
5940.293989338174,15.343551115986758
5960.332095832842,16.439519052842954
5980.37020232751,17.900809635317884
6000.408308822178,15.70887376160549
6020.4464153168465,14.247583179130562
6040.484521811514,17.17016434408042
6060.522628306182,15.343551115986758
6080.560734800851,19.362100217792815
6100.5988412955185,17.53548698969915
6120.636947790186,20.823390800267745
6140.675054284855,20.09274550903028
6160.713160779523,24.111294610836335
6180.7512672741905,33.24436075130464
6200.789373768859,28.495166358261123
6220.827480263527,24.476617256455068
6240.865586758195,29.22581164949859
6260.903693252863,25.572585193311266
6280.941799747531,39.08952308120436
6300.9799062422,41.28145895491676
6321.018012736868,45.30000805672281
6341.056119231535,49.31855715852887
6361.094225726204,59.547591235853375
6381.132332220872,53.33710626033492
6401.17043871554,54.067751551572385
6421.208545210208,54.43307419719112
6441.246651704876,43.83871747424788
6461.284758199544,46.76129863919774
6481.3228646942125,39.454845726823095
6501.36097118888,34.70565133377957
6521.399077683548,29.956456940736054
6541.437184178217,29.22581164949859
6561.4752906728845,33.24436075130464
6581.513397167552,26.303230484548727
6601.551503662221,31.052424877592248
6621.589610156889,29.22581164949859
6641.6277166515565,31.41774752321098
6661.665823146225,32.14839281444845
6681.703929640893,36.532264561873234
6701.742036135561,35.80161927063577
6721.780142630229,35.80161927063577
6741.818249124897,42.74274953739168
6761.856355619566,43.108072183010414
6781.894462114234,39.454845726823095
6801.932568608901,39.82016837244183
6821.97067510357,45.30000805672281
6842.008781598238,42.37742689177295
6862.046888092906,54.067751551572385
6882.084994587574,47.85726657605394
6902.123101082242,51.51049303224126
6922.16120757691,50.414525095385066
6942.199314071579,50.049202449766334
6962.237420566246,44.20404011986661
6982.275527060914,52.24113832347872
7002.313633555583,47.12662128481647
7022.351740050251,54.067751551572385
7042.389846544918,66.48872150260928
7062.427953039587,55.16371948842858
7082.466059534255,54.43307419719112
7102.504166028923,51.14517038662253
7122.542272523591,55.16371948842858
7142.580379018259,58.086300653378444
7162.618485512927,50.414525095385066
7182.6565920075955,57.72097800775971
7202.694698502263,61.37420446394703
7222.732804996932,65.75807621137182
7242.7709114916,57.35565536214098
7262.8090179862675,63.200817692040694
7282.847124480936,69.41130266755914
7302.885230975604,65.3927535657531
7322.923337470272,54.79839684280985
7342.96144396494,60.27823652709084
7362.999550459608,74.5258197062214
7383.037656954276,66.48872150260928
7403.075763448945,69.04598002194041
7423.113869943612,66.85404414822801
7443.15197643828,77.08307822555253
7463.190082932949,69.77662531317787
7483.228189427617,71.2379158956528
7503.266295922284,71.2379158956528
7523.304402416953,77.44840087117126
7543.342508911621,67.21936679384675
7563.380615406289,68.68065737632168
7583.418721900957,76.35243293431506
7603.456828395625,74.5258197062214
7623.494934890293,66.85404414822801
7643.5330413849615,70.50727060441534
7663.571147879629,70.1419479587966
7683.609254374298,75.6217876430776
7703.647360868966,72.333883832509
7723.6854673636335,75.25646499745886
7743.723573858302,82.56291790983352
7763.76168035297,82.92824055545225
7783.799786847638,81.46694997297732
7803.837893342306,85.12017642916463
7823.875999836974,84.7548537835459
7843.914106331642,90.60001611344562
7863.952212826311,88.77340288535196
7883.990319320978,84.02420849230845
7904.028425815646,94.61856521525168
7924.066532310315,96.07985579772661
7944.104638804983,115.80727866113816
7964.14274529965,121.65244099103786
7984.180851794319,136.26534681578715
8004.218958288987,158.91535084414858
8024.257064783655,159.64599613538604
8044.295171278323,167.68309433899816
8064.333277772991,150.51292999491773
8084.371384267659,136.26534681578715
8104.409490762328,153.80083380548632
8124.447597256995,122.0177636366566
8144.485703751663,102.29034077324506
8164.523810246332,97.54114638020154
8184.5619167410005,110.6927616224759
8204.600023235667,105.94356722943238
8224.638129730336,111.42340691371336
8244.676236225005,115.07663336990069
8264.714342719672,116.17260130675689
8284.75244921434,96.44517844334534
8304.790555709009,118.72985982608802
8324.828662203676,118.36453718046928
8344.866768698344,114.34598807866323
8364.904875193013,115.07663336990069
8384.94298168768,124.20969951036899
8404.981088182349,119.82582776294421
8425.019194677017,122.0177636366566
8445.057301171684,145.03309031063674
8465.095407666353,125.30566744722519
8485.133514161022,161.10728671786097
8505.171620655688,190.33309836735955
8525.209727150357,209.69519858515235
8545.247833645026,271.80004834033684
8565.285940139693,360.2081285800701
8585.324046634361,410.6226536754552
8605.36215312903,444.59765971799726
8625.400259623697,491.358958357195
8645.438366118366,480.7646016342518
8665.476472613034,457.3839523146529
8685.514579107701,401.48958753498687
8705.55268560237,330.9823169305715
8725.590792097039,244.76617256455066
8745.628898591705,226.13471763799532
8765.667005086374,179.7387416444163
8785.705111581043,167.31777169337943
8805.74321807571,152.3395432230114
8825.781324570378,156.72341497043618
8845.819431065047,146.12905824749294
8865.857537559716,156.72341497043618
8885.895644054383,166.9524490477607
8905.933750549051,173.16293402327912
8925.97185704372,159.2806734897673
8946.009963538387,168.4137396302356
8966.048070033055,162.20325465471717
8986.086176527724,142.84115443692434
9006.124283022391,149.0516394124428
9026.16238951706,161.10728671786097
9046.200496011728,165.49115846528576
9066.238602506395,160.3766414266235
9086.276709001064,170.97099814956673
9106.314815495733,161.83793200909844
9126.3529219904,158.91535084414858
9146.391028485068,176.08551518822898
9166.429134979737,167.31777169337943
9186.467241474404,154.53147909672379
9206.505347969072,173.52825666889785
9226.543454463741,165.49115846528576
9246.581560958408,176.45083783384771
9266.619667453077,177.91212841632264
9286.657773947745,168.4137396302356
9306.695880442412,162.20325465471717
9326.73398693708,172.43228873204166
9346.77209343175,168.4137396302356
9366.810199926416,188.5064851392659
9386.848306421085,161.83793200909844
9406.886412915754,192.52503424107195
9426.92451941042,179.37341899879758
9446.96262590509,190.6984210129783
9467.000732399758,200.56213244468407
9487.038838894425,196.17826069725928
9507.076945389093,213.7137476869584
9527.115051883762,222.11616853618926
9547.153158378429,232.7105252591325
9567.191264873098,245.49681785578812
9587.229371367766,245.49681785578812
9607.267477862433,234.17181584160744
9627.305584357102,222.11616853618926
9647.34369085177,209.32987593953362
9667.381797346437,208.9645532939149
9687.419903841106,209.69519858515235
9707.458010335775,193.25567953230941
9727.496116830442,196.17826069725928
9747.53422332511,181.20003222689124
9767.572329819779,173.8935793145166
9787.610436314448,197.27422863411547
9807.648542809115,182.29600016374744
9827.686649303783,198.7355192165904
9847.724755798452,193.98632482354688
9867.762862293119,206.04197212896503
9887.800968787787,188.5064851392659
9907.839075282456,180.46938693565377
9927.877181777123,195.4476154060218
9947.915288271792,192.15971159545322
9967.95339476646,208.9645532939149
9987.991501261127,190.6984210129783
10008.029607755796,194.71697011478435
10028.067714250465,193.98632482354688
10048.105820745131,196.543583342878
10068.1439272398,188.87180778488462
10088.182033734469,198.00487392535294
10108.220140229136,192.15971159545322
10128.258246723804,202.75406831839646
10148.296353218473,201.29277773592153
10168.33445971314,199.10084186220914
10188.372566207809,203.48471360963393
10208.410672702477,193.62100217792815
10228.448779197144,196.17826069725928
10248.486885691813,187.77583984802843
10268.524992186482,189.6024530761221
10288.563098681148,199.8314871534466
10308.601205175817,195.08229276040308
10328.639311670486,192.89035688669068
10348.677418165153,206.7726174202025
10368.715524659821,201.29277773592153
10388.75363115449,204.58068154649013
10408.791737649157,214.07907033257715
10428.829844143826,199.10084186220914
10448.867950638494,187.04519455679096
10468.906057133161,206.04197212896503
10488.94416362783,211.88713445886475
10508.982270122498,187.04519455679096
10529.020376617165,193.62100217792815
10549.058483111834,189.96777572174082
10569.096589606503,199.8314871534466
10589.13469610117,198.00487392535294
10609.172802595838,197.27422863411547
10629.210909090507,216.63632885190827
10649.249015585174,220.2895553080956
10669.287122079842,198.7355192165904
10689.325228574511,214.44439297819588
10709.363335069178,202.75406831839646
10729.401441563847,192.15971159545322
10749.439548058515,208.9645532939149
10769.477654553184,200.19680979906533
10789.51576104785,214.8097156238146
10809.55386754252,207.8685853570587
10829.591974037188,221.02020059933307
10849.630080531855,218.82826472562067
10869.668187026524,217.73229678876447
10889.706293521192,216.27100620628954
10909.74440001586,202.023423027159
10929.782506510528,206.40729477458376
10949.820613005197,186.3145492655535
10969.858719499864,200.9274550903028
10989.896825994532,206.40729477458376
11009.934932489201,202.38874567277773
11029.973038983868,192.15971159545322
11050.011145478536,202.023423027159
11070.049251973205,195.08229276040308
11090.087358467872,191.79438894983448
11110.12546496254,201.29277773592153
11130.16357145721,195.08229276040308
11150.201677951876,181.20003222689124
11170.239784446545,203.48471360963393
11190.277890941214,192.15971159545322
11210.31599743588,206.7726174202025
11230.35410393055,191.06374365859702
11250.392210425218,194.71697011478435
11270.430316919885,206.7726174202025
11290.468423414553,196.17826069725928
11310.506529909222,202.38874567277773
11330.544636403889,186.3145492655535
11350.582742898558,206.7726174202025
11370.620849393226,193.62100217792815
11390.658955887893,184.85325868307856
11410.697062382562,202.023423027159
11430.73516887723,196.543583342878
11450.773275371897,193.25567953230941
11470.811381866566,189.23713043050336
11490.849488361235,202.38874567277773
11510.887594855902,196.543583342878
11530.92570135057,181.20003222689124
11550.963807845239,181.20003222689124
11571.001914339906,191.79438894983448
11591.040020834575,185.94922661993476
11611.078127329243,204.94600419210886
11631.11623382391,178.27745106194138
11651.154340318579,174.25890196013532
11671.192446813247,183.0266454549849
11691.230553307916,187.04519455679096
11711.268659802583,183.39196810060363
11731.306766297252,178.6427737075601
11751.34487279192,173.52825666889785
11771.382979286587,174.62422460575405
11791.421085781256,182.29600016374744
11811.459192275925,186.3145492655535
11831.497298770591,195.4476154060218
11851.53540526526,176.08551518822898
11871.573511759929,174.25890196013532
11891.611618254596,165.8564811109045
11911.649724749264,180.46938693565377
11931.687831243933,176.08551518822898
11951.7259377386,177.91212841632264
11971.764044233269,164.7605131740483
11991.802150727937,161.4726093634797
12011.840257222604,177.5468057707039
12031.878363717273,174.62422460575405
12051.916470211941,184.1226133918411
12071.954576706608,169.14438492147306
12091.992683201277,160.74196407224224
12112.030789695946,158.1847055529111
12132.068896190613,160.74196407224224
12152.107002685281,170.24035285832926
12172.14510917995,157.45406026167365
12192.183215674617,156.35809232481745
12212.221322169285,139.55325062635575
12232.259428663954,158.91535084414858
12252.297535158621,151.97422057739266
12272.33564165329,152.3395432230114
12292.373748147958,156.72341497043618
12312.411854642625,149.0516394124428
12332.449961137294,165.49115846528576
12352.488067631963,150.147607349299
12372.52617412663,149.78228470368026
12392.564280621298,152.70486586863012
12412.602387115967,151.2435752861552
12432.640493610634,147.59034882996787
12452.678600105302,152.3395432230114
12472.716706599971,147.9556714755866
12492.754813094638,146.12905824749294
12512.792919589307,157.81938290729238
12532.831026083975,146.12905824749294
12552.869132578642,157.45406026167365
12572.90723907331,142.11050914568688
12592.94534556798,152.3395432230114
12612.983452062648,130.7855071315062
12633.021558557315,142.84115443692434
12653.059665051984,134.4387335876935
12673.097771546652,140.64921856321195
12693.13587804132,135.5347015245497
12713.173984535988,130.05486184026873
12733.212091030657,127.49760332093759
12753.250197525324,136.6306694614059
12773.288304019992,123.84437686475026
12793.32641051466,124.94034480160646
12813.364517009328,124.94034480160646
12833.402623503996,132.2467977139811
12853.440729998665,128.95889390341253
12873.478836493332,123.84437686475026
12893.516942988,110.6927616224759
12913.55504948267,129.32421654903126
12933.593155977336,121.65244099103786
12953.631262472005,121.65244099103786
12973.669368966674,120.19115040856295
12993.70747546134,118.72985982608802
13013.74558195601,119.09518247170675
13033.783688450678,115.44195601551942
13053.821794945345,109.5967936856197
13073.859901440013,109.96211633123843
13093.898007934682,120.19115040856295
13113.936114429349,112.51937485056956
13133.974220924018,112.51937485056956
13154.012327418686,112.51937485056956
13174.050433913353,106.67421252066984
13194.088540408022,99.73308225391393
13214.12664690269,97.54114638020154
13234.164753397357,92.42662934153928
13254.202859892026,95.34921050648914
13274.240966386695,105.94356722943238
13294.279072881362,94.25324256963295
13314.31717937603,90.96533875906435
13334.355285870699,92.79195198715801
13354.393392365366,80.73630468173985
13374.431498860034,100.09840489953267
13394.469605354703,93.52259727839548
13414.50771184937,94.61856521525168
13434.545818344039,80.73630468173985
13454.583924838707,84.7548537835459
13474.622031333374,78.54436880802746
13494.660137828043,72.69920647812773
13514.698244322712,82.56291790983352
13534.73635081738,83.29356320107098
13554.774457312047,62.83549504642196
13574.812563806716,73.4298517693652
13594.850670301385,62.47017240080323
13614.888776796051,66.48872150260928
13634.92688329072,64.66210827451563
13654.964989785389,64.66210827451563
13675.003096280056,56.990332716522246
13695.041202774724,67.21936679384675
13715.079309269393,56.625010070903514
13735.11741576406,53.33710626033492
13755.155522258729,55.16371948842858
13775.193628753397,58.086300653378444
13795.231735248064,50.414525095385066
13815.269841742733,53.33710626033492
13835.307948237401,52.24113832347872
13855.346054732068,54.79839684280985
13875.384161226737,47.85726657605394
13895.422267721406,47.491943930435205
13915.460374216073,42.01210424615422
13935.498480710741,43.108072183010414
13955.53658720541,41.64678160053549
13975.574693700077,46.76129863919774
13995.612800194745,37.2629098531107
14015.650906689414,40.18549101806056
14035.689013184081,46.39597599357901
14055.72711967875,35.80161927063577
14075.765226173418,35.0709739793983
14095.803332668085,40.916136309298025
14115.841439162754,32.87903810568591
14135.879545657423,35.436296625017036
14155.91765215209,28.860489003879856
14175.955758646758,35.0709739793983
14195.993865141427,23.745971965217603
14216.031971636094,25.937907838929995
14236.070078130762,24.111294610836335
14256.108184625431,22.650004028361405
14276.146291120098,19.362100217792815
14296.184397614767,17.17016434408042
14316.222504109435,17.17016434408042
14336.260610604102,19.362100217792815
14356.29871709877,22.284681382742672
14376.33682359344,20.823390800267745
14396.374930088106,15.70887376160549
14416.413036582775,15.343551115986758
14436.451143077444,14.978228470368027
14456.489249572112,13.516937887893096
14476.52735606678,11.325002014180702
14496.565462561448,11.325002014180702
14516.603569056117,13.151615242274364
14536.641675550783,11.325002014180702
14556.679782045452,9.133066140468308
14576.71788854012,8.767743494849576
14596.755995034788,9.133066140468308
14616.794101529456,5.8451623298997175
14636.832208024125,5.114517038662253
14656.870314518792,5.8451623298997175
14676.90842101346,7.306452912374647
14696.94652750813,6.9411302667559145
14716.984634002796,2.9225811649498588
14737.022740497465,5.479839684280985
14757.060846992134,5.479839684280985
14777.0989534868,5.114517038662253
14797.137059981469,2.9225811649498588
14817.175166476138,4.7491943930435205
14837.213272970805,3.6532264561873236
14857.251379465473,3.287903810568591
14877.289485960142,4.018549101806056
14897.327592454809,3.287903810568591
14917.365698949478,2.5572585193311266
14937.403805444146,2.5572585193311266
14957.441911938813,1.4612905824749294
14977.480018433482,2.191935873712394
14997.51812492815,1.095967936856197
15017.556231422817,1.095967936856197
15037.594337917486,0.36532264561873234
15057.632444412155,1.4612905824749294
15077.670550906822,1.4612905824749294
15097.70865740149,0.7306452912374647
15117.746763896159,0.36532264561873234
15137.784870390826,0.36532264561873234
15157.822976885494,0.7306452912374647
15177.861083380163,0.0
15197.89918987483,0.36532264561873234
15217.937296369499,0.7306452912374647
15237.975402864167,0.7306452912374647
15258.013509358834,1.095967936856197
15278.051615853503,0.0
15298.089722348172,0.36532264561873234
15318.127828842838,0.7306452912374647
15338.165935337507,0.0
15358.204041832176,0.0
15378.242148326844,0.36532264561873234
15398.280254821511,0.0
15418.31836131618,0.0
15438.356467810849,0.0
15458.394574305516,0.0
15478.432680800184,0.0
15498.470787294853,0.0
15518.50889378952,0.0
15538.547000284188,0.0
15558.585106778857,0.7306452912374647
15578.623213273524,0.0
15598.661319768193,0.0
15618.699426262861,0.0
15638.737532757528,0.36532264561873234
15658.775639252197,0.36532264561873234
15678.813745746866,0.36532264561873234
15698.851852241532,0.36532264561873234
15718.889958736201,0.0
15738.92806523087,0.36532264561873234
15758.966171725537,0.0
15779.004278220205,0.0
15799.042384714874,0.0
15819.080491209541,0.0
15839.11859770421,0.36532264561873234
15859.156704198878,0.36532264561873234
15879.194810693545,0.0
15899.232917188214,0.0
15919.271023682883,0.0
15939.30913017755,0.0
15959.347236672218,0.0
15979.385343166887,0.0
15999.423449661554,0.0
16019.461556156222,0.0
16039.499662650891,0.0
16059.537769145558,0.36532264561873234
16079.575875640227,0.0
16099.613982134895,0.0
16119.652088629562,0.0
16139.69019512423,0.36532264561873234
16159.7283016189,0.36532264561873234
16179.766408113566,0.0
16199.804514608235,0.36532264561873234
16219.842621102904,0.0
16239.88072759757,0.0
16259.91883409224,0.0
16279.956940586908,0.36532264561873234
16299.995047081575,0.0
16320.033153576243,0.0
16340.071260070912,0.0
16360.10936656558,0.0
16380.14747306025,0.0
16400.185579554916,0.36532264561873234
16420.223686049583,0.7306452912374647
16440.261792544254,0.36532264561873234
16460.29989903892,0.36532264561873234
16480.338005533587,0.0
16500.376112028258,0.0
16520.414218522925,0.0
16540.45232501759,0.36532264561873234
16560.490431512262,0.36532264561873234
16580.52853800693,0.0
16600.566644501596,0.0
16620.604750996266,0.36532264561873234
16640.642857490933,0.0
16660.6809639856,0.0
16680.71907048027,0.36532264561873234
16700.757176974937,0.36532264561873234
16720.795283469604,0.36532264561873234
16740.833389964275,0.0
16760.87149645894,0.0
16780.90960295361,0.36532264561873234
16800.94770944828,0.0
16820.985815942946,0.36532264561873234
16841.023922437613,0.36532264561873234
16861.062028932283,0.36532264561873234
16881.10013542695,0.36532264561873234
16901.138241921617,0.0
16921.176348416288,0.0
16941.214454910954,0.36532264561873234
16961.25256140562,0.7306452912374647
16981.29066790029,0.0
17001.32877439496,0.0
17021.366880889625,0.0
17041.404987384296,0.36532264561873234
17061.443093878963,0.0
17081.48120037363,0.36532264561873234
17101.5193068683,0.0
17121.557413362967,0.0
17141.595519857634,0.0
17161.633626352304,0.0
17181.67173284697,0.0
17201.709839341638,0.36532264561873234
17221.74794583631,0.0
17241.786052330976,0.0
17261.824158825642,0.36532264561873234
17281.862265320313,0.0
17301.90037181498,0.36532264561873234
17321.938478309647,0.0
17341.976584804317,0.36532264561873234
17362.014691298984,0.0
17382.05279779365,0.36532264561873234
17402.09090428832,1.095967936856197
17422.12901078299,0.0
17442.167117277655,0.0
17462.205223772326,0.0
17482.243330266992,0.0
17502.28143676166,0.36532264561873234
17522.31954325633,0.0
17542.357649750997,0.36532264561873234
17562.395756245664,0.36532264561873234
17582.433862740334,0.36532264561873234
17602.471969235,0.0
17622.510075729668,0.0
17642.54818222434,0.36532264561873234
17662.586288719005,0.0
17682.624395213672,0.36532264561873234
17702.662501708342,0.36532264561873234
17722.70060820301,0.0
17742.73871469768,0.0
17762.776821192347,0.0
17782.814927687014,0.36532264561873234
17802.853034181684,0.0
17822.89114067635,0.36532264561873234
17842.929247171018,0.0
17862.96735366569,0.0
17883.005460160355,0.0
17903.043566655022,0.0
17923.081673149693,0.0
17943.11977964436,0.36532264561873234
17963.157886139026,0.0
17983.195992633697,0.7306452912374647
18003.234099128364,0.36532264561873234
18023.27220562303,0.36532264561873234
18043.3103121177,0.7306452912374647
18063.348418612368,0.36532264561873234
18083.386525107035,0.0
18103.424631601705,0.0
18123.462738096372,0.0
18143.50084459104,0.0
18163.53895108571,0.0
18183.577057580376,0.36532264561873234
18203.615164075043,0.0
18223.653270569714,0.36532264561873234
18243.69137706438,0.0
18263.729483559047,0.36532264561873234
18283.767590053718,0.0
18303.805696548385,0.36532264561873234
18323.84380304305,0.36532264561873234
18343.881909537722,0.7306452912374647
18363.92001603239,0.36532264561873234
18383.958122527056,0.36532264561873234
18403.996229021726,0.0
18424.034335516393,0.36532264561873234
18444.07244201106,0.36532264561873234
18464.11054850573,0.36532264561873234
18484.148655000397,0.0
18504.186761495064,0.0
18524.224867989735,0.0
18544.2629744844,0.0
18564.30108097907,0.7306452912374647
18584.33918747374,0.36532264561873234
18604.377293968406,0.36532264561873234
18624.415400463073,0.0
18644.453506957743,0.36532264561873234
18664.49161345241,0.36532264561873234
18684.529719947077,0.0
18704.567826441747,0.7306452912374647
18724.605932936414,0.7306452912374647
18744.64403943108,0.7306452912374647
18764.68214592575,0.36532264561873234
18784.72025242042,0.0
18804.758358915085,0.0
18824.796465409756,0.36532264561873234
18844.834571904423,0.36532264561873234
18864.87267839909,0.0
18884.91078489376,0.36532264561873234
18904.948891388427,0.0
18924.986997883094,0.0
18945.025104377764,0.36532264561873234
18965.06321087243,0.36532264561873234
18985.101317367098,0.36532264561873234
19005.13942386177,0.0
19025.177530356435,0.0
19045.215636851102,0.0
19065.253743345773,0.7306452912374647
19085.29184984044,0.7306452912374647
19105.329956335107,0.0
19125.368062829777,0.7306452912374647
19145.406169324444,0.36532264561873234
19165.44427581911,0.0
19185.48238231378,0.0
19205.520488808448,1.4612905824749294
19225.558595303115,0.7306452912374647
19245.596701797785,0.0
19265.634808292452,0.36532264561873234
19285.67291478712,0.0
19305.71102128179,0.36532264561873234
19325.749127776457,0.36532264561873234
19345.787234271123,0.36532264561873234
19365.825340765794,0.36532264561873234
19385.86344726046,1.4612905824749294
19405.901553755128,0.7306452912374647
19425.939660249798,0.7306452912374647
19445.977766744465,0.36532264561873234
19466.015873239132,1.095967936856197
19486.053979733802,0.36532264561873234
19506.09208622847,0.36532264561873234
19526.130192723136,0.36532264561873234
19546.168299217807,0.7306452912374647
19566.206405712473,0.0
19586.244512207144,0.0
19606.28261870181,1.095967936856197
19626.320725196478,0.36532264561873234
19646.35883169115,0.0
19666.396938185815,0.0
19686.435044680482,0.36532264561873234
19706.473151175152,0.0
19726.51125766982,1.095967936856197
19746.549364164486,0.0
19766.587470659157,0.0
19786.625577153824,0.0
19806.66368364849,0.36532264561873234
19826.70179014316,1.4612905824749294
19846.739896637828,0.36532264561873234
19866.778003132495,0.36532264561873234
19886.816109627165,0.36532264561873234
19906.854216121832,0.36532264561873234
19926.8923226165,0.7306452912374647
19946.93042911117,0.0
19966.968535605836,0.36532264561873234
19987.006642100503,0.7306452912374647
20007.044748595174,0.36532264561873234
20027.08285508984,0.36532264561873234
20047.120961584507,0.36532264561873234
20067.159068079178,0.36532264561873234
20087.197174573845,0.36532264561873234
20107.23528106851,0.36532264561873234
20127.273387563182,0.0
20147.31149405785,1.095967936856197
20167.349600552516,0.7306452912374647
20187.387707047186,0.7306452912374647
20207.425813541853,0.36532264561873234
20227.46392003652,1.095967936856197
20247.50202653119,0.7306452912374647
20267.540133025857,0.36532264561873234
20287.578239520524,0.36532264561873234
20307.616346015195,0.0
20327.65445250986,0.0
20347.69255900453,0.0
20367.7306654992,1.095967936856197
20387.768771993866,0.0
20407.806878488533,0.0
20427.844984983203,1.095967936856197
20447.88309147787,0.0
20467.921197972537,0.0
20487.959304467207,0.36532264561873234
20507.997410961874,0.0
20528.03551745654,0.0
20548.07362395121,0.0
20568.11173044588,0.0
20588.149836940545,0.36532264561873234
20608.187943435216,1.8266132280936618
20628.226049929883,0.0
20648.26415642455,0.0
20668.30226291922,0.36532264561873234
20688.340369413887,0.36532264561873234
20708.378475908554,0.0
20728.416582403224,1.4612905824749294
20748.45468889789,0.36532264561873234
20768.492795392558,0.36532264561873234
20788.53090188723,0.7306452912374647
20808.569008381895,1.095967936856197
20828.607114876562,0.36532264561873234
20848.645221371233,0.0
20868.6833278659,0.7306452912374647
20888.721434360566,0.7306452912374647
20908.759540855237,0.36532264561873234
20928.797647349904,0.0
20948.83575384457,0.0
20968.87386033924,0.36532264561873234
20988.911966833908,0.0
21008.950073328575,0.7306452912374647
21028.988179823245,0.0
21049.026286317912,0.36532264561873234
21069.06439281258,0.36532264561873234
21089.10249930725,0.36532264561873234
21109.140605801917,0.0
21129.178712296583,0.36532264561873234
21149.216818791254,0.36532264561873234
21169.25492528592,0.36532264561873234
21189.293031780588,0.36532264561873234
21209.331138275258,0.36532264561873234
21229.369244769925,1.095967936856197
21249.407351264592,0.36532264561873234
21269.445457759262,0.36532264561873234
21289.48356425393,0.7306452912374647
21309.521670748596,0.7306452912374647
21329.559777243267,0.36532264561873234
21349.597883737933,0.36532264561873234
21369.6359902326,0.36532264561873234
21389.67409672727,0.0
21409.712203221938,0.36532264561873234
21429.750309716605,0.0
21449.788416211275,0.36532264561873234
21469.826522705942,0.36532264561873234
21489.864629200612,1.095967936856197
21509.90273569528,0.36532264561873234
21529.940842189946,0.36532264561873234
21549.978948684617,0.36532264561873234
21570.017055179283,0.36532264561873234
21590.05516167395,0.0
21610.09326816862,0.7306452912374647
21630.131374663288,1.095967936856197
21650.169481157955,0.0
21670.207587652625,0.36532264561873234
21690.245694147292,0.0
21710.28380064196,0.36532264561873234
21730.32190713663,0.7306452912374647
21750.360013631296,0.36532264561873234
21770.398120125963,0.0
21790.436226620634,0.36532264561873234
21810.4743331153,1.095967936856197
21830.512439609967,0.7306452912374647
21850.550546104638,1.095967936856197
21870.588652599305,0.36532264561873234
21890.62675909397,0.36532264561873234
21910.664865588642,0.36532264561873234
21930.70297208331,0.7306452912374647
21950.741078577976,0.36532264561873234
21970.779185072646,0.36532264561873234
21990.817291567313,0.36532264561873234
22010.85539806198,0.7306452912374647
22030.89350455665,0.0
22050.931611051317,0.0
22070.969717545984,0.36532264561873234
22091.007824040655,0.0
22111.04593053532,0.36532264561873234
22131.08403702999,0.7306452912374647
22151.12214352466,0.0
22171.160250019326,0.36532264561873234
22191.198356513993,0.0
22211.236463008663,0.0
22231.27456950333,0.0
22251.312675997997,0.36532264561873234
22271.350782492667,0.0
22291.388888987334,1.4612905824749294
22311.426995482,1.4612905824749294
22331.46510197667,0.0
22351.50320847134,0.0
22371.541314966005,0.7306452912374647
22391.579421460676,0.36532264561873234
22411.617527955343,0.36532264561873234
22431.65563445001,0.0
22451.69374094468,0.36532264561873234
22471.731847439347,0.7306452912374647
22491.769953934014,0.0
22511.808060428684,0.36532264561873234
22531.84616692335,0.0
22551.884273418018,0.36532264561873234
22571.92237991269,0.0
22591.960486407355,0.7306452912374647
22611.998592902022,0.0
22632.036699396693,0.0
22652.07480589136,0.0
22672.112912386026,0.36532264561873234
22692.151018880697,0.0
22712.189125375364,0.0
22732.22723187003,0.0
22752.2653383647,0.36532264561873234
22772.303444859368,0.0
22792.341551354035,0.36532264561873234
22812.379657848705,0.0
22832.417764343372,0.0
22852.45587083804,0.0
22872.49397733271,0.0
22892.532083827376,0.36532264561873234
22912.570190322043,0.7306452912374647
22932.608296816714,0.0
22952.64640331138,0.0
22972.684509806048,0.0
22992.722616300718,0.7306452912374647
23012.760722795385,0.0
23032.79882929005,0.0
23052.836935784722,0.36532264561873234
23072.87504227939,0.36532264561873234
23092.913148774056,0.36532264561873234
23112.951255268727,0.36532264561873234
23132.989361763393,0.0
23153.02746825806,0.0
23173.06557475273,0.36532264561873234
23193.103681247398,0.36532264561873234
23213.141787742064,0.36532264561873234
23233.179894236735,0.36532264561873234
23253.218000731402,0.0
23273.25610722607,0.36532264561873234
23293.29421372074,0.36532264561873234
23313.332320215406,0.0
23333.370426710077,0.0
23353.408533204743,0.36532264561873234
23373.44663969941,0.36532264561873234
23393.48474619408,0.7306452912374647
23413.522852688748,0.0
23433.560959183415,0.36532264561873234
23453.599065678085,0.0
23473.637172172752,0.7306452912374647
23493.67527866742,0.0
23513.71338516209,0.36532264561873234
23533.751491656756,0.0
23553.789598151423,0.36532264561873234
23573.827704646093,0.0
23593.86581114076,0.0
23613.903917635427,0.0
23633.942024130098,0.7306452912374647
23653.980130624765,0.7306452912374647
23674.01823711943,0.0
23694.056343614102,0.0
23714.09445010877,0.0
23734.132556603436,1.095967936856197
23754.170663098106,0.0
23774.208769592773,0.0
23794.24687608744,0.0
23814.28498258211,0.36532264561873234
23834.323089076777,0.36532264561873234
23854.361195571444,0.36532264561873234
23874.399302066115,0.0
23894.43740856078,0.36532264561873234
23914.47551505545,0.0
23934.51362155012,0.0
23954.551728044786,0.7306452912374647
23974.589834539453,0.36532264561873234
23994.627941034123,0.0
24014.66604752879,0.0
24034.704154023457,0.0
24054.742260518127,0.0
24074.780367012794,0.36532264561873234
24094.81847350746,0.36532264561873234
24114.85658000213,0.0
24134.8946864968,0.0
24154.932792991465,0.0
24174.970899486136,0.0
24195.009005980803,0.0
24215.04711247547,0.36532264561873234
24235.08521897014,0.0
24255.123325464807,0.36532264561873234
24275.161431959474,0.0
24295.199538454144,0.0
24315.23764494881,0.0
24335.275751443478,0.36532264561873234
24355.31385793815,0.0
24375.351964432815,0.0
24395.390070927482,0.0
24415.428177422153,0.0
24435.46628391682,0.36532264561873234
24455.504390411486,0.0
24475.542496906157,0.7306452912374647
24495.580603400824,0.0
24515.61870989549,0.0
24535.65681639016,0.36532264561873234
24555.694922884828,0.36532264561873234
24575.733029379495,0.0
24595.771135874165,0.0
24615.809242368832,0.0
24635.8473488635,0.0
24655.88545535817,0.0
24675.923561852836,0.36532264561873234
24695.961668347503,0.36532264561873234
24715.999774842174,0.0
24736.03788133684,0.0
24756.075987831508,0.36532264561873234
24776.114094326178,0.0
24796.152200820845,0.36532264561873234
24816.19030731551,0.36532264561873234
24836.228413810182,0.0
24856.26652030485,0.36532264561873234
24876.304626799516,0.0
24896.342733294186,0.0
24916.380839788853,0.36532264561873234
24936.41894628352,0.0
24956.45705277819,0.0
24976.495159272858,0.0
24996.533265767524,0.0
25016.571372262195,0.0
25036.60947875686,0.36532264561873234
25056.64758525153,0.0
25076.6856917462,0.0
25096.723798240866,0.0
25116.761904735533,0.0
25136.800011230203,0.0
25156.83811772487,0.36532264561873234
25176.87622421954,0.0
25196.914330714208,0.0
25216.952437208874,0.0
25236.990543703545,0.0
25257.028650198212,0.36532264561873234
25277.06675669288,0.0
25297.10486318755,0.36532264561873234
25317.142969682216,0.0
25337.181076176883,0.0
25357.219182671553,0.0
25377.25728916622,0.0
25397.295395660887,0.0
25417.333502155558,0.0
25437.371608650225,0.0
25457.40971514489,0.36532264561873234
25477.447821639562,0.0
25497.48592813423,0.0
25517.524034628896,0.0
25537.562141123566,0.7306452912374647
25557.600247618233,0.0
25577.6383541129,0.0
25597.67646060757,0.0
25617.714567102237,0.0
25637.752673596904,0.0
25657.790780091575,0.0
25677.82888658624,0.0
25697.86699308091,0.0
25717.90509957558,0.0
25737.943206070246,0.0
25757.981312564913,0.0
25778.019419059583,0.36532264561873234
25798.05752555425,0.0
25818.095632048917,0.0
25838.133738543587,0.0
25858.171845038254,0.0
25878.20995153292,0.0
25898.24805802759,0.0
25918.28616452226,0.0
25938.324271016925,0.0
25958.362377511596,0.0
25978.400484006263,0.0
25998.43859050093,0.0
26018.4766969956,0.0
26038.514803490267,0.0
26058.552909984934,0.0
26078.591016479604,0.36532264561873234
26098.62912297427,0.0
26118.667229468938,0.0
26138.70533596361,0.0
26158.743442458275,0.0
26178.781548952942,0.0
26198.819655447613,0.0
26218.85776194228,0.36532264561873234
26238.895868436946,0.36532264561873234
26258.933974931617,0.0
26278.972081426284,0.0
26299.01018792095,0.0
26319.04829441562,0.0
26339.086400910288,0.36532264561873234
26359.124507404955,0.0
26379.162613899625,0.0
26399.200720394292,0.0
26419.23882688896,0.0
26439.27693338363,0.0
26459.315039878296,0.0
26479.353146372963,0.0
26499.391252867634,0.0
26519.4293593623,0.0
26539.467465856967,0.0
26559.505572351638,0.0
26579.543678846305,0.0
26599.58178534097,0.0
26619.619891835642,0.0
26639.65799833031,0.0
26659.696104824976,0.0
26679.734211319646,0.0
26699.772317814313,0.0
26719.81042430898,0.0
26739.84853080365,0.0
26759.886637298318,0.0
26779.924743792984,0.0
26799.962850287655,0.36532264561873234
26820.00095678232,0.0
26840.03906327699,0.0
26860.07716977166,0.0
26880.115276266326,0.0
26900.153382760993,0.0
26920.191489255663,0.0
26940.22959575033,0.0
26960.267702244997,0.0
26980.305808739668,0.0
27000.343915234334,0.0
27020.382021729,0.0
27040.42012822367,0.0
27060.45823471834,0.0
27080.49634121301,0.0
27100.534447707676,0.0
27120.572554202343,0.36532264561873234
27140.610660697013,0.0
27160.64876719168,0.0
27180.686873686347,0.0
27200.724980181018,0.0
27220.763086675684,0.0
27240.80119317035,0.0
27260.839299665022,0.0
27280.87740615969,0.0
27300.915512654356,0.0
27320.953619149026,0.0
27340.991725643693,0.0
27361.02983213836,0.0
27381.06793863303,0.0
27401.106045127697,0.0
27421.144151622364,0.7306452912374647
27441.182258117035,0.0
27461.2203646117,0.0
27481.25847110637,0.0
27501.29657760104,0.0
27521.334684095706,0.0
27541.372790590372,0.0
27561.410897085043,0.0
27581.44900357971,0.0
27601.487110074377,0.0
27621.525216569047,0.0
27641.563323063714,0.0
27661.60142955838,0.0
27681.63953605305,0.0
27701.67764254772,0.0
27721.715749042385,0.0
27741.753855537056,0.0
27761.791962031723,0.0
27781.83006852639,0.0
27801.86817502106,0.0
27821.906281515727,0.0
27841.944388010394,0.0
27861.982494505064,0.0
27882.02060099973,0.0
27902.058707494398,0.0
27922.09681398907,0.0
27942.134920483735,0.0
27962.173026978402,0.0
27982.211133473073,0.0
28002.24923996774,0.0
28022.287346462406,0.0
28042.325452957077,0.0
28062.363559451744,0.0
28082.40166594641,0.0
28102.43977244108,0.0
28122.477878935748,0.0
28142.515985430415,0.36532264561873234
28162.554091925085,0.0
28182.592198419752,0.0
28202.63030491442,0.0
28222.66841140909,0.0
28242.706517903756,0.0
28262.744624398423,0.0
28282.782730893094,0.0
28302.82083738776,0.0
28322.858943882427,0.0
28342.897050377098,0.0
28362.935156871765,0.0
28382.97326336643,0.0
28403.011369861102,0.0
28423.04947635577,0.0
28443.087582850436,0.0
28463.125689345106,0.0
28483.163795839773,0.0
28503.20190233444,0.0
28523.24000882911,0.0
28543.278115323777,0.0
28563.316221818444,0.0
28583.354328313115,0.0
28603.39243480778,0.0
28623.43054130245,0.0
28643.46864779712,0.0
28663.506754291786,0.0
28683.544860786453,0.0
28703.582967281123,0.0
28723.62107377579,0.0
28743.659180270457,0.0
28763.697286765128,0.0
28783.735393259794,0.0
28803.77349975446,0.0
28823.81160624913,0.0
28843.8497127438,0.0
28863.887819238465,0.0
28883.925925733136,0.0
28903.964032227803,0.0
28924.002138722473,0.0
28944.04024521714,0.0
28964.078351711807,0.0
28984.116458206478,0.0
29004.154564701144,0.0
29024.19267119581,0.0
29044.23077769048,0.0
29064.26888418515,0.0
29084.306990679815,0.0
29104.345097174486,0.0
29124.383203669153,0.0
29144.42131016382,0.0
29164.45941665849,0.0
29184.497523153157,0.0
29204.535629647824,0.0
29224.573736142494,0.0
29244.61184263716,0.0
29264.649949131828,0.0
29284.6880556265,0.0
29304.726162121166,0.0
29324.764268615832,0.0
29344.802375110503,0.0
29364.84048160517,0.0
29384.878588099837,0.0
29404.916694594507,0.0
29424.954801089174,0.0
29444.99290758384,0.0
29465.03101407851,0.0
29485.06912057318,0.0
29505.107227067845,0.0
29525.145333562516,0.0
29545.183440057182,0.0
29565.22154655185,0.0
29585.25965304652,0.0
29605.297759541187,0.0
29625.335866035854,0.0
29645.373972530524,0.0
29665.41207902519,0.0
29685.450185519858,0.0
29705.48829201453,0.0
29725.526398509195,0.0
29745.564505003862,0.0
29765.602611498532,0.0
29785.6407179932,0.0
29805.678824487866,0.0
29825.716930982537,0.0
29845.755037477204,0.0
29865.79314397187,0.0
29885.83125046654,0.0
29905.869356961208,0.0
29925.907463455875,0.0
29945.945569950545,0.0
29965.983676445212,0.0
29986.02178293988,0.0
30006.05988943455,0.0
30026.097995929216,0.0
30046.136102423883,0.0
30066.174208918554,0.0
30086.21231541322,0.0
30106.250421907887,0.0
30126.288528402558,0.0
30146.326634897225,0.0
30166.36474139189,0.0
30186.402847886562,0.0
30206.44095438123,0.0
30226.479060875896,0.0
30246.517167370566,0.0
30266.555273865233,0.0
30286.5933803599,0.0
30306.63148685457,0.0
30326.669593349237,0.0
30346.707699843904,0.0
30366.745806338575,0.0
30386.78391283324,0.0
30406.82201932791,0.0
30426.86012582258,0.0
30446.898232317246,0.0
30466.936338811913,0.0
30486.974445306583,0.0
30507.01255180125,0.0
30527.050658295917,0.0
30547.088764790587,0.0
30567.126871285254,0.0
30587.16497777992,0.0
30607.20308427459,0.0
30627.24119076926,0.0
30647.279297263925,0.0
30667.317403758596,0.0
30687.355510253263,0.0
30707.39361674793,0.0
30727.4317232426,0.0
30747.469829737267,0.0
30767.507936231937,0.0
30787.546042726604,0.0
30807.58414922127,0.0
30827.62225571594,0.0
30847.66036221061,0.0
30867.698468705275,0.0
30887.736575199946,0.0
30907.774681694613,0.0
30927.81278818928,0.0
30947.85089468395,0.0
30967.889001178617,0.0
30987.927107673284,0.0
31007.965214167954,0.0
31028.00332066262,0.0
31048.041427157288,0.0
31068.07953365196,0.0
31088.117640146625,0.0
31108.155746641292,0.0
31128.193853135963,0.0
31148.23195963063,0.0
31168.270066125297,0.0
31188.308172619967,0.0
31208.346279114634,0.0
31228.3843856093,0.0
31248.42249210397,0.0
31268.460598598638,0.0
31288.498705093305,0.0
31308.536811587976,0.0
31328.574918082642,0.0
31348.61302457731,0.0
31368.65113107198,0.0
31388.689237566647,0.0
31408.727344061313,0.0
31428.765450555984,0.0
31448.80355705065,0.0
31468.841663545318,0.0
31488.87977003999,0.0
31508.917876534655,0.0
31528.955983029322,0.0
31548.994089523992,0.0
31569.03219601866,0.0
31589.070302513326,0.0
31609.108409007997,0.0
31629.146515502664,0.0
31649.18462199733,0.0
31669.222728492,0.0
31689.260834986668,0.0
31709.298941481335,0.0
31729.337047976005,0.0
31749.375154470672,0.0
31769.41326096534,0.0
31789.45136746001,0.0
31809.489473954676,0.0
31829.527580449343,0.0
31849.565686944014,0.0
31869.60379343868,0.0
31889.641899933347,0.0
31909.680006428018,0.0
31929.718112922685,0.0
31949.75621941735,0.0
31969.794325912022,0.0
31989.83243240669,0.0
32009.870538901356,0.0
32029.908645396026,0.0
32049.946751890693,0.0
32069.98485838536,0.0
32090.02296488003,0.0
32110.061071374697,0.0
32130.099177869364,0.0
32150.137284364035,0.0
32170.1753908587,0.0
32190.21349735337,0.0
32210.25160384804,0.0
32230.289710342706,0.0
32250.327816837373,0.0
32270.365923332043,0.0
32290.40402982671,0.0
32310.442136321377,0.0
32330.480242816047,0.0
32350.518349310714,0.0
32370.55645580538,0.0
32390.59456230005,0.0
32410.63266879472,0.0
32430.670775289385,0.0
32450.708881784056,0.0
32470.746988278723,0.0
32490.78509477339,0.0
32510.82320126806,0.0
32530.861307762727,0.0
32550.899414257394,0.0
32570.937520752064,0.0
32590.97562724673,0.0
32611.013733741398,0.0
32631.05184023607,0.0
32651.089946730735,0.0
32671.128053225406,0.0
32691.166159720073,0.0
32711.20426621474,0.0
32731.24237270941,0.0
32751.280479204077,0.0
32771.31858569875,0.0
32791.35669219341,0.0
32811.39479868808,0.0
32831.43290518275,0.0
32851.471011677415,0.0
32871.509118172085,0.0
32891.547224666756,0.0
32911.58533116142,0.0
32931.62343765609,0.0
32951.66154415076,0.0
32971.69965064542,0.0
32991.737757140094,0.0
33011.775863634764,0.0
33031.81397012943,0.0
33051.8520766241,0.0
33071.89018311877,0.0
33091.92828961343,0.0
33111.9663961081,0.0
33132.00450260277,0.0
33152.042609097436,0.0
33172.08071559211,0.0
33192.11882208678,0.0
33212.15692858144,0.0
33232.19503507611,0.0
33252.23314157078,0.0
33272.271248065445,0.0
33292.309354560115,0.0
33312.347461054786,0.0
33332.38556754945,0.0
33352.42367404412,0.0
33372.46178053879,0.0
33392.49988703345,0.0
33412.53799352812,0.0
33432.576100022794,0.0
33452.61420651746,0.0
33472.65231301213,0.0
33492.6904195068,0.0
33512.72852600146,0.0
33532.76663249613,0.0
33552.8047389908,0.0
33572.842845485466,0.0
33592.880951980136,0.0
33612.91905847481,0.0
33632.95716496947,0.0
33652.99527146414,0.0
33673.03337795881,0.0
33693.071484453474,0.0
33713.109590948145,0.0
33733.147697442815,0.0
33753.18580393748,0.0
33773.22391043215,0.0
33793.26201692682,0.0
33813.30012342148,0.0
33833.33822991615,0.0
33853.37633641082,0.0
33873.41444290549,0.0
33893.45254940016,0.0
33913.49065589483,0.0
33933.52876238949,0.0
33953.56686888416,0.0
33973.60497537883,0.0
33993.643081873495,0.0
34013.681188368166,0.0
34033.719294862836,0.0
34053.7574013575,0.0
34073.79550785217,0.0
34093.83361434684,0.0
34113.871720841504,0.0
34133.909827336174,0.0
34153.947933830845,0.0
34173.98604032551,0.0
34194.02414682018,0.0
34214.06225331485,0.0
34234.10035980951,0.0
34254.13846630418,0.0
34274.17657279885,0.0
34294.21467929352,0.0
34314.25278578819,0.0
34334.29089228286,0.0
34354.32899877752,0.0
34374.36710527219,0.0
34394.40521176686,0.0
34414.443318261525,0.0
34434.481424756195,0.0
34454.519531250866,0.0
34474.55763774553,0.0
34494.5957442402,0.0
34514.63385073487,0.0
34534.67195722953,0.0
34554.710063724204,0.0
34574.748170218874,0.0
34594.78627671354,0.0
34614.82438320821,0.0
34634.86248970288,0.0
34654.90059619754,0.0
34674.93870269221,0.0
34694.97680918688,0.0
34715.014915681546,0.0
34735.05302217622,0.0
34755.09112867089,0.0
34775.12923516555,0.0
34795.16734166022,0.0
34815.20544815489,0.0
34835.243554649554,0.0
34855.281661144225,0.0
34875.319767638895,0.0
34895.35787413356,0.0
34915.39598062823,0.0
34935.4340871229,0.0
34955.47219361756,0.0
34975.51030011223,0.0
34995.548406606904,0.0
35015.58651310157,0.0
35035.62461959624,0.0
35055.66272609091,0.0
35075.70083258557,0.0
35095.73893908024,0.0
35115.77704557491,0.0
35135.815152069576,0.0
35155.853258564246,0.0
35175.89136505892,0.0
35195.92947155358,0.0
35215.96757804825,0.0
35236.00568454292,0.0
35256.043791037584,0.0
35276.081897532255,0.0
35296.120004026925,0.0
35316.15811052159,0.0
35336.19621701626,0.0
35356.23432351093,0.0
35376.27243000559,0.0
35396.31053650026,0.0
35416.34864299493,0.0
35436.386749489604,0.0
35456.42485598427,0.0
35476.46296247894,0.0
35496.50106897361,0.0
35516.53917546827,0.0
35536.57728196294,0.0
35556.61538845761,0.0
35576.653494952276,0.0
35596.691601446946,0.0
35616.72970794162,0.0
35636.76781443628,0.0
35656.80592093095,0.0
35676.84402742562,0.0
35696.882133920284,0.0
35716.920240414955,0.0
35736.958346909625,0.0
35756.99645340429,0.0
35777.03455989896,0.0
35797.07266639363,0.0
35817.11077288829,0.0
35837.14887938296,0.0
35857.18698587763,0.0
35877.2250923723,0.0
35897.26319886697,0.0
35917.30130536164,0.0
35937.3394118563,0.0
35957.37751835097,0.0
35977.41562484564,0.0
35997.453731340305,0.0
36017.491837834976,0.0
36037.529944329646,0.0
36057.56805082431,0.0
36077.60615731898,0.0
36097.64426381365,0.0
36117.682370308314,0.0
36137.720476802984,0.0
36157.758583297655,0.0
36177.79668979232,0.0
36197.83479628699,0.0
36217.87290278166,0.0
36237.91100927632,0.0
36257.94911577099,0.0
36277.98722226566,0.0
36298.02532876033,0.0
36318.063435255,0.0
36338.10154174967,0.0
36358.13964824433,0.0
36378.177754739,0.0
36398.21586123367,0.0
36418.253967728335,0.0
36438.292074223005,0.0
36458.330180717676,0.0
36478.36828721234,0.0
36498.40639370701,0.0
36518.44450020168,0.0
36538.48260669634,0.0
36558.520713191014,0.0
36578.558819685684,0.0
36598.59692618035,0.0
36618.63503267502,0.0
36638.67313916969,0.0
36658.71124566435,0.0
36678.74935215902,0.0
36698.78745865369,0.0
36718.825565148356,0.0
36738.86367164303,0.0
36758.9017781377,0.0
36778.93988463236,0.0
36798.97799112703,0.0
36819.0160976217,0.0
36839.054204116364,0.0
36859.092310611035,0.0
36879.130417105705,0.0
36899.16852360037,0.0
36919.20663009504,0.0
36939.24473658971,0.0
36959.28284308437,0.0
36979.32094957904,0.0
36999.359056073714,0.0
37019.39716256838,0.0
37039.43526906305,0.0
37059.47337555772,0.0
37079.51148205238,0.0
37099.54958854705,0.0
37119.58769504172,0.0
37139.625801536386,0.0
37159.663908031056,0.0
37179.70201452573,0.0
37199.74012102039,0.0
37219.77822751506,0.0
37239.81633400973,0.0
37259.854440504394,0.0
37279.892546999065,0.0
37299.930653493735,0.0
37319.9687599884,0.0
37340.00686648307,0.0
37360.04497297774,0.0
37380.0830794724,0.0
37400.12118596707,0.0
37420.15929246174,0.0
37440.19739895641,0.0
37460.23550545108,0.0
37480.27361194575,0.0
37500.31171844041,0.0
37520.34982493508,0.0
37540.38793142975,0.0
37560.426037924415,0.0
37580.464144419086,0.0
37600.502250913756,0.0
37620.54035740842,0.0
37640.57846390309,0.0
37660.61657039776,0.0
37680.65467689242,0.0
37700.692783387094,0.0
37720.730889881765,0.0
37740.76899637643,0.0
37760.8071028711,0.0
37780.84520936577,0.0
37800.88331586043,0.0
37820.9214223551,0.0
37840.95952884977,0.0
37860.997635344436,0.0
37881.03574183911,0.0
37901.07384833378,0.0
37921.11195482844,0.0
37941.15006132311,0.0
37961.18816781778,0.0
37981.226274312445,0.0
38001.264380807115,0.0
38021.302487301786,0.0
38041.34059379645,0.0
38061.37870029112,0.0
38081.41680678579,0.0
38101.45491328045,0.0
38121.493019775124,0.0
38141.531126269794,0.0
38161.56923276446,0.0
38181.60733925913,0.0
38201.6454457538,0.0
38221.68355224846,0.0
38241.72165874313,0.0
38261.7597652378,0.0
38281.797871732466,0.0
38301.83597822714,0.0
38321.87408472181,0.0
38341.91219121647,0.0
38361.95029771114,0.0
38381.98840420581,0.0
38402.026510700474,0.0
38422.064617195145,0.0
38442.102723689815,0.0
38462.14083018448,0.0
38482.17893667915,0.0
38502.21704317382,0.0
38522.25514966848,0.0
38542.29325616315,0.0
38562.331362657824,0.0
38582.36946915249,0.0
38602.40757564716,0.0
38622.44568214183,0.0
38642.48378863649,0.0
38662.52189513116,0.0
38682.56000162583,0.0
38702.598108120495,0.0
38722.636214615166,0.0
38742.67432110984,0.0
38762.7124276045,0.0
38782.75053409917,0.0
38802.78864059384,0.0
38822.826747088504,0.0
38842.864853583174,0.0
38862.902960077845,0.0
38882.94106657251,0.0
38902.97917306718,0.0
38923.01727956185,0.0
38943.05538605651,0.0
38963.09349255118,0.0
38983.13159904585,0.0
39003.16970554052,0.0
39023.20781203519,0.0
39043.24591852986,0.0
39063.28402502452,0.0
39083.32213151919,0.0
39103.36023801386,0.0
39123.398344508525,0.0
39143.436451003196,0.0
39163.474557497866,0.0
39183.51266399254,0.0
39203.5507704872,0.0
39223.58887698187,0.0
39243.62698347654,0.0
39263.665089971204,0.0
39283.703196465874,0.0
39303.741302960545,0.0
39323.77940945521,0.0
39343.81751594988,0.0
39363.85562244455,0.0
39383.89372893921,0.0
39403.93183543388,0.0
39423.96994192855,0.0
39444.00804842322,0.0
39464.04615491789,0.0
39484.08426141256,0.0
39504.12236790722,0.0
39524.16047440189,0.0
39544.19858089656,0.0
39564.236687391225,0.0
39584.274793885896,0.0
39604.312900380566,0.0
39624.35100687523,0.0
39644.3891133699,0.0
39664.42721986457,0.0
39684.46532635923,0.0
39704.503432853904,0.0
39724.541539348575,0.0
39744.57964584324,0.0
39764.61775233791,0.0
39784.65585883258,0.0
39804.69396532724,0.0
39824.73207182191,0.0
39844.77017831658,0.0
39864.808284811246,0.0
39884.84639130592,0.0
39904.88449780059,0.0
39924.92260429525,0.0
39944.96071078992,0.0
39964.99881728459,0.0
39985.036923779255,0.0
40005.075030273925,0.0
40025.113136768596,0.0
40045.15124326326,0.0
40065.18934975793,0.0
40085.2274562526,0.0
40105.26556274726,0.0
40125.303669241934,0.0
40145.341775736604,0.0
40165.37988223127,0.0
40185.41798872594,0.0
40205.45609522061,0.0
40225.49420171527,0.0
40245.53230820994,0.0
40265.57041470461,0.0
40285.608521199276,0.0
40305.646627693946,0.0
40325.68473418862,0.0
40345.72284068328,0.0
40365.76094717795,0.0
40385.79905367262,0.0
40405.837160167284,0.0
40425.875266661955,0.0
40445.913373156625,0.0
40465.95147965129,0.0
40485.98958614596,0.0
40506.02769264063,0.0
40526.06579913529,0.0
40546.10390562996,0.0
40566.142012124634,0.0
40586.1801186193,0.0
40606.21822511397,0.0
40626.25633160864,0.0
40646.2944381033,0.0
40666.33254459797,0.0
40686.37065109264,0.0
40706.408757587305,0.0
40726.446864081976,0.0
40746.48497057665,0.0
40766.52307707131,0.0
40786.56118356598,0.0
40806.59929006065,0.0
40826.637396555314,0.0
40846.675503049984,0.0
40866.713609544655,0.0
40886.75171603932,0.0
40906.78982253399,0.0
40926.82792902866,0.0
40946.86603552332,0.0
40966.90414201799,0.0
40986.94224851266,0.0
41006.98035500733,0.0
