Energy (keV),Intensity (CPS)
-11.423063158083874,0.0
8.617937657386538,0.0
28.65893847285695,0.0
48.69993928832736,0.0
68.74094010379777,0.0
88.78194091926818,0.0
108.82294173473859,0.0
128.86394255020903,0.0
148.90494336567943,0.0
168.94594418114983,0.0
188.98694499662025,0.0
209.02794581209068,0.0
229.06894662756108,0.0
249.10994744303147,0.0
269.1509482585019,0.38679071721607594
289.1919490739723,0.0
309.2329498894427,0.0
329.2739507049131,0.38679071721607594
349.3149515203835,0.38679071721607594
369.35595233585394,1.160372151648228
389.39695315132434,1.160372151648228
409.43795396679474,1.5471628688643038
429.4789547822652,2.320744303296456
449.5199555977356,5.801860758241139
469.560956413206,4.641488606592912
489.6019572286764,4.641488606592912
509.6429580441468,6.188651475457215
529.6839588596172,5.028279323808987
549.7249596750877,11.216930799266203
569.7659604905581,12.764093668130506
589.8069613060285,11.603721516482278
609.8479621214989,7.735814344321518
629.8889629369693,11.603721516482278
649.9299637524397,10.44334936483405
669.9709645679101,11.603721516482278
690.0119653833805,16.632000840291266
710.0529661988509,13.924465819778733
730.0939670143214,9.669767930401898
750.1349678297918,10.056558647617974
770.1759686452622,14.698047254210886
790.2169694607326,14.31125653699481
810.257970276203,10.056558647617974
830.2989710916734,14.31125653699481
850.3399719071438,13.150884385346583
870.3809727226143,12.37730295091443
890.4219735380847,11.990512233698354
910.4629743535551,11.990512233698354
930.5039751690255,11.990512233698354
950.5449759844959,12.764093668130506
970.5859767999663,13.150884385346583
990.6269776154367,15.471628688643037
1010.667978430907,14.31125653699481
1030.7089792463776,11.216930799266203
1050.749980061848,8.896186495969747
1070.7909808773184,7.349023627105443
1090.8319816927888,11.603721516482278
1110.8729825082594,13.537675102562657
1130.9139833237298,12.37730295091443
1150.9549841392002,16.24521012307519
1170.9959849546706,14.31125653699481
1191.036985770141,13.924465819778733
1211.0779865856114,15.084837971426962
1231.1189874010818,13.150884385346583
1251.1599882165522,13.537675102562657
1271.2009890320226,10.830140082050127
1291.241989847493,15.471628688643037
1311.2829906629634,12.764093668130506
1331.3239914784338,12.764093668130506
1351.3649922939042,11.990512233698354
1371.4059931093745,11.216930799266203
1391.446993924845,13.537675102562657
1411.4879947403153,13.150884385346583
1431.5289955557857,16.632000840291266
1451.5699963712564,12.37730295091443
1471.6109971867268,8.896186495969747
1491.6519980021972,13.150884385346583
1511.6929988176676,13.537675102562657
1531.733999633138,10.830140082050127
1551.7750004486084,10.830140082050127
1571.8160012640787,6.188651475457215
1591.8570020795491,11.603721516482278
1611.8980028950195,8.896186495969747
1631.93900371049,12.37730295091443
1651.9800045259603,10.056558647617974
1672.0210053414307,11.603721516482278
1692.0620061569011,13.537675102562657
1712.1030069723715,15.471628688643037
1732.144007787842,12.37730295091443
1752.1850086033126,14.698047254210886
1772.226009418783,5.801860758241139
1792.2670102342533,9.669767930401898
1812.3080110497237,10.056558647617974
1832.3490118651941,15.084837971426962
1852.3900126806645,13.537675102562657
1872.431013496135,10.056558647617974
1892.4720143116053,9.669767930401898
1912.5130151270757,10.44334936483405
1932.5540159425461,11.990512233698354
1952.5950167580165,11.603721516482278
1972.636017573487,9.669767930401898
1992.6770183889573,11.603721516482278
2012.7180192044277,14.31125653699481
2032.7590200198981,11.990512233698354
2052.8000208353683,12.764093668130506
2072.8410216508387,11.990512233698354
2092.882022466309,6.575442192673291
2112.9230232817795,12.764093668130506
2132.96402409725,10.44334936483405
2153.0050249127203,9.669767930401898
2173.0460257281907,11.603721516482278
2193.087026543661,9.669767930401898
2213.1280273591315,12.37730295091443
2233.1690281746023,8.896186495969747
2253.2100289900727,7.735814344321518
2273.251029805543,9.669767930401898
2293.2920306210135,8.896186495969747
2313.333031436484,10.056558647617974
2333.3740322519543,9.669767930401898
2353.4150330674247,8.122605061537595
2373.456033882895,11.603721516482278
2393.4970346983655,9.669767930401898
2413.538035513836,8.509395778753671
2433.5790363293063,13.924465819778733
2453.6200371447767,11.603721516482278
2473.661037960247,9.669767930401898
2493.7020387757175,8.509395778753671
2513.743039591188,8.509395778753671
2533.7840404066583,13.150884385346583
2553.8250412221287,8.896186495969747
2573.866042037599,11.603721516482278
2593.9070428530695,8.122605061537595
2613.94804366854,9.282977213185823
2633.9890444840103,8.509395778753671
2654.0300452994807,7.735814344321518
2674.071046114951,8.122605061537595
2694.1120469304215,7.735814344321518
2714.153047745892,9.282977213185823
2734.1940485613623,10.44334936483405
2754.2350493768326,6.575442192673291
2774.276050192303,6.188651475457215
2794.3170510077734,6.962232909889367
2814.358051823244,9.669767930401898
2834.3990526387142,7.735814344321518
2854.4400534541846,8.122605061537595
2874.481054269655,6.962232909889367
2894.522055085126,8.896186495969747
2914.5630559005963,9.282977213185823
2934.6040567160667,10.44334936483405
2954.645057531537,7.349023627105443
2974.6860583470075,11.216930799266203
2994.727059162478,13.537675102562657
3014.7680599779483,4.2546978893768355
3034.8090607934187,6.575442192673291
3054.850061608889,7.735814344321518
3074.8910624243595,7.735814344321518
3094.93206323983,6.962232909889367
3114.9730640553003,8.509395778753671
3135.0140648707707,5.415070041025063
3155.055065686241,5.415070041025063
3175.0960665017114,6.962232909889367
3195.137067317182,6.575442192673291
3215.1780681326522,6.188651475457215
3235.2190689481226,3.0943257377286075
3255.260069763593,5.028279323808987
3275.3010705790634,5.801860758241139
3295.342071394534,5.415070041025063
3315.3830722100042,6.575442192673291
3335.4240730254746,6.575442192673291
3355.465073840945,3.867907172160759
3375.5060746564154,7.349023627105443
3395.547075471886,5.028279323808987
3415.588076287356,5.028279323808987
3435.6290771028266,6.188651475457215
3455.670077918297,4.2546978893768355
3475.7110787337674,7.349023627105443
3495.752079549238,6.575442192673291
3515.7930803647087,5.801860758241139
3535.834081180179,2.320744303296456
3555.8750819956495,3.867907172160759
3575.91608281112,6.188651475457215
3595.9570836265902,5.415070041025063
3615.9980844420606,4.641488606592912
3636.039085257531,5.028279323808987
3656.0800860730014,3.867907172160759
3676.121086888472,3.867907172160759
3696.1620877039422,3.4811164549446834
3716.2030885194126,2.7075350205125317
3736.244089334883,3.867907172160759
3756.2850901503534,3.4811164549446834
3776.326090965824,4.2546978893768355
3796.367091781294,4.2546978893768355
3816.4080925967646,5.415070041025063
3836.449093412235,4.2546978893768355
3856.4900942277054,3.0943257377286075
3876.531095043176,2.7075350205125317
3896.572095858646,2.320744303296456
3916.6130966741166,3.4811164549446834
3936.654097489587,3.4811164549446834
3956.6950983050574,3.867907172160759
3976.736099120528,2.7075350205125317
3996.777099935998,2.320744303296456
4016.8181007514686,2.7075350205125317
4036.859101566939,3.0943257377286075
4056.9001023824094,3.0943257377286075
4076.94110319788,2.7075350205125317
4096.98210401335,3.0943257377286075
4117.023104828821,1.160372151648228
4137.064105644291,1.9339535860803796
4157.105106459761,4.2546978893768355
4177.146107275232,2.320744303296456
4197.187108090702,1.5471628688643038
4217.228108906173,1.9339535860803796
4237.269109721643,1.160372151648228
4257.310110537113,1.9339535860803796
4277.351111352584,0.7735814344321519
4297.392112168054,0.7735814344321519
4317.433112983525,1.160372151648228
4337.474113798995,1.160372151648228
4357.515114614465,1.9339535860803796
4377.556115429936,2.320744303296456
4397.597116245406,2.7075350205125317
4417.6381170608765,0.7735814344321519
4437.679117876347,1.5471628688643038
4457.720118691817,1.160372151648228
4477.761119507289,0.7735814344321519
4497.802120322759,0.0
4517.843121138229,1.160372151648228
4537.8841219537,1.5471628688643038
4557.92512276917,3.0943257377286075
4577.966123584641,1.160372151648228
4598.007124400111,1.5471628688643038
4618.048125215581,1.160372151648228
4638.089126031052,1.160372151648228
4658.130126846522,0.7735814344321519
4678.171127661993,1.5471628688643038
4698.212128477463,0.7735814344321519
4718.253129292933,1.160372151648228
4738.294130108404,1.160372151648228
4758.335130923874,0.7735814344321519
4778.376131739345,1.160372151648228
4798.417132554815,1.9339535860803796
4818.458133370285,0.7735814344321519
4838.499134185756,0.38679071721607594
4858.540135001226,0.7735814344321519
4878.581135816697,1.160372151648228
4898.622136632167,1.160372151648228
4918.663137447637,0.7735814344321519
4938.704138263108,0.38679071721607594
4958.745139078578,1.9339535860803796
4978.786139894049,0.38679071721607594
4998.827140709519,1.5471628688643038
5018.868141524989,0.38679071721607594
5038.90914234046,2.7075350205125317
5058.95014315593,1.160372151648228
5078.991143971401,1.5471628688643038
5099.032144786871,0.38679071721607594
5119.073145602341,0.7735814344321519
5139.114146417812,0.38679071721607594
5159.155147233282,1.160372151648228
5179.196148048753,0.38679071721607594
5199.237148864223,0.7735814344321519
5219.278149679693,0.7735814344321519
5239.319150495164,0.7735814344321519
5259.360151310634,1.5471628688643038
5279.4011521261045,0.38679071721607594
5299.442152941575,1.160372151648228
5319.483153757045,1.160372151648228
5339.524154572516,0.7735814344321519
5359.565155387986,1.5471628688643038
5379.6061562034565,0.0
5399.647157018927,0.38679071721607594
5419.688157834397,1.160372151648228
5439.729158649868,1.9339535860803796
5459.770159465338,1.160372151648228
5479.8111602808085,0.7735814344321519
5499.852161096279,1.160372151648228
5519.893161911749,0.7735814344321519
5539.93416272722,0.7735814344321519
5559.97516354269,1.5471628688643038
5580.0161643581605,0.0
5600.057165173631,0.0
5620.098165989101,0.7735814344321519
5640.139166804572,0.7735814344321519
5660.180167620042,0.38679071721607594
5680.2211684355125,1.160372151648228
5700.262169250983,0.7735814344321519
5720.303170066453,1.160372151648228
5740.344170881924,0.7735814344321519
5760.385171697394,1.160372151648228
5780.426172512865,0.7735814344321519
5800.467173328336,0.7735814344321519
5820.508174143806,1.160372151648228
5840.549174959277,0.38679071721607594
5860.590175774747,0.38679071721607594
5880.631176590217,1.160372151648228
5900.672177405688,1.5471628688643038
5920.713178221158,1.9339535860803796
5940.754179036629,0.7735814344321519
5960.795179852099,0.38679071721607594
5980.836180667569,0.38679071721607594
6000.87718148304,0.0
6020.91818229851,0.0
6040.9591831139805,0.7735814344321519
6061.000183929451,0.38679071721607594
6081.041184744921,1.160372151648228
6101.082185560392,0.7735814344321519
6121.123186375862,0.7735814344321519
6141.1641871913325,0.7735814344321519
6161.205188006803,1.5471628688643038
6181.246188822273,0.7735814344321519
6201.287189637744,0.38679071721607594
6221.328190453214,0.38679071721607594
6241.3691912686845,0.38679071721607594
6261.410192084155,0.38679071721607594
6281.451192899625,1.5471628688643038
6301.492193715096,1.160372151648228
6321.533194530566,1.9339535860803796
6341.5741953460365,2.7075350205125317
6361.615196161507,3.0943257377286075
6381.656196976977,1.160372151648228
6401.697197792448,4.2546978893768355
6421.738198607918,1.9339535860803796
6441.7791994233885,0.7735814344321519
6461.820200238859,2.7075350205125317
6481.861201054329,0.38679071721607594
6501.9022018698,1.160372151648228
6521.94320268527,2.7075350205125317
6541.9842035007405,0.0
6562.025204316211,0.0
6582.066205131681,0.0
6602.107205947152,0.0
6622.148206762622,0.38679071721607594
6642.1892075780925,0.38679071721607594
6662.230208393563,0.38679071721607594
6682.271209209033,0.38679071721607594
6702.312210024504,0.7735814344321519
6722.353210839974,0.38679071721607594
6742.394211655444,0.38679071721607594
6762.435212470915,0.38679071721607594
6782.476213286385,0.0
6802.517214101856,0.38679071721607594
6822.558214917326,0.0
6842.599215732796,1.9339535860803796
6862.640216548267,0.38679071721607594
6882.681217363737,0.7735814344321519
6902.722218179208,0.7735814344321519
6922.763218994678,0.7735814344321519
6942.804219810148,0.38679071721607594
6962.845220625619,1.9339535860803796
6982.886221441089,0.38679071721607594
7002.92722225656,0.38679071721607594
7022.96822307203,1.9339535860803796
7043.009223887501,0.7735814344321519
7063.050224702972,0.7735814344321519
7083.091225518442,1.5471628688643038
7103.1322263339125,0.38679071721607594
7123.173227149383,0.7735814344321519
7143.214227964853,0.7735814344321519
7163.255228780324,0.38679071721607594
7183.296229595794,1.5471628688643038
7203.3372304112645,0.0
7223.378231226735,0.38679071721607594
7243.419232042205,0.7735814344321519
7263.460232857676,0.38679071721607594
7283.501233673146,0.0
7303.5422344886165,0.38679071721607594
7323.583235304087,0.7735814344321519
7343.624236119557,0.0
7363.665236935028,0.38679071721607594
7383.706237750498,0.38679071721607594
7403.7472385659685,0.0
7423.788239381439,1.160372151648228
7443.829240196909,0.0
7463.87024101238,0.38679071721607594
7483.91124182785,0.38679071721607594
7503.9522426433205,0.38679071721607594
7523.993243458791,1.160372151648228
7544.034244274261,0.7735814344321519
7564.075245089732,0.0
7584.116245905202,0.0
7604.157246720672,0.0
7624.198247536143,0.38679071721607594
7644.239248351613,1.160372151648228
7664.280249167084,1.160372151648228
7684.321249982554,1.5471628688643038
7704.362250798024,0.0
7724.403251613495,1.160372151648228
7744.444252428965,0.38679071721607594
7764.485253244436,0.38679071721607594
7784.526254059906,1.5471628688643038
7804.567254875376,1.160372151648228
7824.608255690847,1.160372151648228
7844.649256506317,0.7735814344321519
7864.690257321788,0.7735814344321519
7884.731258137258,2.7075350205125317
7904.772258952728,2.320744303296456
7924.813259768199,3.4811164549446834
7944.854260583669,5.415070041025063
7964.89526139914,10.830140082050127
7984.93626221461,10.056558647617974
8004.97726303008,12.764093668130506
8025.018263845551,15.471628688643037
8045.059264661021,18.95274514358772
8065.100265476492,15.858419405859113
8085.141266291962,11.990512233698354
8105.182267107432,10.830140082050127
8125.223267922903,8.896186495969747
8145.264268738373,5.415070041025063
8165.305269553844,3.4811164549446834
8185.346270369314,0.7735814344321519
8205.387271184785,1.5471628688643038
8225.428272000256,0.0
8245.469272815726,0.38679071721607594
8265.510273631196,0.7735814344321519
8285.551274446667,1.5471628688643038
8305.592275262137,1.5471628688643038
8325.633276077608,1.160372151648228
8345.674276893078,0.7735814344321519
8365.715277708548,0.7735814344321519
8385.756278524019,0.38679071721607594
8405.79727933949,3.4811164549446834
8425.83828015496,0.7735814344321519
8445.87928097043,0.7735814344321519
8465.9202817859,0.7735814344321519
8485.96128260137,4.2546978893768355
8506.002283416841,10.830140082050127
8526.043284232312,13.537675102562657
8546.084285047782,29.396094508421772
8566.125285863252,38.67907172160759
8586.166286678723,43.70735104541658
8606.207287494193,61.499724037356074
8626.248288309664,59.5657704512757
8646.289289125134,67.6883755128133
8666.330289940604,53.763909693034556
8686.371290756075,45.254513914280885
8706.412291571545,30.55646666007
8726.453292387016,18.17916370915557
8746.494293202486,15.858419405859113
8766.535294017956,12.37730295091443
8786.576294833427,5.415070041025063
8806.617295648897,3.4811164549446834
8826.658296464368,3.4811164549446834
8846.699297279838,4.641488606592912
8866.740298095308,2.7075350205125317
8886.781298910779,4.2546978893768355
8906.82229972625,4.641488606592912
8926.86330054172,2.7075350205125317
8946.90430135719,3.867907172160759
8966.945302172662,2.7075350205125317
8986.986302988133,2.7075350205125317
9007.027303803603,1.160372151648228
9027.068304619073,1.5471628688643038
9047.109305434544,0.7735814344321519
9067.150306250014,0.7735814344321519
9087.191307065485,0.38679071721607594
9107.232307880955,0.0
9127.273308696425,0.7735814344321519
9147.314309511896,0.38679071721607594
9167.355310327366,0.7735814344321519
9187.396311142837,0.7735814344321519
9207.437311958307,1.5471628688643038
9227.478312773777,1.5471628688643038
9247.519313589248,0.0
9267.560314404718,1.160372151648228
9287.601315220189,0.7735814344321519
9307.642316035659,0.7735814344321519
9327.68331685113,1.5471628688643038
9347.7243176666,1.160372151648228
9367.76531848207,3.4811164549446834
9387.80631929754,2.320744303296456
9407.847320113011,2.320744303296456
9427.888320928481,3.4811164549446834
9447.929321743952,5.415070041025063
9467.970322559422,4.2546978893768355
9488.011323374893,7.349023627105443
9508.052324190363,8.509395778753671
9528.093325005833,10.056558647617974
9548.134325821304,8.896186495969747
9568.175326636774,11.603721516482278
9588.216327452245,13.150884385346583
9608.257328267715,10.44334936483405
9628.298329083185,7.349023627105443
9648.339329898656,5.028279323808987
9668.380330714126,5.801860758241139
9688.421331529597,3.0943257377286075
9708.462332345067,2.320744303296456
9728.503333160537,2.320744303296456
9748.544333976008,1.160372151648228
9768.585334791478,0.7735814344321519
9788.626335606948,0.7735814344321519
9808.667336422419,0.38679071721607594
9828.70833723789,0.0
9848.74933805336,0.0
9868.79033886883,0.38679071721607594
9888.8313396843,0.38679071721607594
9908.87234049977,0.38679071721607594
9928.913341315241,0.0
9948.954342130712,0.0
9968.995342946182,0.7735814344321519
9989.036343761652,0.0
10009.077344577123,0.0
10029.118345392593,0.0
10049.159346208064,0.0
10069.200347023534,0.38679071721607594
10089.241347839004,1.160372151648228
10109.282348654475,0.38679071721607594
10129.323349469945,0.38679071721607594
10149.364350285416,0.38679071721607594
10169.405351100886,0.38679071721607594
10189.446351916356,0.0
10209.487352731827,0.38679071721607594
10229.528353547297,0.0
10249.569354362768,0.38679071721607594
10269.610355178238,0.0
10289.651355993708,0.7735814344321519
10309.692356809179,0.7735814344321519
10329.73335762465,1.160372151648228
10349.77435844012,0.7735814344321519
10369.81535925559,1.160372151648228
10389.85636007106,1.5471628688643038
10409.89736088653,0.38679071721607594
10429.938361702001,0.0
10449.979362517472,0.38679071721607594
10470.020363332942,0.7735814344321519
10490.061364148412,0.0
10510.102364963883,0.7735814344321519
10530.143365779353,1.160372151648228
10550.184366594824,1.160372151648228
10570.225367410294,1.160372151648228
10590.266368225764,3.0943257377286075
10610.307369041235,3.4811164549446834
10630.348369856705,5.415070041025063
10650.389370672176,6.188651475457215
10670.430371487646,9.282977213185823
10690.471372303116,12.764093668130506
10710.512373118587,12.37730295091443
10730.553373934057,27.848931639557467
10750.594374749528,34.811164549446836
10770.635375564998,40.99981602490405
10790.676376380468,53.37711897581848
10810.717377195939,61.11293332014
10830.75837801141,58.405398299627464
10850.79937882688,63.04688690622038
10870.84037964235,61.11293332014
10890.88138045782,40.61302530768798
10910.92238127329,36.35832741831114
10930.963382088761,27.848931639557467
10951.004382904232,22.82065231574848
10971.045383719702,7.735814344321518
10991.086384535172,9.282977213185823
11011.127385350643,4.641488606592912
11031.168386166113,2.7075350205125317
11051.209386981584,1.5471628688643038
11071.250387797054,2.320744303296456
11091.291388612524,0.38679071721607594
11111.332389427995,1.5471628688643038
11131.373390243465,0.38679071721607594
11151.414391058936,0.38679071721607594
11171.455391874406,0.7735814344321519
11191.496392689876,1.5471628688643038
11211.537393505347,1.160372151648228
11231.578394320817,1.5471628688643038
11251.619395136287,0.7735814344321519
11271.660395951758,0.38679071721607594
11291.701396767228,0.38679071721607594
11311.742397582699,0.38679071721607594
11331.783398398169,0.38679071721607594
11351.82439921364,0.0
11371.86540002911,1.160372151648228
11391.90640084458,1.160372151648228
11411.94740166005,0.38679071721607594
11431.988402475521,0.7735814344321519
11452.029403290991,1.160372151648228
11472.070404106462,0.38679071721607594
11492.111404921932,0.38679071721607594
11512.152405737403,1.160372151648228
11532.193406552873,0.7735814344321519
11552.234407368345,1.160372151648228
11572.275408183816,0.38679071721607594
11592.316408999286,1.5471628688643038
11612.357409814756,0.7735814344321519
11632.398410630227,1.5471628688643038
11652.439411445697,2.320744303296456
11672.480412261168,1.5471628688643038
11692.521413076638,0.7735814344321519
11712.562413892108,1.160372151648228
11732.603414707579,1.5471628688643038
11752.64441552305,0.7735814344321519
11772.68541633852,1.9339535860803796
11792.72641715399,1.5471628688643038
11812.76741796946,0.38679071721607594
11832.80841878493,1.160372151648228
11852.849419600401,0.38679071721607594
11872.890420415872,0.0
11892.931421231342,0.0
11912.972422046812,0.7735814344321519
11933.013422862283,0.0
11953.054423677753,1.160372151648228
11973.095424493224,1.5471628688643038
11993.136425308694,0.0
12013.177426124164,0.38679071721607594
12033.218426939635,1.160372151648228
12053.259427755105,0.38679071721607594
12073.300428570576,0.38679071721607594
12093.341429386046,0.0
12113.382430201516,0.7735814344321519
12133.423431016987,0.0
12153.464431832457,0.7735814344321519
12173.505432647928,0.7735814344321519
12193.546433463398,0.7735814344321519
12213.587434278868,0.0
12233.628435094339,0.7735814344321519
12253.66943590981,0.38679071721607594
12273.71043672528,1.5471628688643038
12293.75143754075,1.9339535860803796
12313.79243835622,1.160372151648228
12333.83343917169,1.9339535860803796
12353.874439987161,0.38679071721607594
12373.915440802632,1.160372151648228
12393.956441618102,1.160372151648228
12413.997442433572,1.9339535860803796
12434.038443249043,1.5471628688643038
12454.079444064513,1.9339535860803796
12474.120444879984,0.7735814344321519
12494.161445695454,5.028279323808987
12514.202446510924,4.2546978893768355
12534.243447326395,5.028279323808987
12554.284448141865,1.160372151648228
12574.325448957336,3.4811164549446834
12594.366449772806,4.2546978893768355
12614.407450588276,4.2546978893768355
12634.448451403747,6.188651475457215
12654.489452219217,4.2546978893768355
12674.530453034688,6.962232909889367
12694.571453850158,5.028279323808987
12714.612454665628,5.028279323808987
12734.653455481099,6.962232909889367
12754.69445629657,4.2546978893768355
12774.73545711204,4.2546978893768355
12794.77645792751,2.7075350205125317
12814.81745874298,4.2546978893768355
12834.85845955845,7.349023627105443
12854.899460373921,17.018791557507342
12874.940461189391,11.990512233698354
12894.981462004862,21.273489446884177
12915.022462820332,30.943257377286074
12935.063463635803,36.35832741831114
12955.104464451273,43.70735104541658
12975.145465266743,57.24502614797924
12995.186466082214,60.33935188570785
13015.227466897684,66.14121264394899
13035.268467713155,71.55628268497405
13055.309468528625,51.056374672522026
13075.350469344095,51.4431653897381
13095.391470159566,35.19795526666291
13115.432470975036,35.97153670109506
13135.473471790507,22.82065231574848
13155.514472605977,15.858419405859113
13175.555473421447,13.537675102562657
13195.596474236918,12.37730295091443
13215.637475052388,10.056558647617974
13235.678475867859,10.44334936483405
13255.719476683329,5.801860758241139
13275.7604774988,8.896186495969747
13295.80147831427,3.0943257377286075
13315.84247912974,5.801860758241139
13335.88347994521,3.867907172160759
13355.924480760681,3.867907172160759
13375.965481576151,2.7075350205125317
13396.006482391622,3.0943257377286075
13416.047483207092,2.7075350205125317
13436.088484022563,2.320744303296456
13456.129484838033,2.7075350205125317
13476.170485653503,1.5471628688643038
13496.211486468974,2.7075350205125317
13516.252487284444,3.0943257377286075
13536.293488099915,1.9339535860803796
13556.334488915385,0.7735814344321519
13576.375489730855,0.7735814344321519
13596.416490546326,1.160372151648228
13616.457491361796,1.160372151648228
13636.498492177267,0.7735814344321519
13656.539492992737,0.0
13676.580493808207,0.0
13696.621494623678,1.160372151648228
13716.662495439148,0.7735814344321519
13736.703496254619,0.7735814344321519
13756.744497070089,1.160372151648228
13776.78549788556,1.5471628688643038
13796.82649870103,2.320744303296456
13816.8674995165,0.38679071721607594
13836.90850033197,1.160372151648228
13856.949501147441,1.160372151648228
13876.990501962911,1.9339535860803796
13897.031502778382,0.7735814344321519
13917.072503593852,0.7735814344321519
13937.113504409323,1.9339535860803796
13957.154505224793,1.160372151648228
13977.195506040263,0.7735814344321519
13997.236506855734,1.9339535860803796
14017.277507671204,1.160372151648228
14037.318508486675,3.867907172160759
14057.359509302145,4.2546978893768355
14077.400510117615,3.4811164549446834
14097.441510933088,5.801860758241139
14117.482511748558,6.188651475457215
14137.523512564028,4.641488606592912
14157.564513379499,6.575442192673291
14177.60551419497,6.188651475457215
14197.64651501044,8.122605061537595
14217.68751582591,3.867907172160759
14237.72851664138,1.9339535860803796
14257.76951745685,2.320744303296456
14277.810518272321,2.320744303296456
14297.851519087792,0.7735814344321519
14317.892519903262,1.160372151648228
14337.933520718732,1.160372151648228
14357.974521534203,1.160372151648228
14378.015522349673,1.160372151648228
14398.056523165144,0.7735814344321519
14418.097523980614,0.38679071721607594
14438.138524796084,0.0
14458.179525611555,0.7735814344321519
14478.220526427025,1.5471628688643038
14498.261527242496,0.38679071721607594
14518.302528057966,0.7735814344321519
14538.343528873436,0.38679071721607594
14558.384529688907,1.9339535860803796
14578.425530504377,1.160372151648228
14598.466531319847,0.38679071721607594
14618.507532135318,1.160372151648228
14638.548532950788,1.160372151648228
14658.589533766259,0.38679071721607594
14678.630534581729,0.0
14698.6715353972,0.38679071721607594
14718.71253621267,0.0
14738.75353702814,0.7735814344321519
14758.79453784361,3.4811164549446834
14778.835538659081,1.9339535860803796
14798.876539474551,1.160372151648228
14818.917540290022,0.7735814344321519
14838.958541105492,1.160372151648228
14858.999541920963,0.7735814344321519
14879.040542736433,1.9339535860803796
14899.081543551903,1.160372151648228
14919.122544367374,0.7735814344321519
14939.163545182844,0.0
14959.204545998315,1.160372151648228
14979.245546813785,1.9339535860803796
14999.286547629255,3.0943257377286075
15019.327548444726,0.38679071721607594
15039.368549260196,1.9339535860803796
15059.409550075667,1.160372151648228
15079.450550891137,1.9339535860803796
15099.491551706607,6.188651475457215
15119.532552522078,3.4811164549446834
15139.573553337548,4.2546978893768355
15159.614554153019,8.122605061537595
15179.655554968489,5.415070041025063
15199.69655578396,10.44334936483405
15219.73755659943,14.698047254210886
15239.7785574149,7.349023627105443
15259.81955823037,14.31125653699481
15279.860559045841,12.764093668130506
15299.901559861311,8.122605061537595
15319.942560676782,8.122605061537595
15339.983561492252,5.415070041025063
15360.024562307723,6.962232909889367
15380.065563123193,3.4811164549446834
15400.106563938663,3.0943257377286075
15420.147564754134,5.028279323808987
15440.188565569604,2.7075350205125317
15460.229566385075,3.0943257377286075
15480.270567200545,1.9339535860803796
15500.311568016015,2.7075350205125317
15520.352568831486,2.320744303296456
15540.393569646956,5.028279323808987
15560.434570462427,5.801860758241139
15580.475571277897,8.122605061537595
15600.516572093367,5.415070041025063
15620.557572908838,5.028279323808987
15640.598573724308,11.603721516482278
15660.639574539779,6.575442192673291
15680.680575355249,12.764093668130506
15700.72157617072,12.37730295091443
15720.76257698619,14.698047254210886
15740.80357780166,12.37730295091443
15760.84457861713,12.764093668130506
15780.885579432601,14.31125653699481
15800.926580248071,12.37730295091443
15820.967581063542,10.056558647617974
15841.008581879012,7.735814344321518
15861.049582694483,8.896186495969747
15881.090583509953,5.028279323808987
15901.131584325423,3.0943257377286075
15921.172585140894,3.4811164549446834
15941.213585956364,3.0943257377286075
15961.254586771835,1.9339535860803796
15981.295587587305,2.7075350205125317
16001.336588402775,2.320744303296456
16021.377589218246,0.7735814344321519
16041.418590033716,1.9339535860803796
16061.459590849186,3.867907172160759
16081.500591664657,2.7075350205125317
16101.541592480127,5.028279323808987
16121.582593295598,2.320744303296456
16141.623594111068,1.5471628688643038
16161.664594926538,1.5471628688643038
16181.705595742009,2.7075350205125317
16201.74659655748,2.7075350205125317
16221.78759737295,2.320744303296456
16241.82859818842,3.0943257377286075
16261.86959900389,3.4811164549446834
16281.91059981936,1.9339535860803796
16301.951600634831,3.0943257377286075
16321.992601450302,4.641488606592912
16342.033602265772,4.2546978893768355
16362.074603081242,2.7075350205125317
16382.115603896713,6.962232909889367
16402.156604712185,3.867907172160759
16422.197605527654,2.320744303296456
16442.238606343126,1.9339535860803796
16462.279607158594,1.9339535860803796
16482.320607974067,3.4811164549446834
16502.361608789535,2.320744303296456
16522.402609605007,3.4811164549446834
16542.443610420476,3.0943257377286075
16562.48461123595,3.0943257377286075
16582.525612051417,5.028279323808987
16602.56661286689,3.0943257377286075
16622.607613682358,4.641488606592912
16642.64861449783,3.867907172160759
16662.6896153133,3.867907172160759
16682.73061612877,2.7075350205125317
16702.77161694424,2.7075350205125317
16722.81261775971,3.867907172160759
16742.85361857518,3.0943257377286075
16762.894619390652,3.867907172160759
16782.93562020612,3.867907172160759
16802.976621021593,3.4811164549446834
16823.01762183706,4.2546978893768355
16843.058622652534,3.0943257377286075
16863.099623468002,3.4811164549446834
16883.140624283475,4.641488606592912
16903.181625098943,3.4811164549446834
16923.222625914415,3.867907172160759
16943.263626729884,2.7075350205125317
16963.304627545356,3.867907172160759
16983.345628360825,4.641488606592912
17003.386629176297,2.320744303296456
17023.427629991766,4.2546978893768355
17043.468630807238,3.4811164549446834
17063.509631622706,3.0943257377286075
17083.55063243818,4.2546978893768355
17103.591633253647,5.415070041025063
17123.63263406912,3.4811164549446834
17143.673634884588,5.028279323808987
17163.71463570006,5.028279323808987
17183.75563651553,6.962232909889367
17203.796637331,7.349023627105443
17223.83763814647,11.603721516482278
17243.87863896194,11.603721516482278
17263.91963977741,15.471628688643037
17283.960640592883,17.018791557507342
17304.00164140835,16.24521012307519
17324.042642223823,20.8866987296681
17344.083643039292,22.04707088131633
17364.124643854764,27.075350205125314
17384.165644670233,34.037583115014684
17404.206645485705,29.396094508421772
17424.247646301174,25.528187336261013
17444.288647116646,35.58474598387899
17464.329647932114,42.160188176552275
17484.370648747587,34.424373832230756
17504.411649563055,35.58474598387899
17524.452650378527,22.433861598532406
17544.493651193996,25.528187336261013
17564.534652009468,16.24521012307519
17584.575652824937,13.924465819778733
17604.61665364041,20.11311729523595
17624.657654455877,16.24521012307519
17644.69865527135,14.698047254210886
17664.73965608682,8.122605061537595
17684.78065690229,13.924465819778733
17704.82165771776,6.962232909889367
17724.86265853323,5.028279323808987
17744.9036593487,10.830140082050127
17764.944660164172,5.801860758241139
17784.98566097964,5.801860758241139
17805.026661795113,10.830140082050127
17825.06766261058,8.896186495969747
17845.108663426054,6.188651475457215
17865.149664241522,8.896186495969747
17885.190665056994,9.669767930401898
17905.231665872463,9.669767930401898
17925.272666687935,10.056558647617974
17945.313667503407,10.056558647617974
17965.354668318876,7.735814344321518
17985.39566913435,11.603721516482278
18005.436669949817,8.122605061537595
18025.47767076529,9.282977213185823
18045.518671580758,11.603721516482278
18065.55967239623,13.150884385346583
18085.6006732117,14.698047254210886
18105.64167402717,17.018791557507342
18125.68267484264,10.830140082050127
18145.72367565811,10.056558647617974
18165.76467647358,12.764093668130506
18185.805677289052,10.44334936483405
18205.84667810452,11.990512233698354
18225.887678919993,13.150884385346583
18245.92867973546,14.31125653699481
18265.969680550934,12.37730295091443
18286.010681366402,13.150884385346583
18306.051682181875,13.150884385346583
18326.092682997343,12.764093668130506
18346.133683812815,14.698047254210886
18366.174684628284,15.084837971426962
18386.215685443756,18.95274514358772
18406.256686259225,17.018791557507342
18426.297687074697,18.565954426371647
18446.338687890166,18.95274514358772
18466.379688705638,17.018791557507342
18486.420689521106,20.11311729523595
18506.46169033658,28.235722356773543
18526.502691152047,22.82065231574848
18546.54369196752,23.59423375018063
18566.584692782988,27.46214092234139
18586.62569359846,19.726326578019872
18606.66669441393,23.59423375018063
18626.7076952294,29.396094508421772
18646.74869604487,29.78288522563785
18666.78969686034,31.716838811718226
18686.83069767581,32.103629528934306
18706.871698491283,37.51869956995937
18726.91269930675,46.02809534871304
18746.953700122223,37.51869956995937
18766.994700937692,44.86772319706481
18787.035701753164,49.50921180365772
18807.076702568633,49.89600252087379
18827.117703384105,41.7733974593362
18847.158704199574,44.86772319706481
18867.199705015046,46.02809534871304
18887.240705830514,50.28279323808987
18907.281706645987,50.28279323808987
18927.322707461455,51.056374672522026
18947.363708276927,50.669583955305946
18967.404709092396,55.31107256189886
18987.445709907868,40.2262345904719
19007.486710723337,47.18846750036126
19027.52771153881,57.24502614797924
19047.568712354278,48.348839652009495
19067.60971316975,47.18846750036126
19087.65071398522,42.546978893768355
19107.69171480069,44.86772319706481
19127.73271561616,44.86772319706481
19147.77371643163,48.73563036922557
19167.8147172471,36.35832741831114
19187.855718062572,36.745118135527214
19207.89671887804,32.49042024615038
19227.937719693513,29.396094508421772
19247.97872050898,30.169675942853925
19268.019721324454,28.235722356773543
19288.060722139922,29.78288522563785
19308.101722955395,29.396094508421772
19328.142723770863,25.91497805347709
19348.183724586335,19.339535860803796
19368.224725401804,25.141396619044937
19388.265726217276,18.565954426371647
19408.306727032745,27.46214092234139
19428.347727848217,21.660280164100254
19448.388728663685,21.273489446884177
19468.429729479158,20.8866987296681
19488.470730294626,25.528187336261013
19508.5117311101,23.59423375018063
19528.552731925567,26.68855948790924
19548.59373274104,29.396094508421772
19568.634733556508,27.075350205125314
19588.67573437198,23.207443032964555
19608.71673518745,23.207443032964555
19628.75773600292,24.367815184612784
19648.79873681839,28.235722356773543
19668.83973763386,25.528187336261013
19688.88073844933,16.632000840291266
19708.921739264802,22.433861598532406
19728.96274008027,18.95274514358772
19749.003740895743,22.04707088131633
19769.044741711212,15.084837971426962
19789.085742526684,18.17916370915557
19809.126743342153,19.339535860803796
19829.167744157625,16.632000840291266
19849.208744973093,18.17916370915557
19869.249745788566,16.24521012307519
19889.290746604034,16.24521012307519
19909.331747419506,23.981024467396708
19929.372748234975,23.59423375018063
19949.413749050447,19.726326578019872
19969.454749865916,21.273489446884177
19989.495750681388,19.726326578019872
20009.536751496857,27.075350205125314
20029.57775231233,25.141396619044937
20049.618753127797,27.075350205125314
20069.65975394327,24.75460590182886
20089.70075475874,29.78288522563785
20109.74175557421,31.716838811718226
20129.78275638968,22.433861598532406
20149.82375720515,27.075350205125314
20169.86475802062,22.04707088131633
20189.905758836092,30.943257377286074
20209.94675965156,25.91497805347709
20229.987760467033,26.68855948790924
20250.0287612825,33.26400168058253
20270.069762097974,30.943257377286074
20290.110762913442,25.141396619044937
20310.151763728914,23.207443032964555
20330.192764544383,27.848931639557467
20350.233765359855,19.339535860803796
20370.274766175324,18.95274514358772
20390.315766990796,24.367815184612784
20410.356767806265,25.141396619044937
20430.397768621737,29.009303791205696
20450.438769437205,16.24521012307519
20470.479770252678,23.59423375018063
20490.520771068146,19.339535860803796
20510.56177188362,23.981024467396708
20530.60277269909,29.396094508421772
20550.64377351456,22.433861598532406
20570.68477433003,19.726326578019872
20590.7257751455,19.726326578019872
20610.766775960972,23.981024467396708
20630.80777677644,15.084837971426962
20650.848777591913,22.04707088131633
20670.88977840738,20.11311729523595
20690.930779222854,24.367815184612784
20710.971780038322,23.207443032964555
20731.012780853795,27.075350205125314
20751.053781669263,23.207443032964555
20771.094782484735,25.528187336261013
20791.135783300204,22.04707088131633
20811.176784115676,26.68855948790924
20831.217784931145,30.943257377286074
20851.258785746617,32.87721096336646
20871.299786562086,34.037583115014684
20891.340787377558,27.075350205125314
20911.381788193026,25.528187336261013
20931.4227890085,28.235722356773543
20951.463789823967,36.35832741831114
20971.50479063944,36.745118135527214
20991.545791454908,35.58474598387899
21011.58679227038,35.97153670109506
21031.62779308585,45.254513914280885
21051.66879390132,28.235722356773543
21071.70979471679,45.254513914280885
21091.75079553226,32.87721096336646
21111.79179634773,35.97153670109506
21131.832797163202,33.650792397798604
21151.87379797867,37.51869956995937
21171.914798794143,41.7733974593362
21191.955799609612,38.29228100439152
21211.996800425084,37.51869956995937
21232.037801240553,34.037583115014684
21252.078802056025,37.90549028717544
21272.119802871493,39.06586243882367
21292.160803686966,39.452653156039744
21312.201804502434,32.49042024615038
21332.242805317906,30.169675942853925
21352.283806133375,32.49042024615038
21372.324806948847,29.396094508421772
21392.365807764316,31.33004809450215
21412.406808579788,32.87721096336646
21432.447809395257,38.67907172160759
21452.48881021073,37.131908852743294
21472.529811026197,38.67907172160759
21492.57081184167,35.19795526666291
21512.61181265714,29.009303791205696
21532.65281347261,30.169675942853925
21552.69381428808,31.716838811718226
21572.73481510355,29.78288522563785
21592.77581591902,31.716838811718226
21612.816816734492,27.848931639557467
21632.85781754996,37.131908852743294
21652.898818365433,33.650792397798604
21672.9398191809,27.075350205125314
21692.980819996374,36.35832741831114
21713.021820811842,27.848931639557467
21733.062821627314,36.745118135527214
21753.103822442783,35.58474598387899
21773.144823258255,24.75460590182886
21793.185824073724,32.49042024615038
21813.226824889196,32.49042024615038
21833.267825704665,26.68855948790924
21853.308826520137,30.55646666007
21873.349827335605,27.075350205125314
21893.390828151078,29.78288522563785
21913.431828966546,32.103629528934306
21933.47282978202,27.848931639557467
21953.513830597487,31.33004809450215
21973.55483141296,29.009303791205696
21993.595832228428,28.62251307398962
22013.6368330439,24.367815184612784
22033.67783385937,20.11311729523595
22053.71883467484,32.103629528934306
22073.75983549031,27.46214092234139
22093.80083630578,25.91497805347709
22113.84183712125,24.75460590182886
22133.882837936722,23.59423375018063
22153.92383875219,27.848931639557467
22173.964839567663,24.75460590182886
22194.00584038313,23.59423375018063
22214.046841198604,26.68855948790924
22234.087842014073,29.396094508421772
22254.128842829545,23.207443032964555
22274.169843645013,26.68855948790924
22294.210844460486,28.235722356773543
22314.251845275954,30.943257377286074
22334.292846091426,26.301768770693165
22354.333846906895,30.55646666007
22374.374847722367,23.207443032964555
22394.415848537836,30.55646666007
22414.456849353308,27.075350205125314
22434.497850168776,30.169675942853925
22454.53885098425,29.009303791205696
22474.579851799717,26.301768770693165
22494.62085261519,25.528187336261013
22514.661853430658,32.103629528934306
22534.70285424613,25.528187336261013
22554.7438550616,31.33004809450215
22574.78485587707,35.19795526666291
22594.82585669254,22.82065231574848
22614.866857508012,31.716838811718226
22634.90785832348,33.26400168058253
22654.948859138953,26.301768770693165
22674.98985995442,29.78288522563785
22695.030860769893,37.131908852743294
22715.071861585362,32.103629528934306
22735.112862400834,34.037583115014684
22755.153863216303,34.037583115014684
22775.194864031775,32.49042024615038
22795.235864847244,39.06586243882367
22815.276865662716,32.49042024615038
22835.317866478184,27.46214092234139
22855.358867293657,27.848931639557467
22875.399868109125,28.62251307398962
22895.440868924597,33.650792397798604
22915.481869740066,30.169675942853925
22935.52287055554,29.009303791205696
22955.563871371007,27.46214092234139
22975.60487218648,25.528187336261013
22995.645873001948,35.19795526666291
23015.68687381742,31.33004809450215
23035.72787463289,30.55646666007
23055.76887544836,32.49042024615038
23075.80987626383,26.301768770693165
23095.8508770793,23.59423375018063
23115.891877894774,30.169675942853925
23135.932878710242,26.68855948790924
23155.973879525714,32.103629528934306
23176.014880341183,26.301768770693165
23196.055881156655,25.141396619044937
23216.096881972124,29.396094508421772
23236.137882787596,37.131908852743294
23256.178883603065,34.037583115014684
23276.219884418537,31.716838811718226
23296.260885234005,30.169675942853925
23316.301886049478,26.301768770693165
23336.342886864946,30.169675942853925
23356.38388768042,34.037583115014684
23376.424888495887,26.301768770693165
23396.46588931136,30.169675942853925
23416.506890126828,27.075350205125314
23436.5478909423,34.424373832230756
23456.58889175777,25.91497805347709
23476.62989257324,29.78288522563785
23496.67089338871,29.78288522563785
23516.71189420418,33.26400168058253
23536.75289501965,34.811164549446836
23556.793895835122,34.424373832230756
23576.83489665059,30.943257377286074
23596.875897466063,28.62251307398962
23616.91689828153,30.55646666007
23636.957899097004,28.235722356773543
23656.998899912473,33.650792397798604
23677.039900727945,30.55646666007
23697.080901543413,24.75460590182886
23717.121902358886,36.745118135527214
23737.162903174354,31.716838811718226
23757.203903989826,30.169675942853925
23777.244904805295,36.745118135527214
23797.285905620767,27.848931639557467
23817.326906436236,25.141396619044937
23837.367907251708,29.009303791205696
23857.408908067177,35.58474598387899
23877.44990888265,28.235722356773543
23897.490909698117,32.49042024615038
23917.53191051359,27.075350205125314
23937.572911329058,37.90549028717544
23957.61391214453,30.169675942853925
23977.65491296,33.650792397798604
23997.69591377547,29.009303791205696
24017.73691459094,30.169675942853925
24037.777915406412,28.62251307398962
24057.81891622188,32.49042024615038
24077.859917037353,34.037583115014684
24097.90091785282,30.943257377286074
24117.941918668294,29.78288522563785
24137.982919483762,25.91497805347709
24158.023920299234,29.396094508421772
24178.064921114703,32.103629528934306
24198.105921930175,31.33004809450215
24218.146922745644,32.87721096336646
24238.187923561116,31.716838811718226
24258.228924376584,28.62251307398962
24278.269925192057,31.716838811718226
24298.310926007525,29.78288522563785
24318.351926822997,40.99981602490405
24338.392927638466,38.67907172160759
24358.43392845394,27.46214092234139
24378.474929269407,30.943257377286074
24398.51593008488,34.424373832230756
24418.556930900348,36.35832741831114
24438.59793171582,32.103629528934306
24458.63893253129,35.19795526666291
24478.67993334676,26.68855948790924
24498.72093416223,31.33004809450215
24518.7619349777,34.037583115014684
24538.80293579317,29.396094508421772
24558.843936608642,32.87721096336646
24578.88493742411,36.35832741831114
24598.925938239583,32.87721096336646
24618.96693905505,30.169675942853925
24639.007939870524,29.396094508421772
24659.048940685992,28.62251307398962
24679.089941501465,31.716838811718226
24699.130942316933,37.90549028717544
24719.171943132405,37.90549028717544
24739.212943947874,36.745118135527214
24759.253944763346,27.46214092234139
24779.294945578815,33.650792397798604
24799.335946394287,41.38660674212012
24819.376947209756,38.29228100439152
24839.417948025228,34.424373832230756
24859.458948840696,30.55646666007
24879.49994965617,37.131908852743294
24899.540950471637,35.58474598387899
24919.58195128711,39.839443873255824
24939.622952102578,43.70735104541658
24959.66395291805,37.51869956995937
24979.70495373352,32.49042024615038
24999.74595454899,35.58474598387899
25019.78695536446,36.35832741831114
25039.82795617993,44.09414176263266
25059.8689569954,39.06586243882367
25079.909957810873,35.97153670109506
25099.95095862634,44.86772319706481
25119.991959441813,35.19795526666291
25140.032960257282,44.86772319706481
25160.073961072754,42.160188176552275
25180.114961888223,48.348839652009495
25200.155962703695,39.839443873255824
25220.196963519164,45.254513914280885
25240.237964334636,40.99981602490405
25260.278965150104,34.811164549446836
25280.319965965577,31.716838811718226
25300.360966781045,38.67907172160759
25320.401967596517,38.67907172160759
25340.442968411986,46.02809534871304
25360.483969227458,29.78288522563785
25380.524970042927,34.811164549446836
25400.5659708584,33.26400168058253
25420.606971673868,34.811164549446836
25440.64797248934,37.51869956995937
25460.68897330481,29.78288522563785
25480.72997412028,32.103629528934306
25500.77097493575,40.99981602490405
25520.81197575122,30.169675942853925
25540.85297656669,32.49042024615038
25560.893977382162,40.2262345904719
25580.93497819763,34.811164549446836
25600.975979013103,31.33004809450215
25621.01697982857,26.301768770693165
25641.057980644044,40.61302530768798
25661.098981459516,31.33004809450215
25681.139982274985,43.70735104541658
25701.180983090457,32.103629528934306
25721.221983905925,34.037583115014684
25741.262984721398,32.87721096336646
25761.303985536866,38.29228100439152
25781.34498635234,40.61302530768798
25801.385987167807,39.06586243882367
25821.42698798328,38.29228100439152
25841.467988798748,42.160188176552275
25861.50898961422,38.29228100439152
25881.54999042969,41.38660674212012
25901.59099124516,37.131908852743294
25921.63199206063,39.839443873255824
25941.6729928761,30.943257377286074
25961.71399369157,39.452653156039744
25981.754994507042,33.650792397798604
26001.79599532251,38.29228100439152
26021.836996137983,33.650792397798604
26041.87799695345,32.87721096336646
26061.918997768924,35.19795526666291
26081.959998584392,31.33004809450215
26102.000999399865,24.75460590182886
26122.042000215333,34.037583115014684
26142.083001030805,40.61302530768798
26162.124001846274,37.131908852743294
26182.165002661746,34.811164549446836
26202.206003477215,33.26400168058253
26222.247004292687,36.745118135527214
26242.288005108156,37.51869956995937
26262.329005923628,33.26400168058253
26282.370006739096,41.7733974593362
26302.41100755457,46.02809534871304
26322.452008370037,32.49042024615038
26342.49300918551,32.87721096336646
26362.534010000978,29.78288522563785
26382.57501081645,32.49042024615038
26402.61601163192,38.29228100439152
26422.65701244739,27.848931639557467
26442.69801326286,35.97153670109506
26462.739014078332,34.811164549446836
26482.7800148938,33.26400168058253
26502.821015709273,38.29228100439152
26522.86201652474,35.19795526666291
26542.903017340213,39.839443873255824
26562.944018155682,34.811164549446836
26582.985018971154,30.943257377286074
26603.026019786623,27.075350205125314
26623.067020602095,38.29228100439152
26643.108021417564,41.38660674212012
26663.149022233036,38.29228100439152
26683.190023048504,38.29228100439152
26703.231023863977,32.87721096336646
26723.272024679445,34.424373832230756
26743.313025494917,37.131908852743294
26763.354026310386,43.70735104541658
26783.395027125858,37.90549028717544
26803.436027941327,42.160188176552275
26823.4770287568,40.2262345904719
26843.518029572268,37.131908852743294
26863.55903038774,39.839443873255824
26883.60003120321,33.650792397798604
26903.64103201868,38.67907172160759
26923.68203283415,29.78288522563785
26943.72303364962,38.67907172160759
26963.76403446509,35.97153670109506
26983.805035280562,39.839443873255824
27003.84603609603,36.745118135527214
27023.887036911503,36.745118135527214
27043.92803772697,33.650792397798604
27063.969038542444,39.839443873255824
27084.010039357912,38.67907172160759
27104.051040173385,32.49042024615038
27124.092040988853,30.943257377286074
27144.133041804325,35.19795526666291
27164.174042619794,33.650792397798604
27184.215043435266,30.55646666007
27204.256044250735,34.037583115014684
27224.297045066207,33.650792397798604
27244.338045881675,34.424373832230756
27264.379046697148,33.650792397798604
27284.420047512616,31.716838811718226
27304.46104832809,32.49042024615038
27324.502049143557,38.29228100439152
27344.54304995903,29.009303791205696
27364.584050774498,38.67907172160759
27384.62505158997,32.49042024615038
27404.66605240544,35.19795526666291
27424.70705322091,30.169675942853925
27444.74805403638,33.26400168058253
27464.78905485185,36.745118135527214
27484.83005566732,36.745118135527214
27504.871056482792,35.19795526666291
27524.91205729826,34.811164549446836
27544.953058113733,47.18846750036126
27564.994058929202,41.7733974593362
27585.035059744674,35.19795526666291
27605.076060560143,29.78288522563785
27625.117061375615,42.546978893768355
27645.158062191083,42.546978893768355
27665.199063006556,33.650792397798604
27685.240063822024,39.839443873255824
27705.281064637496,33.650792397798604
27725.322065452965,35.97153670109506
27745.363066268437,38.67907172160759
27765.404067083906,30.943257377286074
27785.445067899378,33.650792397798604
27805.486068714847,34.037583115014684
27825.52706953032,39.839443873255824
27845.568070345787,28.235722356773543
27865.60907116126,37.51869956995937
27885.65007197673,34.424373832230756
27905.6910727922,34.424373832230756
27925.73207360767,37.51869956995937
27945.77307442314,30.55646666007
27965.81407523861,40.61302530768798
27985.855076054082,37.51869956995937
28005.89607686955,35.97153670109506
28025.937077685023,24.75460590182886
28045.97807850049,32.103629528934306
28066.019079315964,39.452653156039744
28086.060080131432,37.90549028717544
28106.101080946904,33.650792397798604
28126.142081762373,39.06586243882367
28146.183082577845,34.811164549446836
28166.224083393314,37.131908852743294
28186.265084208786,30.169675942853925
28206.30608502426,33.26400168058253
28226.347085839727,29.396094508421772
28246.3880866552,35.19795526666291
28266.429087470668,29.78288522563785
28286.47008828614,35.58474598387899
28306.51108910161,30.55646666007
28326.55208991708,36.35832741831114
28346.59309073255,35.97153670109506
28366.63409154802,28.62251307398962
28386.67509236349,34.811164549446836
28406.716093178962,32.103629528934306
28426.75709399443,39.452653156039744
28446.798094809903,34.424373832230756
28466.83909562537,32.87721096336646
28486.880096440844,32.103629528934306
28506.921097256312,35.19795526666291
28526.962098071785,32.87721096336646
28547.003098887253,32.49042024615038
28567.044099702725,35.58474598387899
28587.085100518194,34.037583115014684
28607.126101333666,33.26400168058253
28627.167102149135,30.943257377286074
28647.208102964607,35.58474598387899
28667.249103780076,34.037583115014684
28687.290104595548,35.19795526666291
28707.331105411016,31.716838811718226
28727.37210622649,35.19795526666291
28747.413107041957,37.51869956995937
28767.45410785743,36.745118135527214
28787.495108672898,36.745118135527214
28807.53610948837,37.51869956995937
28827.57711030384,35.19795526666291
28847.61811111931,35.19795526666291
28867.65911193478,32.49042024615038
28887.70011275025,37.90549028717544
28907.74111356572,29.78288522563785
28927.782114381193,28.62251307398962
28947.82311519666,35.97153670109506
28967.864116012133,29.78288522563785
28987.905116827602,40.2262345904719
29007.946117643074,33.650792397798604
29027.987118458543,38.29228100439152
29048.028119274015,34.811164549446836
29068.069120089483,31.716838811718226
29088.110120904956,30.169675942853925
29108.151121720424,31.33004809450215
29128.192122535896,34.811164549446836
29148.233123351365,41.38660674212012
29168.274124166837,28.235722356773543
29188.315124982306,35.58474598387899
29208.356125797778,32.49042024615038
29228.397126613247,35.58474598387899
29248.43812742872,29.396094508421772
29268.479128244187,30.943257377286074
29288.52012905966,31.33004809450215
29308.56112987513,30.943257377286074
29328.6021306906,26.68855948790924
29348.64313150607,30.169675942853925
29368.68413232154,34.424373832230756
29388.72513313701,29.396094508421772
29408.766133952482,35.97153670109506
29428.80713476795,29.396094508421772
29448.848135583423,41.7733974593362
29468.88913639889,34.037583115014684
29488.930137214364,31.33004809450215
29508.971138029832,26.68855948790924
29529.012138845304,30.55646666007
29549.053139660773,38.29228100439152
29569.094140476245,31.33004809450215
29589.135141291714,29.396094508421772
29609.176142107186,29.396094508421772
29629.217142922655,25.141396619044937
29649.258143738127,29.396094508421772
29669.299144553595,31.33004809450215
29689.340145369068,30.169675942853925
29709.381146184536,34.424373832230756
29729.42214700001,34.424373832230756
29749.463147815477,31.716838811718226
29769.50414863095,27.46214092234139
29789.545149446418,32.49042024615038
29809.58615026189,33.26400168058253
29829.62715107736,28.62251307398962
29849.66815189283,32.87721096336646
29869.7091527083,29.78288522563785
29889.75015352377,30.169675942853925
29909.79115433924,33.26400168058253
29929.832155154712,30.943257377286074
29949.87315597018,32.87721096336646
29969.914156785653,34.037583115014684
29989.95515760112,28.235722356773543
30009.996158416594,27.46214092234139
30030.037159232063,30.169675942853925
30050.078160047535,30.55646666007
30070.119160863003,30.169675942853925
30090.160161678476,31.33004809450215
30110.201162493944,31.716838811718226
30130.242163309416,25.91497805347709
30150.283164124885,26.68855948790924
30170.324164940357,30.55646666007
30190.365165755826,33.26400168058253
30210.406166571298,28.62251307398962
30230.447167386767,29.009303791205696
30250.48816820224,32.87721096336646
30270.529169017707,30.169675942853925
30290.57016983318,21.273489446884177
30310.611170648648,34.811164549446836
30330.65217146412,29.396094508421772
30350.69317227959,27.075350205125314
30370.73417309506,28.235722356773543
30390.77517391053,36.35832741831114
30410.816174726002,34.811164549446836
30430.85717554147,26.68855948790924
30450.898176356943,30.169675942853925
30470.93917717241,30.943257377286074
30490.980177987884,27.075350205125314
30511.021178803352,30.55646666007
30531.062179618824,28.235722356773543
30551.103180434293,27.46214092234139
30571.144181249765,26.68855948790924
30591.185182065234,30.55646666007
30611.226182880706,33.650792397798604
30631.267183696174,34.037583115014684
30651.308184511647,35.58474598387899
30671.349185327115,30.169675942853925
30691.390186142587,25.91497805347709
30711.431186958056,26.68855948790924
30731.47218777353,36.745118135527214
30751.513188588997,26.301768770693165
30771.55418940447,33.650792397798604
30791.59519021994,29.78288522563785
30811.63619103541,21.273489446884177
30831.677191850882,28.235722356773543
30851.71819266635,29.396094508421772
30871.759193481823,31.716838811718226
30891.80019429729,27.848931639557467
30911.841195112764,33.26400168058253
30931.882195928232,23.207443032964555
30951.923196743704,28.62251307398962
30971.964197559173,34.037583115014684
30992.005198374645,23.981024467396708
31012.046199190114,27.075350205125314
31032.087200005586,32.87721096336646
31052.128200821055,26.68855948790924
31072.169201636527,26.301768770693165
31092.210202451995,30.55646666007
31112.251203267468,26.301768770693165
31132.292204082936,27.848931639557467
31152.33320489841,28.62251307398962
31172.374205713877,27.075350205125314
31192.41520652935,21.273489446884177
31212.456207344818,27.848931639557467
31232.49720816029,24.75460590182886
31252.53820897576,22.433861598532406
31272.57920979123,23.207443032964555
31292.6202106067,31.33004809450215
31312.66121142217,29.009303791205696
31332.70221223764,25.141396619044937
31352.743213053112,25.528187336261013
31372.78421386858,27.075350205125314
31392.825214684053,20.8866987296681
31412.86621549952,25.91497805347709
31432.907216314994,22.82065231574848
31452.948217130463,23.207443032964555
31472.989217945935,24.75460590182886
31493.030218761403,24.75460590182886
31513.071219576876,25.528187336261013
31533.112220392344,25.141396619044937
31553.153221207816,22.433861598532406
31573.194222023285,23.59423375018063
31593.235222838757,24.367815184612784
31613.276223654226,24.75460590182886
31633.317224469698,25.91497805347709
31653.358225285167,20.8866987296681
31673.39922610064,22.82065231574848
31693.440226916107,23.207443032964555
31713.48122773158,23.59423375018063
31733.522228547048,22.82065231574848
31753.56322936252,30.169675942853925
31773.60423017799,23.981024467396708
31793.64523099346,24.75460590182886
31813.68623180893,21.273489446884177
31833.727232624402,19.339535860803796
31853.76823343987,23.207443032964555
31873.809234255343,23.981024467396708
31893.85023507081,23.981024467396708
31913.891235886284,23.59423375018063
31933.932236701752,22.82065231574848
31953.973237517224,22.82065231574848
31974.014238332693,23.207443032964555
31994.055239148165,22.433861598532406
32014.096239963634,22.04707088131633
32034.137240779106,17.792372991939494
32054.178241594575,26.301768770693165
32074.219242410047,22.04707088131633
32094.260243225515,25.91497805347709
32114.301244040988,23.207443032964555
32134.342244856456,19.339535860803796
32154.38324567193,24.75460590182886
32174.424246487397,22.433861598532406
32194.46524730287,19.339535860803796
32214.506248118338,18.565954426371647
32234.54724893381,19.339535860803796
32254.58824974928,15.471628688643037
32274.62925056475,18.17916370915557
32294.67025138022,20.11311729523595
32314.71125219569,18.565954426371647
32334.75225301116,27.075350205125314
32354.793253826632,15.471628688643037
32374.8342546421,22.04707088131633
32394.875255457573,24.367815184612784
32414.91625627304,18.95274514358772
32434.957257088514,20.8866987296681
32454.998257903982,20.499908012452025
32475.039258719455,18.17916370915557
32495.080259534923,22.82065231574848
32515.121260350395,18.565954426371647
32535.162261165864,23.59423375018063
32555.203261981336,20.11311729523595
32575.244262796805,17.018791557507342
32595.285263612277,22.04707088131633
32615.326264427746,18.565954426371647
32635.367265243218,16.632000840291266
32655.408266058686,20.499908012452025
32675.44926687416,23.981024467396708
32695.490267689627,18.95274514358772
32715.5312685051,22.433861598532406
32735.572269320568,21.660280164100254
32755.61327013604,18.17916370915557
32775.654270951505,22.82065231574848
32795.69527176698,20.11311729523595
32815.73627258245,17.018791557507342
32835.777273397915,19.339535860803796
32855.81827421339,16.632000840291266
32875.85927502886,20.11311729523595
32895.90027584433,15.084837971426962
32915.941276659796,18.95274514358772
32935.98227747527,18.17916370915557
32956.02327829074,16.632000840291266
32976.06427910621,17.405582274723418
32996.10527992168,20.8866987296681
33016.14628073715,22.82065231574848
33036.18728155262,14.31125653699481
33056.228282368094,18.95274514358772
33076.26928318356,16.632000840291266
33096.31028399903,23.59423375018063
33116.351284814504,14.698047254210886
33136.392285629976,13.150884385346583
33156.43328644544,18.17916370915557
33176.47428726091,18.95274514358772
33196.515288076385,18.565954426371647
33216.55628889186,16.24521012307519
33236.59728970732,17.792372991939494
33256.638290522795,13.537675102562657
33276.67929133827,16.24521012307519
33296.72029215374,15.084837971426962
33316.761292969204,12.764093668130506
33336.802293784676,16.24521012307519
33356.84329460015,17.018791557507342
33376.88429541562,17.405582274723418
33396.92529623109,13.924465819778733
33416.96629704656,19.726326578019872
33437.00729786203,17.405582274723418
33457.0482986775,13.537675102562657
33477.089299492975,11.603721516482278
33497.13030030844,11.990512233698354
33517.17130112391,14.698047254210886
33537.212301939384,18.565954426371647
33557.253302754856,18.565954426371647
33577.29430357032,15.084837971426962
33597.33530438579,12.37730295091443
33617.376305201265,16.24521012307519
33637.41730601674,13.150884385346583
33657.4583068322,11.603721516482278
33677.499307647675,13.150884385346583
33697.54030846315,9.282977213185823
33717.58130927862,13.537675102562657
33737.622310094084,13.150884385346583
33757.66331090956,16.24521012307519
33777.70431172503,12.764093668130506
33797.7453125405,12.37730295091443
33817.786313355966,15.858419405859113
33837.82731417144,11.990512233698354
33857.86831498691,14.698047254210886
33877.90931580238,14.31125653699481
33897.95031661785,11.990512233698354
33917.99131743332,10.056558647617974
33938.03231824879,13.537675102562657
33958.073319064264,11.216930799266203
33978.11431987973,10.056558647617974
33998.1553206952,7.735814344321518
34018.19632151067,12.764093668130506
34038.237322326146,14.31125653699481
34058.27832314161,14.31125653699481
34078.31932395708,11.990512233698354
34098.360324772555,11.990512233698354
34118.40132558803,10.830140082050127
34138.44232640349,12.764093668130506
34158.483327218964,10.830140082050127
34178.52432803444,12.764093668130506
34198.56532884991,10.830140082050127
34218.606329665374,9.282977213185823
34238.647330480846,11.990512233698354
34258.68833129632,12.37730295091443
34278.72933211179,9.669767930401898
34298.770332927255,9.669767930401898
34318.81133374273,11.603721516482278
34338.8523345582,6.188651475457215
34358.89333537367,10.830140082050127
34378.93433618914,8.509395778753671
34398.97533700461,5.801860758241139
34419.01633782008,6.575442192673291
34439.05733863555,8.122605061537595
34459.09833945102,10.056558647617974
34479.13934026649,7.735814344321518
34499.18034108196,8.122605061537595
34519.221341897435,7.735814344321518
34539.2623427129,8.896186495969747
34559.30334352837,7.349023627105443
34579.344344343845,4.641488606592912
34599.38534515932,6.188651475457215
34619.42634597478,8.896186495969747
34639.467346790254,8.122605061537595
34659.508347605726,7.349023627105443
34679.5493484212,9.669767930401898
34699.59034923666,4.641488606592912
34719.631350052136,5.801860758241139
34739.67235086761,9.282977213185823
34759.71335168308,6.188651475457215
34779.754352498545,4.2546978893768355
34799.79535331402,6.188651475457215
34819.83635412949,3.4811164549446834
34839.87735494496,6.962232909889367
34859.91835576043,3.4811164549446834
34879.9593565759,2.7075350205125317
34900.00035739137,5.028279323808987
34920.04135820684,5.028279323808987
34940.08235902231,5.028279323808987
34960.12335983778,5.415070041025063
34980.16436065325,5.028279323808987
35000.205361468725,3.867907172160759
35020.24636228419,4.641488606592912
35040.28736309966,4.641488606592912
35060.328363915134,5.415070041025063
35080.369364730606,3.4811164549446834
35100.41036554607,3.867907172160759
35120.45136636154,2.320744303296456
35140.492367177016,4.641488606592912
35160.53336799249,3.0943257377286075
35180.57436880795,2.7075350205125317
35200.615369623425,4.641488606592912
35220.6563704389,3.867907172160759
35240.69737125437,1.9339535860803796
35260.738372069834,4.2546978893768355
35280.77937288531,2.7075350205125317
35300.82037370078,5.415070041025063
35320.86137451625,3.4811164549446834
35340.902375331716,3.867907172160759
35360.94337614719,2.7075350205125317
35380.98437696266,3.0943257377286075
35401.02537777813,1.9339535860803796
35421.0663785936,1.5471628688643038
35441.10737940907,1.5471628688643038
35461.14838022454,1.5471628688643038
35481.189381040014,3.867907172160759
35501.23038185548,3.867907172160759
35521.27138267095,3.4811164549446834
35541.312383486424,0.7735814344321519
35561.353384301896,2.7075350205125317
35581.39438511736,3.867907172160759
35601.43538593283,0.7735814344321519
35621.476386748305,2.320744303296456
35641.51738756378,1.9339535860803796
35661.55838837924,1.160372151648228
35681.599389194715,3.4811164549446834
35701.64039001019,3.0943257377286075
35721.68139082566,1.5471628688643038
35741.722391641124,1.9339535860803796
35761.763392456596,1.160372151648228
35781.80439327207,1.5471628688643038
35801.84539408754,2.7075350205125317
35821.886394903006,1.9339535860803796
35841.92739571848,1.160372151648228
35861.96839653395,1.160372151648228
35882.00939734942,1.160372151648228
35902.050398164894,2.7075350205125317
35922.09139898036,1.5471628688643038
35942.13239979583,2.320744303296456
35962.173400611304,1.9339535860803796
35982.214401426776,1.9339535860803796
36002.25540224224,1.5471628688643038
36022.29640305771,0.7735814344321519
36042.337403873185,1.160372151648228
36062.37840468866,1.5471628688643038
36082.41940550412,0.0
36102.460406319595,1.9339535860803796
36122.50140713507,1.5471628688643038
36142.54240795054,1.9339535860803796
36162.583408766004,0.7735814344321519
36182.624409581476,1.9339535860803796
36202.66541039695,2.320744303296456
36222.70641121242,0.38679071721607594
36242.747412027886,3.0943257377286075
36262.78841284336,0.38679071721607594
36282.82941365883,1.9339535860803796
36302.8704144743,1.9339535860803796
36322.91141528977,1.5471628688643038
36342.95241610524,1.5471628688643038
36362.99341692071,1.9339535860803796
36383.034417736184,1.160372151648228
36403.07541855165,0.7735814344321519
36423.11641936712,0.38679071721607594
36443.15742018259,1.160372151648228
36463.198420998066,0.7735814344321519
36483.23942181353,0.38679071721607594
36503.280422629,0.7735814344321519
36523.321423444475,2.320744303296456
36543.36242425995,1.160372151648228
36563.40342507541,1.5471628688643038
36583.444425890884,1.160372151648228
36603.48542670636,1.160372151648228
36623.52642752183,0.7735814344321519
36643.567428337294,0.38679071721607594
36663.608429152766,0.7735814344321519
36683.64942996824,1.160372151648228
36703.69043078371,0.0
36723.731431599175,1.160372151648228
36743.77243241465,0.38679071721607594
36763.81343323012,0.38679071721607594
36783.85443404559,0.38679071721607594
36803.89543486106,0.38679071721607594
36823.93643567653,0.0
36843.977436492,0.7735814344321519
36864.01843730747,0.0
36884.05943812294,0.7735814344321519
36904.10043893841,1.5471628688643038
36924.14143975388,1.5471628688643038
36944.182440569355,0.7735814344321519
36964.22344138482,0.0
36984.26444220029,0.7735814344321519
37004.305443015764,0.38679071721607594
37024.34644383124,0.38679071721607594
37044.3874446467,0.7735814344321519
37064.428445462174,0.38679071721607594
37084.469446277646,0.7735814344321519
37104.51044709312,0.38679071721607594
37124.55144790858,0.7735814344321519
37144.592448724055,0.38679071721607594
37164.63344953953,0.38679071721607594
37184.674450355,0.38679071721607594
37204.715451170465,1.5471628688643038
37224.75645198594,0.38679071721607594
37244.79745280141,0.7735814344321519
37264.83845361688,1.160372151648228
37284.87945443235,1.5471628688643038
37304.92045524782,0.0
37324.96145606329,0.38679071721607594
37345.00245687876,0.0
37365.04345769423,0.0
37385.0844585097,0.38679071721607594
37405.12545932517,1.160372151648228
37425.166460140645,0.0
37445.20746095611,0.0
37465.24846177158,0.7735814344321519
37485.289462587054,0.38679071721607594
37505.330463402526,1.5471628688643038
37525.37146421799,0.38679071721607594
37545.41246503346,0.0
37565.453465848936,0.38679071721607594
37585.49446666441,0.0
37605.53546747987,0.7735814344321519
37625.576468295345,1.160372151648228
37645.61746911082,0.38679071721607594
37665.65846992629,0.38679071721607594
37685.699470741754,0.0
37705.74047155723,0.38679071721607594
37725.7814723727,0.38679071721607594
37745.82247318817,0.0
37765.863474003636,0.0
37785.90447481911,0.7735814344321519
37805.94547563458,0.0
37825.98647645005,0.0
37846.02747726552,0.0
37866.06847808099,0.0
37886.10947889646,0.38679071721607594
37906.150479711934,1.160372151648228
37926.1914805274,0.38679071721607594
37946.23248134287,0.7735814344321519
37966.27348215834,0.0
37986.314482973816,0.0
38006.35548378928,0.38679071721607594
38026.39648460475,1.160372151648228
38046.437485420225,0.0
38066.4784862357,1.5471628688643038
38086.51948705116,0.38679071721607594
38106.560487866635,0.38679071721607594
38126.60148868211,1.160372151648228
38146.64248949758,0.0
38166.683490313044,0.38679071721607594
38186.724491128516,0.38679071721607594
38206.76549194399,0.38679071721607594
38226.80649275946,0.38679071721607594
38246.847493574925,0.7735814344321519
38266.8884943904,0.0
38286.92949520587,0.38679071721607594
38306.97049602134,0.7735814344321519
38327.01149683681,0.38679071721607594
38347.05249765228,0.7735814344321519
38367.09349846775,0.0
38387.134499283224,0.7735814344321519
38407.17550009869,0.7735814344321519
38427.21650091416,0.38679071721607594
38447.25750172963,0.38679071721607594
38467.298502545105,0.0
38487.33950336058,0.38679071721607594
38507.38050417604,0.0
38527.421504991515,0.0
38547.46250580699,0.38679071721607594
38567.50350662246,0.38679071721607594
38587.544507437924,0.0
38607.585508253396,0.7735814344321519
38627.62650906887,0.0
38647.66750988434,0.38679071721607594
38667.708510699806,0.38679071721607594
38687.74951151528,0.0
38707.79051233075,0.0
38727.83151314622,0.0
38747.87251396169,0.7735814344321519
38767.91351477716,0.0
38787.95451559263,0.0
38807.995516408104,0.38679071721607594
38828.03651722357,0.38679071721607594
38848.07751803904,0.0
38868.11851885451,0.38679071721607594
38888.159519669985,0.0
38908.20052048545,0.0
38928.24152130092,0.0
38948.282522116395,0.0
38968.32352293187,0.0
38988.36452374733,0.7735814344321519
39008.405524562804,0.38679071721607594
39028.44652537828,0.0
39048.48752619375,0.0
39068.52852700921,0.0
39088.569527824686,0.0
39108.61052864016,0.0
39128.65152945563,0.0
39148.692530271095,0.0
39168.73353108657,0.0
39188.77453190204,0.0
39208.81553271751,0.38679071721607594
39228.85653353298,0.0
39248.89753434845,0.7735814344321519
39268.93853516392,0.0
39288.97953597939,0.0
39309.02053679486,1.160372151648228
39329.06153761033,0.0
39349.1025384258,0.7735814344321519
39369.143539241275,0.38679071721607594
39389.18454005674,0.38679071721607594
39409.22554087221,0.0
39429.266541687684,0.0
39449.30754250316,0.0
39469.34854331862,0.38679071721607594
39489.389544134094,0.0
39509.430544949566,0.38679071721607594
39529.47154576504,0.0
39549.5125465805,0.0
39569.553547395975,0.0
39589.59454821145,0.38679071721607594
39609.63554902692,0.0
39629.676549842385,0.0
39649.71755065786,0.0
39669.75855147333,0.0
39689.7995522888,0.38679071721607594
39709.840553104266,0.0
39729.88155391974,0.0
39749.92255473521,0.0
39769.96355555068,0.0
39790.00455636615,0.0
39810.04555718162,0.0
39830.08655799709,0.0
39850.127558812565,0.0
39870.16855962803,0.0
39890.2095604435,0.0
39910.250561258974,0.0
39930.291562074446,0.0
39950.33256288991,0.0
39970.37356370538,0.38679071721607594
39990.414564520855,0.0
40010.45556533633,0.0
40030.49656615179,0.0
40050.537566967265,0.0
40070.57856778274,0.0
40090.61956859821,0.0
40110.660569413674,0.0
40130.70157022915,0.0
40150.74257104462,0.0
40170.78357186009,0.0
40190.824572675556,0.0
40210.86557349103,0.0
40230.9065743065,0.0
40250.94757512197,0.0
40270.98857593744,0.0
40291.02957675291,0.0
40311.07057756838,0.0
40331.111578383854,0.0
40351.15257919932,0.0
40371.19358001479,0.0
40391.23458083026,0.0
40411.275581645736,0.0
40431.3165824612,0.0
40451.35758327667,0.0
40471.398584092145,0.0
40491.43958490762,0.0
40511.48058572308,0.0
40531.521586538554,0.0
40551.56258735403,0.0
40571.6035881695,0.0
40591.644588984964,0.0
40611.685589800436,0.0
40631.72659061591,0.0
40651.76759143138,0.0
40671.808592246845,0.0
40691.84959306232,0.0
40711.89059387779,0.0
40731.93159469326,0.0
40751.97259550873,0.0
40772.0135963242,0.0
40792.05459713967,0.0
40812.09559795514,0.0
40832.13659877061,0.0
40852.17759958608,0.0
40872.21860040155,0.0
40892.259601217025,0.0
40912.30060203249,0.0
40932.34160284796,0.0
40952.382603663435,0.0
40972.42360447891,0.0
40992.46460529437,0.0
41012.505606109844,0.0
