Energy (keV),Intensity (CPS)
-11.714420827690711,0.0
8.32669542281633,0.0
28.367811673323374,0.0
48.40892792383041,0.0
68.45004417433745,0.0
88.4911604248445,0.0
108.53227667535153,0.0
128.5733929258586,0.0
148.61450917636563,0.0
168.65562542687266,0.0
188.69674167737972,0.0
208.73785792788675,0.0
228.77897417839378,0.0
248.82009042890084,0.0
268.86120667940787,0.0
288.9023229299149,0.0
308.94343918042193,0.42375391885872365
328.984555430929,0.0
349.025671681436,0.0
369.06678793194305,0.8475078377174473
389.1079041824501,0.42375391885872365
409.1490204329571,1.271261756576171
429.1901366834642,2.542523513152342
449.23125293397123,1.271261756576171
469.27236918447824,1.6950156754348946
489.3134854349853,2.542523513152342
509.35460168549236,3.813785269728513
529.3957179359994,4.237539188587236
549.4368341865065,5.085047026304684
569.4779504370135,1.6950156754348946
589.5190666875205,2.542523513152342
609.5601829380277,5.508800945163408
629.6012991885347,6.7800627017395785
649.6424154390417,5.508800945163408
669.6835316895488,5.085047026304684
689.7246479400558,5.932554864022131
709.7657641905628,4.66129310744596
729.8068804410699,6.356308782880855
749.8479966915769,5.508800945163408
769.8891129420839,5.932554864022131
789.930229192591,4.66129310744596
809.971345443098,6.356308782880855
830.012461693605,4.66129310744596
850.0535779441121,5.508800945163408
870.0946941946191,8.475078377174473
890.1358104451261,5.085047026304684
910.1769266956333,5.085047026304684
930.2180429461403,8.898832296033197
950.2591591966473,5.508800945163408
970.3002754471544,7.203816620598302
990.3413916976614,5.932554864022131
1010.3825079481685,8.051324458315749
1030.4236241986755,4.237539188587236
1050.4647404491825,5.085047026304684
1070.5058566996895,3.813785269728513
1090.5469729501965,7.203816620598302
1110.5880892007037,5.085047026304684
1130.6292054512107,6.356308782880855
1150.6703217017177,5.932554864022131
1170.7114379522247,5.085047026304684
1190.7525542027317,4.237539188587236
1210.7936704532387,6.7800627017395785
1230.834786703746,6.356308782880855
1250.875902954253,2.118769594293618
1270.91701920476,5.508800945163408
1290.958135455267,4.66129310744596
1310.999251705774,5.508800945163408
1331.0403679562812,4.237539188587236
1351.0814842067882,5.508800945163408
1371.1226004572952,4.237539188587236
1391.1637167078022,6.356308782880855
1411.2048329583092,5.508800945163408
1431.2459492088162,2.9662774320110654
1451.2870654593235,5.085047026304684
1471.3281817098305,5.932554864022131
1491.3692979603375,3.813785269728513
1511.4104142108445,11.017601890326816
1531.4515304613515,8.475078377174473
1551.4926467118585,3.3900313508697892
1571.5337629623657,4.66129310744596
1591.5748792128727,6.7800627017395785
1611.6159954633797,4.66129310744596
1631.6571117138867,4.66129310744596
1651.6982279643937,5.508800945163408
1671.7393442149007,4.237539188587236
1691.780460465408,6.356308782880855
1711.821576715915,7.627570539457026
1731.862692966422,6.356308782880855
1751.903809216929,4.66129310744596
1771.944925467436,6.356308782880855
1791.986041717943,4.237539188587236
1812.0271579684502,3.3900313508697892
1832.0682742189572,5.085047026304684
1852.1093904694642,8.051324458315749
1872.1505067199712,8.898832296033197
1892.1916229704782,8.475078377174473
1912.2327392209852,7.203816620598302
1932.2738554714924,4.66129310744596
1952.3149717219994,5.085047026304684
1972.3560879725064,6.7800627017395785
1992.3972042230134,5.508800945163408
2012.4383204735204,5.932554864022131
2032.4794367240277,6.7800627017395785
2052.5205529745344,4.237539188587236
2072.5616692250414,4.237539188587236
2092.6027854755484,3.813785269728513
2112.6439017260554,4.66129310744596
2132.6850179765624,5.508800945163408
2152.7261342270695,6.356308782880855
2172.7672504775765,5.508800945163408
2192.8083667280835,2.9662774320110654
2212.849482978591,5.508800945163408
2232.890599229098,9.746340133750644
2252.931715479605,5.932554864022131
2272.972831730112,8.051324458315749
2293.013947980619,5.932554864022131
2313.055064231126,5.932554864022131
2333.096180481633,5.932554864022131
2353.13729673214,3.3900313508697892
2373.178412982647,5.508800945163408
2393.219529233154,5.085047026304684
2413.260645483661,8.898832296033197
2433.301761734168,6.7800627017395785
2453.3428779846754,5.085047026304684
2473.3839942351824,5.508800945163408
2493.4251104856894,8.898832296033197
2513.4662267361964,4.66129310744596
2533.5073429867034,5.932554864022131
2553.5484592372104,5.085047026304684
2573.5895754877174,5.932554864022131
2593.6306917382244,2.118769594293618
2613.6718079887314,8.898832296033197
2633.7129242392384,8.475078377174473
2653.7540404897454,4.237539188587236
2673.795156740253,5.085047026304684
2693.83627299076,5.085047026304684
2713.877389241267,4.237539188587236
2733.918505491774,7.627570539457026
2753.959621742281,7.203816620598302
2774.000737992788,2.9662774320110654
2794.041854243295,5.932554864022131
2814.082970493802,2.118769594293618
2834.124086744309,4.66129310744596
2854.165202994816,5.932554864022131
2874.206319245323,5.508800945163408
2894.24743549583,5.085047026304684
2914.2885517463374,5.508800945163408
2934.3296679968444,4.66129310744596
2954.3707842473514,5.085047026304684
2974.4119004978584,8.051324458315749
2994.4530167483654,5.508800945163408
3014.4941329988724,2.542523513152342
3034.5352492493794,4.237539188587236
3054.5763654998864,4.237539188587236
3074.6174817503934,6.7800627017395785
3094.6585980009004,5.085047026304684
3114.6997142514074,2.542523513152342
3134.7408305019144,3.813785269728513
3154.781946752422,2.9662774320110654
3174.823063002929,4.66129310744596
3194.864179253436,2.9662774320110654
3214.905295503943,5.932554864022131
3234.94641175445,4.237539188587236
3254.987528004957,8.475078377174473
3275.028644255464,3.813785269728513
3295.069760505971,4.66129310744596
3315.110876756478,5.508800945163408
3335.151993006985,4.66129310744596
3355.193109257492,8.051324458315749
3375.2342255079993,5.508800945163408
3395.2753417585063,5.085047026304684
3415.3164580090133,6.7800627017395785
3435.3575742595203,4.66129310744596
3455.3986905100273,3.813785269728513
3475.4398067605343,3.3900313508697892
3495.4809230110413,4.237539188587236
3515.5220392615483,5.932554864022131
3535.5631555120553,5.932554864022131
3555.6042717625623,3.813785269728513
3575.6453880130694,5.508800945163408
3595.6865042635764,3.3900313508697892
3615.727620514084,6.356308782880855
3635.768736764591,2.9662774320110654
3655.809853015098,6.7800627017395785
3675.850969265605,4.237539188587236
3695.892085516112,6.356308782880855
3715.933201766619,5.085047026304684
3735.974318017126,2.118769594293618
3756.015434267633,5.508800945163408
3776.05655051814,3.3900313508697892
3796.097666768647,3.3900313508697892
3816.138783019154,5.932554864022131
3836.179899269661,4.66129310744596
3856.2210155201683,2.542523513152342
3876.2621317706753,1.6950156754348946
3896.3032480211823,3.813785269728513
3916.3443642716893,2.118769594293618
3936.3854805221963,4.237539188587236
3956.4265967727033,5.085047026304684
3976.4677130232103,5.932554864022131
3996.5088292737173,3.3900313508697892
4016.5499455242243,2.118769594293618
4036.5910617747313,5.508800945163408
4056.6321780252383,5.085047026304684
4076.673294275746,5.085047026304684
4096.714410526253,2.542523513152342
4116.75552677676,2.9662774320110654
4136.796643027267,3.3900313508697892
4156.837759277774,6.7800627017395785
4176.878875528281,4.66129310744596
4196.919991778788,1.6950156754348946
4216.961108029295,4.66129310744596
4237.002224279802,2.118769594293618
4257.043340530309,3.3900313508697892
4277.084456780816,3.813785269728513
4297.125573031323,4.237539188587236
4317.16668928183,4.237539188587236
4337.207805532337,2.9662774320110654
4357.248921782844,2.9662774320110654
4377.290038033351,5.508800945163408
4397.331154283858,0.8475078377174473
4417.372270534365,2.118769594293618
4437.413386784873,3.3900313508697892
4457.45450303538,5.932554864022131
4477.495619285887,2.542523513152342
4497.536735536394,3.813785269728513
4517.577851786901,2.9662774320110654
4537.618968037408,2.9662774320110654
4557.660084287915,1.271261756576171
4577.701200538422,3.813785269728513
4597.742316788929,2.118769594293618
4617.783433039436,2.542523513152342
4637.824549289943,0.0
4657.86566554045,2.542523513152342
4677.906781790957,3.813785269728513
4697.947898041464,0.8475078377174473
4717.989014291971,3.813785269728513
4738.030130542478,2.542523513152342
4758.071246792985,2.9662774320110654
4778.112363043492,2.542523513152342
4798.153479293999,2.9662774320110654
4818.194595544506,2.118769594293618
4838.235711795013,0.42375391885872365
4858.27682804552,3.813785269728513
4878.317944296027,2.118769594293618
4898.359060546535,2.118769594293618
4918.400176797042,1.6950156754348946
4938.441293047549,2.9662774320110654
4958.482409298056,2.9662774320110654
4978.523525548563,2.542523513152342
4998.56464179907,2.9662774320110654
5018.605758049577,1.6950156754348946
5038.646874300084,2.9662774320110654
5058.687990550591,5.508800945163408
5078.729106801098,2.118769594293618
5098.770223051605,3.813785269728513
5118.811339302112,0.42375391885872365
5138.852455552619,2.118769594293618
5158.893571803126,2.542523513152342
5178.934688053633,1.271261756576171
5198.97580430414,1.271261756576171
5219.016920554647,1.6950156754348946
5239.058036805154,2.542523513152342
5259.099153055661,0.8475078377174473
5279.140269306168,1.271261756576171
5299.181385556675,1.271261756576171
5319.222501807182,2.9662774320110654
5339.263618057689,2.118769594293618
5359.304734308197,2.118769594293618
5379.345850558704,0.8475078377174473
5399.386966809211,2.118769594293618
5419.428083059718,0.8475078377174473
5439.469199310225,0.8475078377174473
5459.510315560732,1.6950156754348946
5479.551431811239,2.118769594293618
5499.592548061746,2.542523513152342
5519.633664312253,2.9662774320110654
5539.67478056276,0.42375391885872365
5559.715896813267,0.8475078377174473
5579.757013063774,1.271261756576171
5599.798129314281,0.42375391885872365
5619.839245564788,0.8475078377174473
5639.880361815295,0.0
5659.921478065802,1.6950156754348946
5679.962594316309,0.0
5700.003710566816,0.42375391885872365
5720.044826817323,1.271261756576171
5740.08594306783,0.0
5760.127059318337,1.6950156754348946
5780.168175568844,1.271261756576171
5800.209291819351,0.8475078377174473
5820.250408069859,1.6950156754348946
5840.291524320366,0.42375391885872365
5860.332640570873,0.42375391885872365
5880.37375682138,0.42375391885872365
5900.414873071887,0.8475078377174473
5920.455989322394,1.271261756576171
5940.497105572901,1.271261756576171
5960.538221823408,2.118769594293618
5980.579338073915,0.8475078377174473
6000.620454324422,0.8475078377174473
6020.661570574929,1.271261756576171
6040.702686825436,1.271261756576171
6060.743803075943,2.118769594293618
6080.78491932645,0.42375391885872365
6100.826035576957,0.42375391885872365
6120.867151827464,0.0
6140.908268077971,0.42375391885872365
6160.949384328478,0.8475078377174473
6180.990500578985,0.8475078377174473
6201.031616829492,0.42375391885872365
6221.072733079999,0.8475078377174473
6241.113849330506,0.8475078377174473
6261.154965581013,0.42375391885872365
6281.19608183152,1.271261756576171
6301.237198082028,1.271261756576171
6321.278314332535,1.271261756576171
6341.319430583042,0.42375391885872365
6361.360546833549,0.0
6381.401663084056,0.8475078377174473
6401.442779334563,1.271261756576171
6421.48389558507,0.8475078377174473
6441.525011835577,0.8475078377174473
6461.566128086084,1.271261756576171
6481.607244336591,0.42375391885872365
6501.648360587098,1.6950156754348946
6521.689476837605,0.8475078377174473
6541.730593088112,0.0
6561.771709338619,0.8475078377174473
6581.812825589126,0.42375391885872365
6601.853941839633,0.0
6621.89505809014,1.271261756576171
6641.936174340647,0.8475078377174473
6661.977290591154,0.42375391885872365
6682.018406841661,0.42375391885872365
6702.059523092168,0.42375391885872365
6722.100639342675,0.8475078377174473
6742.141755593182,0.8475078377174473
6762.18287184369,0.8475078377174473
6782.223988094197,0.0
6802.265104344704,0.42375391885872365
6822.306220595211,0.8475078377174473
6842.347336845718,0.0
6862.388453096225,0.8475078377174473
6882.429569346732,0.42375391885872365
6902.470685597239,0.42375391885872365
6922.511801847746,0.0
6942.552918098253,0.0
6962.59403434876,0.42375391885872365
6982.635150599267,0.8475078377174473
7002.676266849774,0.42375391885872365
7022.717383100281,0.8475078377174473
7042.758499350788,0.8475078377174473
7062.799615601295,0.0
7082.840731851802,0.42375391885872365
7102.881848102309,1.271261756576171
7122.922964352816,0.42375391885872365
7142.964080603323,1.271261756576171
7163.00519685383,0.42375391885872365
7183.046313104337,0.0
7203.087429354844,0.0
7223.128545605352,0.8475078377174473
7243.169661855859,0.8475078377174473
7263.210778106366,0.0
7283.251894356873,0.42375391885872365
7303.29301060738,0.42375391885872365
7323.334126857887,1.271261756576171
7343.375243108394,0.42375391885872365
7363.416359358901,0.42375391885872365
7383.457475609408,0.0
7403.498591859915,0.0
7423.539708110422,0.8475078377174473
7443.580824360929,0.0
7463.621940611436,1.6950156754348946
7483.663056861943,0.42375391885872365
7503.70417311245,0.8475078377174473
7523.745289362957,1.271261756576171
7543.786405613464,1.6950156754348946
7563.827521863971,0.0
7583.868638114478,0.42375391885872365
7603.909754364985,0.0
7623.950870615492,0.0
7643.991986865999,0.8475078377174473
7664.033103116506,0.8475078377174473
7684.074219367013,0.0
7704.115335617521,0.42375391885872365
7724.156451868028,1.271261756576171
7744.197568118535,0.42375391885872365
7764.238684369042,0.8475078377174473
7784.279800619549,0.8475078377174473
7804.320916870056,0.42375391885872365
7824.362033120563,0.42375391885872365
7844.40314937107,1.271261756576171
7864.444265621577,0.42375391885872365
7884.485381872084,0.42375391885872365
7904.526498122591,1.6950156754348946
7924.567614373098,0.8475078377174473
7944.608730623605,1.6950156754348946
7964.649846874112,1.271261756576171
7984.690963124619,2.118769594293618
8004.732079375126,1.271261756576171
8024.773195625633,3.813785269728513
8044.81431187614,2.542523513152342
8064.855428126647,3.3900313508697892
8084.896544377154,1.271261756576171
8104.937660627661,0.0
8124.978776878168,2.542523513152342
8145.019893128675,0.8475078377174473
8165.061009379183,1.271261756576171
8185.102125629689,0.0
8205.143241880196,0.0
8225.184358130702,1.271261756576171
8245.22547438121,0.0
8265.266590631716,0.42375391885872365
8285.307706882224,0.0
8305.34882313273,0.42375391885872365
8325.389939383238,0.0
8345.431055633744,0.42375391885872365
8365.472171884252,0.42375391885872365
8385.51328813476,0.0
8405.554404385266,0.0
8425.595520635774,0.42375391885872365
8445.63663688628,1.271261756576171
8465.677753136788,1.6950156754348946
8485.718869387294,1.271261756576171
8505.759985637802,2.542523513152342
8525.801101888308,5.085047026304684
8545.842218138816,2.118769594293618
8565.883334389322,4.66129310744596
8585.92445063983,6.356308782880855
8605.965566890336,8.051324458315749
8626.006683140844,9.746340133750644
8646.04779939135,9.32258621489192
8666.088915641858,11.017601890326816
8686.130031892364,6.7800627017395785
8706.171148142872,7.203816620598302
8726.212264393378,3.813785269728513
8746.253380643886,0.8475078377174473
8766.294496894392,1.271261756576171
8786.3356131449,1.271261756576171
8806.376729395406,0.42375391885872365
8826.417845645914,0.8475078377174473
8846.45896189642,0.0
8866.500078146928,0.0
8886.541194397436,0.0
8906.582310647942,0.42375391885872365
8926.62342689845,0.42375391885872365
8946.664543148956,0.42375391885872365
8966.705659399464,0.8475078377174473
8986.74677564997,1.271261756576171
9006.787891900478,0.0
9026.829008150984,0.0
9046.870124401492,0.0
9066.911240651998,0.0
9086.952356902506,0.0
9106.993473153012,0.0
9127.03458940352,0.42375391885872365
9147.075705654026,0.42375391885872365
9167.116821904534,1.6950156754348946
9187.15793815504,0.0
9207.199054405548,0.8475078377174473
9227.240170656054,0.8475078377174473
9247.281286906562,0.8475078377174473
9267.322403157068,0.42375391885872365
9287.363519407576,0.8475078377174473
9307.404635658082,0.0
9327.44575190859,0.8475078377174473
9347.486868159098,0.42375391885872365
9367.527984409604,0.8475078377174473
9387.569100660112,0.42375391885872365
9407.610216910618,0.8475078377174473
9427.651333161126,0.42375391885872365
9447.692449411632,2.542523513152342
9467.73356566214,1.271261756576171
9487.774681912646,0.8475078377174473
9507.815798163154,1.6950156754348946
9527.85691441366,3.3900313508697892
9547.898030664168,1.271261756576171
9567.939146914674,2.542523513152342
9587.980263165182,0.42375391885872365
9608.021379415688,1.271261756576171
9628.062495666196,0.8475078377174473
9648.103611916702,1.271261756576171
9668.14472816721,0.8475078377174473
9688.185844417716,0.8475078377174473
9708.226960668224,0.0
9728.26807691873,0.0
9748.309193169238,0.0
9768.350309419744,0.0
9788.391425670252,0.42375391885872365
9808.43254192076,0.42375391885872365
9828.473658171266,0.0
9848.514774421774,0.0
9868.55589067228,0.8475078377174473
9888.597006922788,0.0
9908.638123173294,0.0
9928.679239423802,0.42375391885872365
9948.720355674308,0.42375391885872365
9968.761471924816,0.0
9988.802588175322,0.0
10008.84370442583,0.0
10028.884820676336,0.0
10048.925936926844,0.42375391885872365
10068.96705317735,0.42375391885872365
10089.008169427858,0.0
10109.049285678364,0.8475078377174473
10129.090401928872,0.0
10149.131518179378,0.0
10169.172634429886,0.0
10189.213750680392,0.0
10209.2548669309,0.42375391885872365
10229.295983181406,0.42375391885872365
10249.337099431914,0.0
10269.378215682422,0.42375391885872365
10289.419331932928,0.0
10309.460448183436,0.8475078377174473
10329.501564433942,0.8475078377174473
10349.54268068445,0.0
10369.583796934956,0.0
10389.624913185464,0.0
10409.66602943597,0.0
10429.707145686478,0.0
10449.748261936984,0.42375391885872365
10469.789378187492,0.42375391885872365
10489.830494437998,0.42375391885872365
10509.871610688506,0.0
10529.912726939012,0.42375391885872365
10549.95384318952,1.271261756576171
10569.994959440026,1.271261756576171
10590.036075690534,0.0
10610.07719194104,0.42375391885872365
10630.118308191548,0.42375391885872365
10650.159424442054,1.6950156754348946
10670.200540692562,1.6950156754348946
10690.241656943068,3.3900313508697892
10710.282773193576,3.3900313508697892
10730.323889444084,4.237539188587236
10750.36500569459,6.356308782880855
10770.406121945098,11.865109728044262
10790.447238195604,10.170094052609368
10810.488354446112,12.288863646902985
10830.529470696618,11.865109728044262
10850.570586947126,12.288863646902985
10870.611703197632,10.593847971468092
10890.65281944814,9.746340133750644
10910.693935698646,8.051324458315749
10930.735051949154,5.508800945163408
10950.77616819966,4.237539188587236
10970.817284450168,2.118769594293618
10990.858400700674,0.42375391885872365
11010.899516951182,0.0
11030.940633201688,0.8475078377174473
11050.981749452196,0.42375391885872365
11071.022865702702,0.0
11091.06398195321,0.0
11111.105098203716,0.0
11131.146214454224,0.42375391885872365
11151.18733070473,0.0
11171.228446955238,0.42375391885872365
11191.269563205746,0.0
11211.310679456252,0.0
11231.35179570676,0.0
11251.392911957266,0.0
11271.434028207774,0.0
11291.47514445828,0.0
11311.516260708788,0.42375391885872365
11331.557376959294,0.0
11351.598493209802,0.8475078377174473
11371.639609460308,0.0
11391.680725710816,0.8475078377174473
11411.721841961322,0.0
11431.76295821183,0.0
11451.804074462336,0.42375391885872365
11471.845190712844,0.42375391885872365
11491.88630696335,0.42375391885872365
11511.927423213858,0.0
11531.968539464364,0.0
11552.009655714872,0.42375391885872365
11572.050771965378,0.0
11592.091888215886,0.42375391885872365
11612.133004466392,0.0
11632.1741207169,0.8475078377174473
11652.215236967408,0.8475078377174473
11672.256353217914,0.0
11692.297469468422,0.42375391885872365
11712.338585718928,0.42375391885872365
11732.379701969436,1.271261756576171
11752.420818219942,0.42375391885872365
11772.46193447045,0.0
11792.503050720956,0.0
11812.544166971464,0.8475078377174473
11832.58528322197,0.0
11852.626399472478,0.0
11872.667515722984,0.0
11892.708631973492,0.8475078377174473
11912.749748223998,0.0
11932.790864474506,0.0
11952.831980725012,0.0
11972.87309697552,0.0
11992.914213226026,0.42375391885872365
12012.955329476534,0.42375391885872365
12032.99644572704,0.0
12053.037561977548,0.42375391885872365
12073.078678228054,0.0
12093.119794478562,0.8475078377174473
12113.160910729068,0.0
12133.202026979576,0.0
12153.243143230084,0.8475078377174473
12173.28425948059,0.42375391885872365
12193.325375731098,0.0
12213.366491981604,0.0
12233.407608232112,0.42375391885872365
12253.448724482618,0.0
12273.489840733126,0.0
12293.530956983632,0.0
12313.57207323414,0.8475078377174473
12333.613189484646,0.8475078377174473
12353.654305735154,0.0
12373.69542198566,0.8475078377174473
12393.736538236168,0.42375391885872365
12413.777654486674,0.8475078377174473
12433.818770737182,0.42375391885872365
12453.859886987688,0.0
12473.901003238196,0.42375391885872365
12493.942119488702,0.0
12513.98323573921,1.271261756576171
12534.024351989716,0.0
12554.065468240224,2.118769594293618
12574.10658449073,0.42375391885872365
12594.147700741238,0.8475078377174473
12614.188816991746,2.542523513152342
12634.229933242252,1.271261756576171
12654.27104949276,2.118769594293618
12674.312165743266,1.6950156754348946
12694.353281993774,1.6950156754348946
12714.39439824428,1.6950156754348946
12734.435514494788,2.118769594293618
12754.476630745294,2.118769594293618
12774.517746995802,1.271261756576171
12794.558863246308,0.42375391885872365
12814.599979496816,2.542523513152342
12834.641095747322,1.6950156754348946
12854.68221199783,1.271261756576171
12874.723328248336,2.9662774320110654
12894.764444498844,4.237539188587236
12914.80556074935,4.66129310744596
12934.846676999858,6.356308782880855
12954.887793250364,4.66129310744596
12974.928909500872,7.203816620598302
12994.970025751378,10.170094052609368
13015.011142001886,13.560125403479157
13035.052258252392,11.017601890326816
13055.0933745029,11.441355809185538
13075.134490753408,7.627570539457026
13095.175607003914,7.203816620598302
13115.216723254422,4.237539188587236
13135.257839504928,4.237539188587236
13155.298955755436,2.9662774320110654
13175.340072005942,3.813785269728513
13195.38118825645,1.6950156754348946
13215.422304506956,0.8475078377174473
13235.463420757464,1.271261756576171
13255.50453700797,2.542523513152342
13275.545653258478,1.271261756576171
13295.586769508984,2.118769594293618
13315.627885759492,1.6950156754348946
13335.669002009998,0.8475078377174473
13355.710118260506,0.42375391885872365
13375.751234511012,0.42375391885872365
13395.79235076152,0.0
13415.833467012026,1.271261756576171
13435.874583262534,1.271261756576171
13455.91569951304,0.8475078377174473
13475.956815763548,1.271261756576171
13495.997932014054,0.8475078377174473
13516.039048264562,0.42375391885872365
13536.08016451507,0.42375391885872365
13556.121280765576,0.0
13576.162397016084,0.42375391885872365
13596.20351326659,0.0
13616.244629517098,0.0
13636.285745767604,0.0
13656.326862018112,0.42375391885872365
13676.367978268618,0.0
13696.409094519126,0.0
13716.450210769632,0.42375391885872365
13736.49132702014,0.0
13756.532443270646,0.8475078377174473
13776.573559521154,0.0
13796.61467577166,0.42375391885872365
13816.655792022168,0.0
13836.696908272674,0.0
13856.738024523182,0.42375391885872365
13876.779140773688,0.42375391885872365
13896.820257024196,0.0
13916.861373274702,0.0
13936.90248952521,0.0
13956.943605775716,0.0
13976.984722026224,0.42375391885872365
13997.025838276732,0.42375391885872365
14017.066954527238,0.42375391885872365
14037.108070777746,0.0
14057.149187028252,1.271261756576171
14077.19030327876,2.118769594293618
14097.231419529266,0.8475078377174473
14117.272535779774,3.3900313508697892
14137.31365203028,2.118769594293618
14157.354768280788,0.0
14177.395884531294,0.8475078377174473
14197.437000781802,0.42375391885872365
14217.478117032308,0.42375391885872365
14237.519233282816,0.42375391885872365
14257.560349533322,0.42375391885872365
14277.60146578383,0.8475078377174473
14297.642582034336,0.42375391885872365
14317.683698284844,0.42375391885872365
14337.72481453535,0.0
14357.765930785858,0.0
14377.807047036364,0.0
14397.848163286872,0.0
14417.889279537378,0.42375391885872365
14437.930395787886,0.42375391885872365
14457.971512038393,0.0
14478.0126282889,0.0
14498.053744539407,0.0
14518.094860789914,0.0
14538.135977040421,0.0
14558.177093290928,0.42375391885872365
14578.218209541435,0.0
14598.259325791942,0.8475078377174473
14618.30044204245,0.0
14638.341558292956,0.42375391885872365
14658.382674543464,0.0
14678.42379079397,0.42375391885872365
14698.464907044478,0.42375391885872365
14718.506023294984,0.0
14738.547139545492,0.0
14758.588255795998,0.0
14778.629372046506,0.42375391885872365
14798.670488297012,0.42375391885872365
14818.71160454752,0.0
14838.752720798026,0.0
14858.793837048534,0.0
14878.83495329904,0.0
14898.876069549548,0.0
14918.917185800055,0.8475078377174473
14938.958302050562,0.0
14958.99941830107,0.8475078377174473
14979.040534551576,0.0
14999.081650802083,0.42375391885872365
15019.12276705259,0.42375391885872365
15039.163883303097,0.0
15059.204999553604,0.0
15079.246115804111,0.42375391885872365
15099.287232054618,0.0
15119.328348305125,0.42375391885872365
15139.369464555632,1.271261756576171
15159.41058080614,0.8475078377174473
15179.451697056646,2.118769594293618
15199.492813307153,1.271261756576171
15219.53392955766,2.9662774320110654
15239.575045808167,3.3900313508697892
15259.616162058674,0.8475078377174473
15279.657278309181,2.542523513152342
15299.698394559688,1.271261756576171
15319.739510810195,2.542523513152342
15339.780627060702,1.6950156754348946
15359.82174331121,0.8475078377174473
15379.862859561716,0.42375391885872365
15399.903975812224,0.8475078377174473
15419.945092062731,1.6950156754348946
15439.986208313238,0.0
15460.027324563745,0.42375391885872365
15480.068440814252,0.42375391885872365
15500.10955706476,0.0
15520.150673315266,1.6950156754348946
15540.191789565773,1.271261756576171
15560.23290581628,2.542523513152342
15580.274022066787,0.8475078377174473
15600.315138317294,1.271261756576171
15620.356254567801,0.8475078377174473
15640.397370818308,1.271261756576171
15660.438487068815,0.8475078377174473
15680.479603319322,0.8475078377174473
15700.52071956983,3.813785269728513
15720.561835820336,1.6950156754348946
15740.602952070843,1.6950156754348946
15760.64406832135,1.6950156754348946
15780.685184571857,2.542523513152342
15800.726300822364,2.118769594293618
15820.767417072871,2.9662774320110654
15840.808533323378,1.271261756576171
15860.849649573885,1.271261756576171
15880.890765824393,0.8475078377174473
15900.9318820749,0.42375391885872365
15920.972998325407,0.0
15941.014114575913,0.42375391885872365
15961.055230826421,0.0
15981.096347076927,0.0
16001.137463327435,0.0
16021.178579577941,0.0
16041.21969582845,0.42375391885872365
16061.260812078955,0.0
16081.301928329463,0.42375391885872365
16101.34304457997,0.0
16121.384160830477,0.42375391885872365
16141.425277080984,0.42375391885872365
16161.466393331491,1.271261756576171
16181.507509581998,0.0
16201.548625832505,0.0
16221.589742083012,0.42375391885872365
16241.63085833352,0.42375391885872365
16261.671974584026,0.8475078377174473
16281.713090834533,0.42375391885872365
16301.75420708504,1.6950156754348946
16321.795323335547,0.42375391885872365
16341.836439586055,0.8475078377174473
16361.877555836561,0.0
16381.918672087068,0.8475078377174473
16401.959788337575,0.0
16422.000904588083,0.0
16442.04202083859,0.0
16462.083137089096,0.0
16482.124253339603,0.42375391885872365
16502.16536959011,0.0
16522.20648584062,0.0
16542.247602091124,0.0
16562.28871834163,0.8475078377174473
16582.32983459214,0.0
16602.370950842647,0.42375391885872365
16622.41206709315,0.0
16642.45318334366,0.0
16662.494299594167,0.42375391885872365
16682.535415844675,0.0
16702.57653209518,0.8475078377174473
16722.617648345687,0.0
16742.658764596195,0.42375391885872365
16762.699880846703,0.42375391885872365
16782.74099709721,0.42375391885872365
16802.782113347715,0.0
16822.823229598223,0.42375391885872365
16842.86434584873,0.0
16862.90546209924,0.0
16882.946578349744,0.0
16902.98769460025,0.42375391885872365
16923.02881085076,0.0
16943.069927101267,0.0
16963.11104335177,0.0
16983.15215960228,0.0
17003.193275852787,0.42375391885872365
17023.234392103295,0.0
17043.2755083538,0.42375391885872365
17063.316624604307,0.0
17083.357740854815,0.0
17103.398857105323,0.8475078377174473
17123.439973355828,0.0
17143.481089606335,0.0
17163.522205856843,0.0
17183.56332210735,0.8475078377174473
17203.604438357856,0.42375391885872365
17223.645554608363,0.42375391885872365
17243.68667085887,1.6950156754348946
17263.72778710938,3.3900313508697892
17283.768903359887,2.9662774320110654
17303.81001961039,4.237539188587236
17323.8511358609,3.813785269728513
17343.892252111407,9.746340133750644
17363.933368361915,8.051324458315749
17383.97448461242,8.898832296033197
17404.015600862927,7.627570539457026
17424.056717113435,10.170094052609368
17444.097833363943,14.407633241196605
17464.138949614447,14.407633241196605
17484.180065864955,16.526402835490224
17504.221182115463,11.441355809185538
17524.26229836597,8.898832296033197
17544.303414616475,10.593847971468092
17564.344530866983,6.7800627017395785
17584.38564711749,2.9662774320110654
17604.426763368,2.542523513152342
17624.467879618504,1.6950156754348946
17644.50899586901,3.3900313508697892
17664.55011211952,1.6950156754348946
17684.591228370027,1.271261756576171
17704.63234462053,1.6950156754348946
17724.67346087104,0.42375391885872365
17744.714577121547,1.6950156754348946
17764.755693372055,0.42375391885872365
17784.796809622563,0.0
17804.837925873067,0.42375391885872365
17824.879042123575,0.0
17844.920158374083,0.0
17864.96127462459,0.0
17885.002390875095,0.42375391885872365
17905.043507125603,0.0
17925.08462337611,0.0
17945.12573962662,0.0
17965.166855877123,0.42375391885872365
17985.20797212763,0.0
18005.24908837814,0.0
18025.290204628647,0.0
18045.33132087915,0.0
18065.37243712966,0.0
18085.413553380167,0.0
18105.454669630675,0.0
18125.49578588118,0.0
18145.536902131687,0.42375391885872365
18165.578018382195,0.0
18185.619134632703,0.0
18205.66025088321,0.0
18225.701367133715,0.42375391885872365
18245.742483384223,0.0
18265.78359963473,0.8475078377174473
18285.82471588524,0.0
18305.865832135743,0.42375391885872365
18325.90694838625,0.42375391885872365
18345.94806463676,0.42375391885872365
18365.989180887267,0.0
18386.03029713777,0.0
18406.07141338828,0.0
18426.112529638787,0.0
18446.153645889295,0.0
18466.1947621398,0.0
18486.235878390307,0.0
18506.276994640815,0.0
18526.318110891323,0.0
18546.359227141827,0.0
18566.400343392335,0.0
18586.441459642843,0.0
18606.48257589335,0.42375391885872365
18626.523692143855,0.42375391885872365
18646.564808394363,0.0
18666.60592464487,0.0
18686.64704089538,0.42375391885872365
18706.688157145887,0.42375391885872365
18726.72927339639,0.0
18746.7703896469,0.0
18766.811505897407,0.0
18786.852622147915,0.42375391885872365
18806.89373839842,0.0
18826.934854648927,0.42375391885872365
18846.975970899435,0.42375391885872365
18867.017087149943,0.0
18887.058203400447,0.0
18907.099319650955,0.0
18927.140435901463,0.42375391885872365
18947.18155215197,0.42375391885872365
18967.222668402475,0.0
18987.263784652983,0.0
19007.30490090349,0.42375391885872365
19027.346017154,0.42375391885872365
19047.387133404503,0.0
19067.42824965501,0.0
19087.46936590552,0.0
19107.510482156027,0.0
19127.551598406535,0.0
19147.59271465704,0.42375391885872365
19167.633830907547,0.0
19187.674947158055,0.0
19207.716063408563,0.8475078377174473
19227.757179659067,0.0
19247.798295909575,0.42375391885872365
19267.839412160083,0.0
19287.88052841059,0.8475078377174473
19307.921644661095,0.0
19327.962760911603,0.42375391885872365
19348.00387716211,0.42375391885872365
19368.04499341262,0.0
19388.086109663123,1.271261756576171
19408.12722591363,1.271261756576171
19428.16834216414,0.42375391885872365
19448.209458414647,1.271261756576171
19468.25057466515,0.8475078377174473
19488.29169091566,0.0
19508.332807166167,1.6950156754348946
19528.373923416675,1.6950156754348946
19548.41503966718,3.813785269728513
19568.456155917687,2.9662774320110654
19588.497272168195,1.6950156754348946
19608.538388418703,1.271261756576171
19628.57950466921,1.271261756576171
19648.620620919715,2.542523513152342
19668.661737170223,1.271261756576171
19688.70285342073,2.542523513152342
19708.74396967124,0.8475078377174473
19728.785085921743,1.6950156754348946
19748.82620217225,0.42375391885872365
19768.86731842276,0.8475078377174473
19788.908434673267,0.0
19808.94955092377,0.42375391885872365
19828.99066717428,1.271261756576171
19849.031783424787,0.0
19869.072899675295,1.271261756576171
19889.1140159258,0.0
19909.155132176307,0.8475078377174473
19929.196248426815,0.0
19949.237364677323,0.0
19969.278480927827,1.6950156754348946
19989.319597178335,0.42375391885872365
20009.360713428843,0.0
20029.40182967935,0.42375391885872365
20049.44294592986,0.0
20069.484062180363,0.42375391885872365
20089.52517843087,0.42375391885872365
20109.56629468138,0.42375391885872365
20129.607410931887,0.0
20149.64852718239,0.42375391885872365
20169.6896434329,0.0
20189.730759683407,0.42375391885872365
20209.771875933915,0.0
20229.81299218442,0.42375391885872365
20249.854108434927,0.0
20269.895224685435,0.0
20289.936340935943,0.0
20309.977457186447,0.0
20330.018573436955,0.0
20350.059689687463,0.0
20370.10080593797,0.0
20390.141922188475,0.0
20410.183038438983,0.42375391885872365
20430.22415468949,0.42375391885872365
20450.26527094,0.0
20470.306387190503,0.0
20490.34750344101,0.42375391885872365
20510.38861969152,0.0
20530.429735942027,0.0
20550.470852192535,0.0
20570.51196844304,0.42375391885872365
20590.553084693547,0.42375391885872365
20610.594200944055,0.0
20630.635317194563,0.8475078377174473
20650.676433445067,0.42375391885872365
20670.717549695575,0.42375391885872365
20690.758665946083,0.42375391885872365
20710.79978219659,0.0
20730.840898447095,0.42375391885872365
20750.882014697603,0.42375391885872365
20770.92313094811,0.0
20790.96424719862,0.0
20811.005363449123,0.0
20831.04647969963,0.42375391885872365
20851.08759595014,0.0
20871.128712200647,0.42375391885872365
20891.16982845115,0.42375391885872365
20911.21094470166,0.0
20931.252060952167,0.0
20951.293177202675,0.0
20971.33429345318,0.42375391885872365
20991.375409703687,0.0
21011.416525954195,0.8475078377174473
21031.457642204703,0.42375391885872365
21051.49875845521,0.42375391885872365
21071.539874705715,0.8475078377174473
21091.580990956223,0.0
21111.62210720673,0.0
21131.66322345724,0.42375391885872365
21151.704339707743,1.271261756576171
21171.74545595825,0.42375391885872365
21191.78657220876,0.42375391885872365
21211.827688459267,0.42375391885872365
21231.86880470977,1.271261756576171
21251.90992096028,0.0
21271.951037210787,2.118769594293618
21291.992153461295,0.42375391885872365
21312.0332697118,0.0
21332.074385962307,0.8475078377174473
21352.115502212815,0.42375391885872365
21372.156618463323,0.42375391885872365
21392.197734713827,0.0
21412.238850964335,0.42375391885872365
21432.279967214843,0.8475078377174473
21452.32108346535,0.0
21472.36219971586,0.42375391885872365
21492.403315966363,0.42375391885872365
21512.44443221687,0.8475078377174473
21532.48554846738,0.8475078377174473
21552.526664717887,0.42375391885872365
21572.56778096839,0.0
21592.6088972189,0.42375391885872365
21612.650013469407,1.6950156754348946
21632.691129719915,0.8475078377174473
21652.73224597042,1.271261756576171
21672.773362220927,1.271261756576171
21692.814478471435,0.0
21712.855594721943,0.0
21732.896710972447,1.271261756576171
21752.937827222955,0.42375391885872365
21772.978943473463,0.42375391885872365
21793.02005972397,0.8475078377174473
21813.061175974475,0.42375391885872365
21833.102292224983,0.42375391885872365
21853.14340847549,0.42375391885872365
21873.184524726,0.0
21893.225640976503,0.0
21913.26675722701,0.42375391885872365
21933.30787347752,1.6950156754348946
21953.348989728027,0.0
21973.390105978535,0.42375391885872365
21993.43122222904,0.42375391885872365
22013.472338479547,0.42375391885872365
22033.513454730055,1.271261756576171
22053.554570980563,1.6950156754348946
22073.595687231067,1.271261756576171
22093.636803481575,0.8475078377174473
22113.677919732083,0.8475078377174473
22133.71903598259,0.0
22153.760152233095,0.0
22173.801268483603,0.42375391885872365
22193.84238473411,0.42375391885872365
22213.88350098462,0.42375391885872365
22233.924617235123,0.42375391885872365
22253.96573348563,0.8475078377174473
22274.00684973614,0.8475078377174473
22294.047965986647,0.42375391885872365
22314.08908223715,0.42375391885872365
22334.13019848766,0.42375391885872365
22354.171314738167,0.8475078377174473
22374.212430988675,0.8475078377174473
22394.253547239183,0.8475078377174473
22414.294663489687,0.8475078377174473
22434.335779740195,0.42375391885872365
22454.376895990703,0.0
22474.41801224121,0.42375391885872365
22494.459128491715,0.8475078377174473
22514.500244742223,1.271261756576171
22534.54136099273,1.271261756576171
22554.58247724324,0.0
22574.623593493743,1.271261756576171
22594.66470974425,0.8475078377174473
22614.70582599476,1.271261756576171
22634.746942245267,0.42375391885872365
22654.78805849577,0.8475078377174473
22674.82917474628,0.8475078377174473
22694.870290996787,0.42375391885872365
22714.911407247295,0.0
22734.9525234978,0.0
22754.993639748307,1.6950156754348946
22775.034755998815,1.6950156754348946
22795.075872249323,1.271261756576171
22815.116988499827,0.8475078377174473
22835.158104750335,1.271261756576171
22855.199221000843,1.271261756576171
22875.24033725135,1.271261756576171
22895.28145350186,0.0
22915.322569752363,0.0
22935.36368600287,0.42375391885872365
22955.40480225338,0.42375391885872365
22975.445918503887,1.271261756576171
22995.48703475439,1.271261756576171
23015.5281510049,0.0
23035.569267255407,1.271261756576171
23055.610383505915,0.0
23075.65149975642,0.42375391885872365
23095.692616006927,0.42375391885872365
23115.733732257435,1.271261756576171
23135.774848507943,0.8475078377174473
23155.815964758447,0.0
23175.857081008955,1.271261756576171
23195.898197259463,0.42375391885872365
23215.93931350997,0.42375391885872365
23235.980429760475,0.0
23256.021546010983,0.8475078377174473
23276.06266226149,1.271261756576171
23296.103778512,0.0
23316.144894762507,2.118769594293618
23336.18601101301,0.42375391885872365
23356.22712726352,1.271261756576171
23376.268243514027,2.542523513152342
23396.309359764535,0.8475078377174473
23416.35047601504,0.0
23436.391592265547,1.271261756576171
23456.432708516055,1.271261756576171
23476.473824766563,0.0
23496.514941017067,2.542523513152342
23516.556057267575,0.42375391885872365
23536.597173518083,0.8475078377174473
23556.63828976859,0.42375391885872365
23576.679406019095,2.118769594293618
23596.720522269603,0.8475078377174473
23616.76163852011,1.271261756576171
23636.80275477062,0.8475078377174473
23656.843871021123,1.6950156754348946
23676.88498727163,0.42375391885872365
23696.92610352214,0.0
23716.967219772647,0.8475078377174473
23737.00833602315,0.42375391885872365
23757.04945227366,1.6950156754348946
23777.090568524167,1.271261756576171
23797.131684774675,2.118769594293618
23817.172801025183,0.42375391885872365
23837.213917275687,1.6950156754348946
23857.255033526195,0.8475078377174473
23877.296149776703,0.8475078377174473
23897.33726602721,1.271261756576171
23917.378382277715,2.118769594293618
23937.419498528223,1.6950156754348946
23957.46061477873,2.9662774320110654
23977.50173102924,0.8475078377174473
23997.542847279743,0.0
24017.58396353025,0.8475078377174473
24037.62507978076,3.3900313508697892
24057.666196031267,1.6950156754348946
24077.70731228177,1.271261756576171
24097.74842853228,1.271261756576171
24117.789544782787,1.6950156754348946
24137.830661033295,2.9662774320110654
24157.8717772838,0.8475078377174473
24177.912893534307,0.8475078377174473
24197.954009784815,1.271261756576171
24217.995126035323,0.42375391885872365
24238.036242285827,2.118769594293618
24258.077358536335,2.542523513152342
24278.118474786843,1.271261756576171
24298.15959103735,0.42375391885872365
24318.20070728786,1.6950156754348946
24338.241823538363,2.118769594293618
24358.28293978887,1.6950156754348946
24378.32405603938,1.271261756576171
24398.365172289887,2.542523513152342
24418.40628854039,1.271261756576171
24438.4474047909,0.42375391885872365
24458.488521041407,0.42375391885872365
24478.529637291915,2.542523513152342
24498.57075354242,2.542523513152342
24518.611869792927,1.6950156754348946
24538.652986043435,1.6950156754348946
24558.694102293943,0.42375391885872365
24578.735218544447,0.0
24598.776334794955,0.42375391885872365
24618.817451045463,1.271261756576171
24638.85856729597,0.42375391885872365
24658.899683546475,0.8475078377174473
24678.940799796983,2.118769594293618
24698.98191604749,1.6950156754348946
24719.023032298,2.542523513152342
24739.064148548507,0.8475078377174473
24759.10526479901,2.118769594293618
24779.14638104952,1.6950156754348946
24799.187497300027,1.271261756576171
24819.228613550535,1.271261756576171
24839.26972980104,2.542523513152342
24859.310846051547,1.271261756576171
24879.351962302055,1.6950156754348946
24899.393078552563,2.9662774320110654
24919.434194803067,3.813785269728513
24939.475311053575,2.9662774320110654
24959.516427304083,2.542523513152342
24979.55754355459,1.271261756576171
24999.598659805095,5.085047026304684
25019.639776055603,3.3900313508697892
25039.68089230611,5.508800945163408
25059.72200855662,6.7800627017395785
25079.763124807123,5.085047026304684
25099.80424105763,2.118769594293618
25119.84535730814,5.085047026304684
25139.886473558647,4.66129310744596
25159.92758980915,2.118769594293618
25179.96870605966,8.051324458315749
25200.009822310167,4.237539188587236
25220.050938560675,4.66129310744596
25240.092054811183,1.6950156754348946
25260.133171061687,5.508800945163408
25280.174287312195,5.085047026304684
25300.215403562703,3.813785269728513
25320.25651981321,3.3900313508697892
25340.297636063715,3.813785269728513
25360.338752314223,5.085047026304684
25380.37986856473,3.3900313508697892
25400.42098481524,2.9662774320110654
25420.462101065743,2.118769594293618
25440.50321731625,3.3900313508697892
25460.54433356676,3.3900313508697892
25480.585449817267,2.542523513152342
25500.62656606777,3.3900313508697892
25520.66768231828,4.237539188587236
25540.708798568787,1.271261756576171
25560.749914819295,2.9662774320110654
25580.7910310698,3.3900313508697892
25600.832147320307,1.271261756576171
25620.873263570815,1.6950156754348946
25640.914379821323,0.8475078377174473
25660.95549607183,1.271261756576171
25680.996612322335,2.9662774320110654
25701.037728572843,2.118769594293618
25721.07884482335,0.42375391885872365
25741.11996107386,2.118769594293618
25761.161077324363,1.6950156754348946
25781.20219357487,3.3900313508697892
25801.24330982538,2.9662774320110654
25821.284426075887,2.9662774320110654
25841.32554232639,2.118769594293618
25861.3666585769,2.9662774320110654
25881.407774827407,2.542523513152342
25901.448891077915,3.813785269728513
25921.49000732842,3.3900313508697892
25941.531123578927,1.6950156754348946
25961.572239829435,2.118769594293618
25981.613356079943,2.118769594293618
26001.654472330447,2.118769594293618
26021.695588580955,1.6950156754348946
26041.736704831463,1.6950156754348946
26061.77782108197,3.3900313508697892
26081.818937332475,3.3900313508697892
26101.860053582983,1.271261756576171
26121.90116983349,3.3900313508697892
26141.942286084,1.6950156754348946
26161.983402334507,1.6950156754348946
26182.02451858501,3.813785269728513
26202.06563483552,2.542523513152342
26222.106751086027,2.118769594293618
26242.147867336535,2.9662774320110654
26262.18898358704,3.3900313508697892
26282.230099837547,3.3900313508697892
26302.271216088055,2.542523513152342
26322.312332338563,5.508800945163408
26342.353448589067,2.9662774320110654
26362.394564839575,2.9662774320110654
26382.435681090083,5.085047026304684
26402.47679734059,2.542523513152342
26422.517913591095,3.3900313508697892
26442.559029841603,4.66129310744596
26462.60014609211,2.542523513152342
26482.64126234262,3.3900313508697892
26502.682378593123,2.9662774320110654
26522.72349484363,2.9662774320110654
26542.76461109414,2.542523513152342
26562.805727344647,3.813785269728513
26582.846843595154,2.118769594293618
26602.88795984566,2.542523513152342
26622.929076096167,4.237539188587236
26642.970192346675,4.237539188587236
26663.011308597183,1.6950156754348946
26683.052424847687,2.118769594293618
26703.093541098195,1.271261756576171
26723.134657348703,3.3900313508697892
26743.17577359921,2.118769594293618
26763.216889849715,4.237539188587236
26783.258006100223,3.813785269728513
26803.29912235073,2.542523513152342
26823.34023860124,2.542523513152342
26843.381354851743,2.118769594293618
26863.42247110225,2.9662774320110654
26883.46358735276,2.9662774320110654
26903.504703603267,4.237539188587236
26923.54581985377,2.9662774320110654
26943.58693610428,3.3900313508697892
26963.628052354787,2.9662774320110654
26983.669168605295,4.66129310744596
27003.7102848558,4.66129310744596
27023.751401106307,2.542523513152342
27043.792517356815,5.508800945163408
27063.833633607323,3.3900313508697892
27083.87474985783,4.66129310744596
27103.915866108335,3.813785269728513
27123.956982358843,3.3900313508697892
27143.99809860935,3.813785269728513
27164.03921485986,2.542523513152342
27184.080331110363,2.118769594293618
27204.12144736087,5.932554864022131
27224.16256361138,3.813785269728513
27244.203679861886,5.932554864022131
27264.24479611239,1.6950156754348946
27284.2859123629,6.7800627017395785
27304.327028613407,4.66129310744596
27324.368144863914,3.3900313508697892
27344.40926111442,4.237539188587236
27364.450377364927,2.118769594293618
27384.491493615435,3.3900313508697892
27404.532609865943,3.813785269728513
27424.573726116447,5.085047026304684
27444.614842366955,5.508800945163408
27464.655958617463,2.9662774320110654
27484.69707486797,3.3900313508697892
27504.738191118475,2.9662774320110654
27524.779307368983,4.66129310744596
27544.82042361949,4.66129310744596
27564.86153987,4.237539188587236
27584.902656120506,4.237539188587236
27604.94377237101,3.3900313508697892
27624.98488862152,5.932554864022131
27645.026004872027,5.085047026304684
27665.067121122534,2.118769594293618
27685.10823737304,5.085047026304684
27705.149353623547,3.813785269728513
27725.190469874055,5.085047026304684
27745.231586124562,4.66129310744596
27765.272702375067,3.3900313508697892
27785.313818625575,2.9662774320110654
27805.354934876083,4.237539188587236
27825.39605112659,8.898832296033197
27845.437167377095,3.3900313508697892
27865.478283627603,3.3900313508697892
27885.51939987811,3.3900313508697892
27905.56051612862,5.085047026304684
27925.601632379123,3.3900313508697892
27945.64274862963,3.813785269728513
27965.68386488014,2.542523513152342
27985.724981130646,4.66129310744596
28005.766097381154,3.3900313508697892
28025.80721363166,3.3900313508697892
28045.848329882167,2.9662774320110654
28065.889446132674,2.542523513152342
28085.930562383182,6.356308782880855
28105.971678633687,5.932554864022131
28126.012794884195,7.627570539457026
28146.053911134703,2.9662774320110654
28166.09502738521,4.66129310744596
28186.136143635715,5.085047026304684
28206.177259886223,5.932554864022131
28226.21837613673,4.66129310744596
28246.25949238724,5.932554864022131
28266.300608637743,5.085047026304684
28286.34172488825,3.813785269728513
28306.38284113876,3.813785269728513
28326.423957389266,5.932554864022131
28346.46507363977,4.237539188587236
28366.50618989028,2.9662774320110654
28386.547306140787,6.356308782880855
28406.588422391294,4.66129310744596
28426.6295386418,3.3900313508697892
28446.670654892307,4.237539188587236
28466.711771142815,6.7800627017395785
28486.752887393322,6.356308782880855
28506.79400364383,3.813785269728513
28526.835119894335,3.813785269728513
28546.876236144843,5.085047026304684
28566.91735239535,6.356308782880855
28586.95846864586,4.237539188587236
28606.999584896363,3.813785269728513
28627.04070114687,7.203816620598302
28647.08181739738,4.66129310744596
28667.122933647886,6.356308782880855
28687.16404989839,9.746340133750644
28707.2051661489,3.813785269728513
28727.246282399406,4.237539188587236
28747.287398649914,4.237539188587236
28767.32851490042,4.66129310744596
28787.369631150927,4.66129310744596
28807.410747401434,5.508800945163408
28827.451863651942,5.932554864022131
28847.492979902447,5.508800945163408
28867.534096152955,5.085047026304684
28887.575212403463,4.66129310744596
28907.61632865397,6.7800627017395785
28927.65744490448,4.66129310744596
28947.698561154983,5.508800945163408
28967.73967740549,6.7800627017395785
28987.780793656,5.932554864022131
29007.821909906506,6.7800627017395785
29027.86302615701,3.813785269728513
29047.90414240752,5.508800945163408
29067.945258658026,5.932554864022131
29087.986374908534,5.932554864022131
29108.02749115904,5.085047026304684
29128.068607409547,5.085047026304684
29148.109723660054,2.9662774320110654
29168.150839910562,9.32258621489192
29188.191956161067,6.356308782880855
29208.233072411575,5.085047026304684
29228.274188662082,7.203816620598302
29248.31530491259,8.051324458315749
29268.356421163095,5.932554864022131
29288.397537413603,4.66129310744596
29308.43865366411,5.508800945163408
29328.47976991462,6.356308782880855
29348.520886165123,4.66129310744596
29368.56200241563,6.356308782880855
29388.60311866614,7.203816620598302
29408.644234916646,8.051324458315749
29428.685351167154,6.356308782880855
29448.72646741766,6.7800627017395785
29468.767583668166,1.6950156754348946
29488.808699918674,5.508800945163408
29508.849816169182,4.237539188587236
29528.890932419687,5.085047026304684
29548.932048670194,7.203816620598302
29568.973164920702,4.66129310744596
29589.01428117121,7.627570539457026
29609.055397421715,5.508800945163408
29629.096513672222,6.7800627017395785
29649.13762992273,11.017601890326816
29669.17874617324,5.508800945163408
29689.219862423743,7.627570539457026
29709.26097867425,8.051324458315749
29729.30209492476,8.051324458315749
29749.343211175266,4.66129310744596
29769.38432742577,5.932554864022131
29789.42544367628,6.356308782880855
29809.466559926786,8.051324458315749
29829.507676177294,5.508800945163408
29849.548792427802,5.508800945163408
29869.589908678307,8.898832296033197
29889.631024928814,6.7800627017395785
29909.672141179322,6.7800627017395785
29929.71325742983,8.475078377174473
29949.754373680335,9.32258621489192
29969.795489930842,7.627570539457026
29989.83660618135,6.7800627017395785
30009.87772243186,4.237539188587236
30029.918838682363,8.051324458315749
30049.95995493287,4.237539188587236
30070.00107118338,2.9662774320110654
30090.042187433886,6.7800627017395785
30110.08330368439,6.356308782880855
30130.1244199349,7.627570539457026
30150.165536185406,3.813785269728513
30170.206652435914,8.475078377174473
30190.24776868642,5.085047026304684
30210.288884936926,2.9662774320110654
30230.330001187434,6.356308782880855
30250.371117437942,6.7800627017395785
30270.412233688447,6.7800627017395785
30290.453349938954,7.203816620598302
30310.494466189462,5.932554864022131
30330.53558243997,5.932554864022131
30350.57669869048,6.356308782880855
30370.617814940982,7.627570539457026
30390.65893119149,7.203816620598302
30410.700047442,11.441355809185538
30430.741163692506,8.475078377174473
30450.78227994301,5.085047026304684
30470.82339619352,4.237539188587236
30490.864512444026,3.3900313508697892
30510.905628694534,5.508800945163408
30530.94674494504,6.356308782880855
30550.987861195546,6.7800627017395785
30571.028977446054,6.7800627017395785
30591.070093696562,6.356308782880855
30611.111209947067,6.356308782880855
30631.152326197574,3.813785269728513
30651.193442448082,6.7800627017395785
30671.23455869859,10.170094052609368
30691.275674949095,10.170094052609368
30711.316791199602,6.356308782880855
30731.35790745011,5.932554864022131
30751.39902370062,8.051324458315749
30771.440139951123,7.203816620598302
30791.48125620163,7.627570539457026
30811.52237245214,5.508800945163408
30831.563488702646,4.66129310744596
30851.604604953154,6.7800627017395785
30871.64572120366,8.051324458315749
30891.686837454166,8.475078377174473
30911.727953704674,7.203816620598302
30931.769069955182,3.813785269728513
30951.810186205686,8.051324458315749
30971.851302456194,12.288863646902985
30991.892418706702,6.356308782880855
31011.93353495721,5.508800945163408
31031.974651207714,5.508800945163408
31052.015767458222,5.085047026304684
31072.05688370873,7.627570539457026
31092.09799995924,11.017601890326816
31112.139116209742,6.7800627017395785
31132.18023246025,5.932554864022131
31152.22134871076,7.627570539457026
31172.262464961266,10.170094052609368
31192.30358121177,8.051324458315749
31212.34469746228,7.627570539457026
31232.385813712786,8.475078377174473
31252.426929963294,6.7800627017395785
31272.468046213802,7.203816620598302
31292.509162464306,5.508800945163408
31312.550278714814,5.932554864022131
31332.591394965322,9.746340133750644
31352.63251121583,7.203816620598302
31372.673627466334,6.7800627017395785
31392.714743716842,8.475078377174473
31412.75585996735,7.627570539457026
31432.796976217858,7.627570539457026
31452.838092468362,4.66129310744596
31472.87920871887,7.627570539457026
31492.92032496938,5.508800945163408
31512.961441219886,5.932554864022131
31533.00255747039,4.237539188587236
31553.0436737209,8.475078377174473
31573.084789971406,6.356308782880855
31593.125906221914,8.051324458315749
31613.16702247242,8.051324458315749
31633.208138722926,9.746340133750644
31653.249254973434,9.32258621489192
31673.290371223942,8.898832296033197
31693.331487474446,7.627570539457026
31713.372603724954,5.932554864022131
31733.413719975462,10.593847971468092
31753.45483622597,8.898832296033197
31773.495952476478,7.627570539457026
31793.537068726982,7.627570539457026
31813.57818497749,7.627570539457026
31833.619301228,7.203816620598302
31853.660417478506,8.475078377174473
31873.70153372901,4.237539188587236
31893.74264997952,8.898832296033197
31913.783766230026,8.898832296033197
31933.824882480534,7.203816620598302
31953.86599873104,4.66129310744596
31973.907114981546,6.356308782880855
31993.948231232054,7.627570539457026
32013.989347482562,8.051324458315749
32034.030463733066,7.627570539457026
32054.071579983574,7.203816620598302
32074.112696234082,8.898832296033197
32094.15381248459,7.627570539457026
32114.194928735094,5.085047026304684
32134.236044985602,9.32258621489192
32154.27716123611,7.203816620598302
32174.318277486618,6.356308782880855
32194.359393737126,6.7800627017395785
32214.40050998763,8.898832296033197
32234.44162623814,6.356308782880855
32254.482742488646,7.627570539457026
32274.523858739154,5.508800945163408
32294.56497498966,7.203816620598302
32314.606091240166,10.170094052609368
32334.647207490674,6.7800627017395785
32354.688323741182,9.32258621489192
32374.729439991686,7.203816620598302
32394.770556242194,7.203816620598302
32414.811672492702,8.898832296033197
32434.85278874321,8.051324458315749
32454.893904993714,4.237539188587236
32474.935021244222,9.746340133750644
32494.97613749473,7.627570539457026
32515.017253745238,11.441355809185538
32535.058369995742,7.203816620598302
32555.09948624625,8.051324458315749
32575.14060249676,8.051324458315749
32595.181718747266,6.356308782880855
32615.22283499777,10.170094052609368
32635.26395124828,6.356308782880855
32655.305067498786,8.475078377174473
32675.346183749294,7.627570539457026
32695.387299999802,7.203816620598302
32715.428416250306,7.627570539457026
32735.469532500814,5.932554864022131
32755.510648751322,10.593847971468092
32775.55176500183,9.32258621489192
32795.59288125234,9.746340133750644
32815.633997502846,8.051324458315749
32835.67511375335,8.898832296033197
32855.71623000386,8.051324458315749
32875.757346254366,5.932554864022131
32895.79846250488,5.085047026304684
32915.83957875538,8.051324458315749
32935.880695005886,11.865109728044262
32955.9218112564,7.203816620598302
32975.9629275069,9.32258621489192
32996.004043757406,5.932554864022131
33016.04516000792,7.203816620598302
33036.08627625842,7.203816620598302
33056.12739250893,6.7800627017395785
33076.16850875944,7.203816620598302
33096.20962500994,5.508800945163408
33116.250741260454,10.170094052609368
33136.29185751096,6.356308782880855
33156.33297376147,9.746340133750644
33176.374090011974,8.475078377174473
33196.41520626248,6.356308782880855
33216.45632251299,10.170094052609368
33236.497438763494,8.898832296033197
33256.538555014,8.475078377174473
33276.57967126451,5.508800945163408
33296.620787515014,6.356308782880855
33316.661903765525,10.593847971468092
33336.70302001603,5.085047026304684
33356.744136266534,6.7800627017395785
33376.785252517046,8.051324458315749
33396.82636876755,6.356308782880855
33416.867485018054,10.170094052609368
33436.908601268566,8.898832296033197
33456.94971751907,4.66129310744596
33476.99083376958,7.627570539457026
33497.031950020086,8.051324458315749
33517.07306627059,6.7800627017395785
33537.1141825211,10.593847971468092
33557.155298771606,8.051324458315749
33577.19641502212,7.627570539457026
33597.23753127262,10.170094052609368
33617.278647523126,11.017601890326816
33637.31976377364,8.475078377174473
33657.36088002414,10.593847971468092
33677.401996274646,4.66129310744596
33697.44311252516,8.898832296033197
33717.48422877566,8.898832296033197
33737.52534502617,8.051324458315749
33757.56646127668,8.898832296033197
33777.60757752718,8.051324458315749
33797.64869377769,5.932554864022131
33817.6898100282,10.593847971468092
33837.7309262787,8.475078377174473
33857.772042529214,7.203816620598302
33877.81315877972,11.865109728044262
33897.85427503023,5.932554864022131
33917.895391280734,5.508800945163408
33937.93650753124,8.051324458315749
33957.97762378175,7.203816620598302
33978.018740032254,6.356308782880855
33998.05985628276,8.051324458315749
34018.10097253327,9.746340133750644
34038.142088783774,9.746340133750644
34058.183205034285,11.865109728044262
34078.22432128479,10.593847971468092
34098.265437535294,7.627570539457026
34118.306553785806,6.7800627017395785
34138.34767003631,8.051324458315749
34158.38878628682,10.170094052609368
34178.429902537326,6.356308782880855
34198.47101878783,10.593847971468092
34218.51213503834,6.7800627017395785
34238.553251288846,5.932554864022131
34258.59436753935,8.898832296033197
34278.63548378986,5.508800945163408
34298.676600040366,10.593847971468092
34318.71771629088,11.441355809185538
34338.75883254138,10.593847971468092
34358.799948791886,5.085047026304684
34378.8410650424,5.932554864022131
34398.8821812929,7.203816620598302
34418.923297543406,9.746340133750644
34438.96441379392,6.7800627017395785
34459.00553004442,7.627570539457026
34479.04664629493,9.32258621489192
34499.08776254544,8.898832296033197
34519.12887879594,8.051324458315749
34539.16999504645,10.170094052609368
34559.21111129696,7.627570539457026
34579.25222754747,7.203816620598302
34599.293343797974,6.7800627017395785
34619.33446004848,8.475078377174473
34639.37557629899,6.7800627017395785
34659.416692549494,9.32258621489192
34679.4578088,7.627570539457026
34699.49892505051,8.898832296033197
34719.540041301014,12.288863646902985
34739.581157551525,8.475078377174473
34759.62227380203,9.746340133750644
34779.663390052534,8.475078377174473
34799.704506303045,8.898832296033197
34819.74562255355,8.051324458315749
34839.786738804054,8.051324458315749
34859.827855054566,9.32258621489192
34879.86897130507,11.441355809185538
34899.91008755558,4.66129310744596
34919.951203806086,5.508800945163408
34939.99232005659,7.627570539457026
34960.0334363071,6.356308782880855
34980.074552557606,7.203816620598302
35000.11566880812,6.7800627017395785
35020.15678505862,12.71261756576171
35040.197901309126,4.237539188587236
35060.23901755964,7.627570539457026
35080.28013381014,11.441355809185538
35100.321250060646,8.051324458315749
35120.36236631116,6.7800627017395785
35140.40348256166,7.203816620598302
35160.44459881217,8.898832296033197
35180.48571506268,5.932554864022131
35200.52683131318,9.746340133750644
35220.56794756369,10.593847971468092
35240.6090638142,6.7800627017395785
35260.6501800647,8.051324458315749
35280.69129631521,10.170094052609368
35300.73241256572,5.932554864022131
35320.77352881623,11.441355809185538
35340.814645066734,7.203816620598302
35360.85576131724,7.627570539457026
35380.89687756775,7.203816620598302
35400.937993818254,6.7800627017395785
35420.97911006876,9.32258621489192
35441.02022631927,10.170094052609368
35461.061342569774,11.441355809185538
35481.102458820285,8.475078377174473
35501.14357507079,8.898832296033197
35521.184691321294,6.7800627017395785
35541.225807571805,9.32258621489192
35561.26692382231,5.508800945163408
35581.30804007282,10.593847971468092
35601.349156323326,14.407633241196605
35621.39027257383,9.746340133750644
35641.43138882434,8.051324458315749
35661.472505074846,11.441355809185538
35681.51362132535,5.932554864022131
35701.55473757586,7.627570539457026
35721.595853826366,10.593847971468092
35741.63697007688,11.017601890326816
35761.67808632738,9.32258621489192
35781.719202577886,7.627570539457026
35801.7603188284,8.051324458315749
35821.8014350789,8.475078377174473
35841.842551329406,6.356308782880855
35861.88366757992,8.051324458315749
35881.92478383042,5.085047026304684
35901.96590008093,7.627570539457026
35922.00701633144,8.051324458315749
35942.04813258194,8.051324458315749
35962.08924883245,10.170094052609368
35982.13036508296,5.085047026304684
36002.17148133347,6.7800627017395785
36022.21259758397,8.051324458315749
36042.25371383448,9.32258621489192
36062.29483008499,8.475078377174473
36082.335946335494,9.32258621489192
36102.377062586,8.051324458315749
36122.41817883651,3.3900313508697892
36142.459295087014,5.508800945163408
36162.500411337525,7.627570539457026
36182.54152758803,5.932554864022131
36202.582643838534,7.627570539457026
36222.623760089045,9.746340133750644
36242.66487633955,7.627570539457026
36262.705992590054,13.136371484620433
36282.747108840565,7.627570539457026
36302.78822509107,6.7800627017395785
36322.82934134158,8.898832296033197
36342.870457592086,5.085047026304684
36362.91157384259,7.627570539457026
36382.9526900931,5.932554864022131
36402.993806343606,13.560125403479157
36423.03492259412,11.441355809185538
36443.07603884462,7.203816620598302
36463.117155095126,9.32258621489192
36483.15827134564,6.7800627017395785
36503.19938759614,5.932554864022131
36523.240503846646,6.7800627017395785
36543.28162009716,9.746340133750644
36563.32273634766,5.508800945163408
36583.36385259817,8.475078377174473
36603.40496884868,8.051324458315749
36623.44608509918,8.898832296033197
36643.48720134969,9.32258621489192
36663.5283176002,7.203816620598302
36683.5694338507,9.746340133750644
36703.61055010121,6.7800627017395785
36723.65166635172,6.7800627017395785
36743.69278260223,11.441355809185538
36763.73389885273,6.356308782880855
36783.77501510324,7.627570539457026
36803.81613135375,11.017601890326816
36823.857247604254,5.508800945163408
36843.898363854765,5.085047026304684
36863.93948010527,9.746340133750644
36883.980596355774,10.170094052609368
36904.021712606285,8.898832296033197
36924.06282885679,5.508800945163408
36944.103945107294,5.932554864022131
36964.145061357805,6.7800627017395785
36984.18617760831,13.136371484620433
37004.22729385882,8.898832296033197
37024.268410109325,9.32258621489192
37044.30952635983,4.66129310744596
37064.35064261034,8.898832296033197
37084.391758860846,8.051324458315749
37104.43287511135,7.627570539457026
37124.47399136186,9.746340133750644
37144.515107612366,6.356308782880855
37164.55622386288,7.627570539457026
37184.59734011338,6.7800627017395785
37204.638456363886,8.898832296033197
37224.6795726144,8.898832296033197
37244.7206888649,7.627570539457026
37264.761805115406,8.898832296033197
37284.80292136592,9.746340133750644
37304.84403761642,7.203816620598302
37324.88515386693,6.356308782880855
37344.92627011744,6.7800627017395785
37364.96738636794,7.627570539457026
37385.00850261845,5.508800945163408
37405.04961886896,9.32258621489192
37425.09073511947,7.627570539457026
37445.13185136997,7.203816620598302
37465.17296762048,11.441355809185538
37485.21408387099,8.051324458315749
37505.25520012149,6.7800627017395785
37525.296316372,8.898832296033197
37545.33743262251,5.085047026304684
37565.378548873014,4.66129310744596
37585.419665123525,8.051324458315749
37605.46078137403,5.932554864022131
37625.501897624534,9.746340133750644
37645.543013875045,7.627570539457026
37665.58413012555,5.508800945163408
37685.625246376054,12.288863646902985
37705.666362626565,7.203816620598302
37725.70747887707,7.203816620598302
37745.74859512758,7.627570539457026
37765.789711378085,5.085047026304684
37785.83082762859,9.746340133750644
37805.8719438791,8.898832296033197
37825.913060129606,7.627570539457026
37845.95417638012,6.356308782880855
37865.99529263062,5.932554864022131
37886.036408881126,8.898832296033197
37906.07752513164,7.203816620598302
37926.11864138214,5.932554864022131
37946.159757632646,6.356308782880855
37966.20087388316,5.932554864022131
37986.24199013366,8.475078377174473
38006.28310638417,5.508800945163408
38026.32422263468,8.475078377174473
38046.36533888518,5.508800945163408
38066.40645513569,8.475078377174473
38086.4475713862,2.9662774320110654
38106.4886876367,8.898832296033197
38126.52980388721,9.32258621489192
38146.57092013772,9.32258621489192
38166.61203638823,7.627570539457026
38186.65315263873,5.085047026304684
38206.69426888924,10.593847971468092
38226.73538513975,10.170094052609368
38246.77650139025,8.051324458315749
38266.817617640765,9.32258621489192
38286.85873389127,7.627570539457026
38306.899850141774,8.898832296033197
38326.940966392285,8.051324458315749
38346.98208264279,6.7800627017395785
38367.023198893294,8.051324458315749
38387.064315143805,5.085047026304684
38407.10543139431,6.7800627017395785
38427.14654764482,9.746340133750644
38447.187663895325,6.7800627017395785
38467.22878014583,6.7800627017395785
38487.26989639634,9.32258621489192
38507.311012646845,7.203816620598302
38527.35212889735,5.932554864022131
38547.39324514786,9.32258621489192
38567.434361398366,8.475078377174473
38587.47547764888,8.898832296033197
38607.51659389938,6.7800627017395785
38627.557710149886,7.203816620598302
38647.5988264004,8.898832296033197
38667.6399426509,7.203816620598302
38687.681058901406,6.356308782880855
38707.72217515192,2.9662774320110654
38727.76329140242,5.508800945163408
38747.80440765293,7.203816620598302
38767.84552390344,3.813785269728513
38787.88664015394,6.356308782880855
38807.92775640445,6.7800627017395785
38827.96887265496,6.7800627017395785
38848.00998890547,2.542523513152342
38868.05110515597,5.085047026304684
38888.09222140648,7.627570539457026
38908.13333765699,6.356308782880855
38928.17445390749,6.7800627017395785
38948.215570158,4.237539188587236
38968.25668640851,7.627570539457026
38988.29780265901,5.085047026304684
39008.338918909525,5.085047026304684
39028.38003516003,5.508800945163408
39048.421151410534,7.203816620598302
39068.462267661045,9.746340133750644
39088.50338391155,8.051324458315749
39108.544500162054,5.508800945163408
39128.585616412565,6.7800627017395785
39148.62673266307,6.7800627017395785
39168.66784891358,4.66129310744596
39188.708965164085,7.203816620598302
39208.75008141459,4.237539188587236
39228.7911976651,3.813785269728513
39248.832313915605,8.898832296033197
39268.87343016612,6.356308782880855
39288.91454641662,4.66129310744596
39308.955662667126,8.051324458315749
39328.99677891764,5.085047026304684
39349.03789516814,7.203816620598302
39369.079011418646,3.813785269728513
39389.12012766916,4.66129310744596
39409.16124391966,3.813785269728513
39429.20236017017,8.051324458315749
39449.24347642068,4.66129310744596
39469.28459267118,5.508800945163408
39489.32570892169,7.203816620598302
39509.3668251722,5.932554864022131
39529.4079414227,7.627570539457026
39549.44905767321,4.237539188587236
39569.49017392372,4.66129310744596
39589.53129017423,7.203816620598302
39609.57240642473,6.356308782880855
39629.61352267524,7.627570539457026
39649.65463892575,3.3900313508697892
39669.69575517625,8.051324458315749
39689.736871426765,6.7800627017395785
39709.77798767727,3.813785269728513
39729.81910392777,4.66129310744596
39749.860220178285,6.356308782880855
39769.90133642879,5.508800945163408
39789.94245267929,8.475078377174473
39809.983568929805,9.32258621489192
39830.02468518031,5.932554864022131
39850.06580143082,5.085047026304684
39870.106917681325,5.508800945163408
39890.14803393183,4.237539188587236
39910.18915018234,5.932554864022131
39930.230266432845,6.356308782880855
39950.27138268335,5.932554864022131
39970.31249893386,5.932554864022131
39990.353615184365,2.118769594293618
40010.39473143488,7.203816620598302
40030.43584768538,5.085047026304684
40050.476963935886,5.508800945163408
40070.5180801864,4.237539188587236
40090.5591964369,5.508800945163408
40110.60031268741,3.813785269728513
40130.64142893792,4.66129310744596
40150.68254518842,6.7800627017395785
40170.72366143893,4.237539188587236
40190.76477768944,6.7800627017395785
40210.80589393994,3.813785269728513
40230.84701019045,3.813785269728513
40250.88812644096,6.7800627017395785
40270.92924269147,3.3900313508697892
40290.97035894197,5.932554864022131
40311.01147519248,5.085047026304684
40331.05259144299,7.203816620598302
40351.09370769349,5.085047026304684
40371.134823944,4.66129310744596
40391.17594019451,4.66129310744596
40411.21705644501,3.813785269728513
40431.258172695525,4.237539188587236
40451.29928894603,5.085047026304684
40471.34040519653,4.66129310744596
40491.381521447045,5.508800945163408
40511.42263769755,6.7800627017395785
40531.46375394805,4.66129310744596
40551.504870198565,5.932554864022131
40571.54598644907,6.7800627017395785
40591.58710269958,4.237539188587236
40611.628218950085,3.813785269728513
40631.66933520059,4.66129310744596
40651.7104514511,3.3900313508697892
40671.751567701605,4.66129310744596
40691.79268395212,4.237539188587236
40711.83380020262,5.508800945163408
40731.874916453125,4.237539188587236
40751.91603270364,5.932554864022131
40771.95714895414,8.475078377174473
40791.998265204646,5.932554864022131
40812.03938145516,2.118769594293618
40832.08049770566,3.813785269728513
40852.12161395617,3.813785269728513
40872.16273020668,2.118769594293618
40892.20384645718,5.932554864022131
40912.24496270769,5.085047026304684
40932.2860789582,5.508800945163408
40952.3271952087,4.66129310744596
40972.36831145921,5.932554864022131
40992.40942770972,4.66129310744596
41012.45054396023,3.3900313508697892
