Energy (keV),Intensity (CPS)
-11.714420827690711,0.0
8.32669542281633,0.0
28.367811673323374,0.0
48.40892792383041,0.0
68.45004417433745,0.0
88.4911604248445,0.0
108.53227667535153,0.0
128.5733929258586,0.0
148.61450917636563,0.0
168.65562542687266,0.0
188.69674167737972,0.0
208.73785792788675,0.0
228.77897417839378,0.0
248.82009042890084,0.0
268.86120667940787,0.0
288.9023229299149,0.3871992026896301
308.94343918042193,0.0
328.984555430929,0.3871992026896301
349.025671681436,1.9359960134481504
369.06678793194305,1.1615976080688903
389.1079041824501,0.0
409.1490204329571,4.259191229585931
429.1901366834642,3.0975936215170408
449.23125293397123,4.646390432275561
469.27236918447824,6.1951872430340815
489.3134854349853,5.807988040344451
509.35460168549236,8.131183256482233
529.3957179359994,3.871992026896301
549.4368341865065,7.356784851102971
569.4779504370135,11.615976080688903
589.5190666875205,8.131183256482233
609.5601829380277,9.679980067240752
629.6012991885347,12.777573688757792
649.6424154390417,8.905581661861492
669.6835316895488,10.067179269930383
689.7246479400558,13.164772891447424
709.7657641905628,13.164772891447424
729.8068804410699,10.841577675309642
749.8479966915769,13.164772891447424
769.8891129420839,15.100768904895574
789.930229192591,12.390374486068163
809.971345443098,17.811163323722983
830.012461693605,12.777573688757792
850.0535779441121,14.326370499516313
870.0946941946191,17.036764918343724
890.1358104451261,11.228776877999273
910.1769266956333,15.487968107585203
930.2180429461403,18.585561729102245
950.2591591966473,15.100768904895574
970.3002754471544,14.713569702205943
990.3413916976614,11.615976080688903
1010.3825079481685,18.585561729102245
1030.4236241986755,12.390374486068163
1050.4647404491825,10.454378472620013
1070.5058566996895,8.518382459171862
1090.5469729501965,16.262366512964466
1110.5880892007037,13.164772891447424
1130.6292054512107,11.228776877999273
1150.6703217017177,13.164772891447424
1170.7114379522247,14.326370499516313
1190.7525542027317,11.615976080688903
1210.7936704532387,13.164772891447424
1230.834786703746,9.679980067240752
1250.875902954253,13.939171296826684
1270.91701920476,9.292780864551123
1290.958135455267,14.326370499516313
1310.999251705774,10.067179269930383
1331.0403679562812,12.390374486068163
1351.0814842067882,8.518382459171862
1371.1226004572952,13.551972094137053
1391.1637167078022,9.292780864551123
1411.2048329583092,10.067179269930383
1431.2459492088162,8.905581661861492
1451.2870654593235,9.679980067240752
1471.3281817098305,11.228776877999273
1491.3692979603375,10.841577675309642
1511.4104142108445,6.969585648413342
1531.4515304613515,10.454378472620013
1551.4926467118585,13.939171296826684
1571.5337629623657,9.292780864551123
1591.5748792128727,13.939171296826684
1611.6159954633797,13.551972094137053
1631.6571117138867,10.067179269930383
1651.6982279643937,13.551972094137053
1671.7393442149007,11.615976080688903
1691.780460465408,6.969585648413342
1711.821576715915,13.939171296826684
1731.862692966422,9.292780864551123
1751.903809216929,11.615976080688903
1771.944925467436,10.841577675309642
1791.986041717943,10.841577675309642
1812.0271579684502,12.003175283378534
1832.0682742189572,10.454378472620013
1852.1093904694642,12.777573688757792
1872.1505067199712,11.228776877999273
1892.1916229704782,11.228776877999273
1912.2327392209852,6.1951872430340815
1932.2738554714924,12.777573688757792
1952.3149717219994,10.841577675309642
1972.3560879725064,10.841577675309642
1992.3972042230134,14.326370499516313
2012.4383204735204,14.713569702205943
2032.4794367240277,10.454378472620013
2052.5205529745344,11.615976080688903
2072.5616692250414,12.003175283378534
2092.6027854755484,13.939171296826684
2112.6439017260554,10.067179269930383
2132.6850179765624,12.390374486068163
2152.7261342270695,10.841577675309642
2172.7672504775765,8.518382459171862
2192.8083667280835,11.228776877999273
2212.849482978591,11.615976080688903
2232.890599229098,8.905581661861492
2252.931715479605,12.390374486068163
2272.972831730112,7.743984053792602
2293.013947980619,10.067179269930383
2313.055064231126,10.454378472620013
2333.096180481633,11.228776877999273
2353.13729673214,7.743984053792602
2373.178412982647,10.841577675309642
2393.219529233154,7.743984053792602
2413.260645483661,10.454378472620013
2433.301761734168,8.131183256482233
2453.3428779846754,8.131183256482233
2473.3839942351824,10.067179269930383
2493.4251104856894,12.003175283378534
2513.4662267361964,10.841577675309642
2533.5073429867034,8.131183256482233
2553.5484592372104,10.067179269930383
2573.5895754877174,5.807988040344451
2593.6306917382244,9.679980067240752
2613.6718079887314,11.228776877999273
2633.7129242392384,6.582386445723712
2653.7540404897454,9.292780864551123
2673.795156740253,6.1951872430340815
2693.83627299076,8.131183256482233
2713.877389241267,8.131183256482233
2733.918505491774,8.131183256482233
2753.959621742281,7.356784851102971
2774.000737992788,3.484792824206671
2794.041854243295,6.969585648413342
2814.082970493802,8.131183256482233
2834.124086744309,5.807988040344451
2854.165202994816,9.679980067240752
2874.206319245323,8.905581661861492
2894.24743549583,11.615976080688903
2914.2885517463374,8.518382459171862
2934.3296679968444,9.292780864551123
2954.3707842473514,6.969585648413342
2974.4119004978584,8.131183256482233
2994.4530167483654,6.969585648413342
3014.4941329988724,6.969585648413342
3034.5352492493794,7.356784851102971
3054.5763654998864,7.356784851102971
3074.6174817503934,9.679980067240752
3094.6585980009004,8.905581661861492
3114.6997142514074,7.743984053792602
3134.7408305019144,8.905581661861492
3154.781946752422,10.454378472620013
3174.823063002929,7.356784851102971
3194.864179253436,3.484792824206671
3214.905295503943,7.356784851102971
3234.94641175445,8.131183256482233
3254.987528004957,6.582386445723712
3275.028644255464,5.807988040344451
3295.069760505971,5.033589634965192
3315.110876756478,8.131183256482233
3335.151993006985,5.033589634965192
3355.193109257492,6.582386445723712
3375.2342255079993,3.871992026896301
3395.2753417585063,4.646390432275561
3415.3164580090133,9.679980067240752
3435.3575742595203,6.969585648413342
3455.3986905100273,4.259191229585931
3475.4398067605343,5.033589634965192
3495.4809230110413,6.1951872430340815
3515.5220392615483,2.3231952161377807
3535.5631555120553,5.033589634965192
3555.6042717625623,3.871992026896301
3575.6453880130694,5.420788837654821
3595.6865042635764,3.484792824206671
3615.727620514084,4.259191229585931
3635.768736764591,6.582386445723712
3655.809853015098,4.646390432275561
3675.850969265605,3.0975936215170408
3695.892085516112,3.871992026896301
3715.933201766619,3.871992026896301
3735.974318017126,3.871992026896301
3756.015434267633,2.3231952161377807
3776.05655051814,4.646390432275561
3796.097666768647,2.7103944188274105
3816.138783019154,2.7103944188274105
3836.179899269661,3.871992026896301
3856.2210155201683,3.484792824206671
3876.2621317706753,3.0975936215170408
3896.3032480211823,3.871992026896301
3916.3443642716893,3.484792824206671
3936.3854805221963,2.3231952161377807
3956.4265967727033,1.1615976080688903
3976.4677130232103,2.3231952161377807
3996.5088292737173,1.9359960134481504
4016.5499455242243,3.0975936215170408
4036.5910617747313,2.3231952161377807
4056.6321780252383,4.646390432275561
4076.673294275746,2.3231952161377807
4096.714410526253,2.3231952161377807
4116.75552677676,2.3231952161377807
4136.796643027267,2.3231952161377807
4156.837759277774,3.484792824206671
4176.878875528281,4.259191229585931
4196.919991778788,2.3231952161377807
4216.961108029295,1.5487968107585204
4237.002224279802,1.1615976080688903
4257.043340530309,1.9359960134481504
4277.084456780816,2.3231952161377807
4297.125573031323,0.7743984053792602
4317.16668928183,4.259191229585931
4337.207805532337,1.5487968107585204
4357.248921782844,3.484792824206671
4377.290038033351,1.9359960134481504
4397.331154283858,1.9359960134481504
4417.372270534365,1.1615976080688903
4437.413386784873,1.1615976080688903
4457.45450303538,2.3231952161377807
4477.495619285887,1.5487968107585204
4497.536735536394,1.9359960134481504
4517.577851786901,1.1615976080688903
4537.618968037408,1.1615976080688903
4557.660084287915,2.3231952161377807
4577.701200538422,0.7743984053792602
4597.742316788929,1.9359960134481504
4617.783433039436,3.0975936215170408
4637.824549289943,1.5487968107585204
4657.86566554045,1.1615976080688903
4677.906781790957,1.5487968107585204
4697.947898041464,1.1615976080688903
4717.989014291971,1.1615976080688903
4738.030130542478,0.3871992026896301
4758.071246792985,0.3871992026896301
4778.112363043492,2.3231952161377807
4798.153479293999,0.3871992026896301
4818.194595544506,1.5487968107585204
4838.235711795013,1.5487968107585204
4858.27682804552,1.5487968107585204
4878.317944296027,0.3871992026896301
4898.359060546535,0.0
4918.400176797042,1.1615976080688903
4938.441293047549,1.5487968107585204
4958.482409298056,0.7743984053792602
4978.523525548563,0.0
4998.56464179907,0.7743984053792602
5018.605758049577,1.5487968107585204
5038.646874300084,0.7743984053792602
5058.687990550591,0.3871992026896301
5078.729106801098,1.9359960134481504
5098.770223051605,0.0
5118.811339302112,0.3871992026896301
5138.852455552619,1.1615976080688903
5158.893571803126,0.0
5178.934688053633,1.1615976080688903
5198.97580430414,1.1615976080688903
5219.016920554647,1.1615976080688903
5239.058036805154,1.1615976080688903
5259.099153055661,0.3871992026896301
5279.140269306168,1.1615976080688903
5299.181385556675,1.1615976080688903
5319.222501807182,0.3871992026896301
5339.263618057689,1.1615976080688903
5359.304734308197,1.1615976080688903
5379.345850558704,0.7743984053792602
5399.386966809211,1.1615976080688903
5419.428083059718,1.1615976080688903
5439.469199310225,1.1615976080688903
5459.510315560732,1.5487968107585204
5479.551431811239,1.1615976080688903
5499.592548061746,0.3871992026896301
5519.633664312253,0.7743984053792602
5539.67478056276,0.3871992026896301
5559.715896813267,0.0
5579.757013063774,0.3871992026896301
5599.798129314281,0.3871992026896301
5619.839245564788,0.3871992026896301
5639.880361815295,0.0
5659.921478065802,0.0
5679.962594316309,1.1615976080688903
5700.003710566816,0.7743984053792602
5720.044826817323,0.3871992026896301
5740.08594306783,0.7743984053792602
5760.127059318337,0.3871992026896301
5780.168175568844,0.3871992026896301
5800.209291819351,1.1615976080688903
5820.250408069859,0.3871992026896301
5840.291524320366,0.3871992026896301
5860.332640570873,0.3871992026896301
5880.37375682138,0.7743984053792602
5900.414873071887,0.3871992026896301
5920.455989322394,0.3871992026896301
5940.497105572901,1.1615976080688903
5960.538221823408,0.7743984053792602
5980.579338073915,0.7743984053792602
6000.620454324422,0.0
6020.661570574929,0.0
6040.702686825436,0.7743984053792602
6060.743803075943,0.7743984053792602
6080.78491932645,0.7743984053792602
6100.826035576957,0.0
6120.867151827464,0.7743984053792602
6140.908268077971,0.7743984053792602
6160.949384328478,0.0
6180.990500578985,0.7743984053792602
6201.031616829492,0.0
6221.072733079999,0.3871992026896301
6241.113849330506,0.7743984053792602
6261.154965581013,0.7743984053792602
6281.19608183152,1.5487968107585204
6301.237198082028,1.9359960134481504
6321.278314332535,0.3871992026896301
6341.319430583042,1.9359960134481504
6361.360546833549,0.7743984053792602
6381.401663084056,2.3231952161377807
6401.442779334563,1.9359960134481504
6421.48389558507,1.9359960134481504
6441.525011835577,0.7743984053792602
6461.566128086084,1.9359960134481504
6481.607244336591,0.3871992026896301
6501.648360587098,0.7743984053792602
6521.689476837605,0.3871992026896301
6541.730593088112,0.3871992026896301
6561.771709338619,0.3871992026896301
6581.812825589126,0.0
6601.853941839633,1.1615976080688903
6621.89505809014,0.3871992026896301
6641.936174340647,0.0
6661.977290591154,0.3871992026896301
6682.018406841661,0.3871992026896301
6702.059523092168,0.7743984053792602
6722.100639342675,0.0
6742.141755593182,0.3871992026896301
6762.18287184369,0.0
6782.223988094197,0.0
6802.265104344704,0.7743984053792602
6822.306220595211,0.0
6842.347336845718,0.7743984053792602
6862.388453096225,0.3871992026896301
6882.429569346732,0.0
6902.470685597239,0.3871992026896301
6922.511801847746,0.0
6942.552918098253,0.7743984053792602
6962.59403434876,0.7743984053792602
6982.635150599267,1.5487968107585204
7002.676266849774,1.9359960134481504
7022.717383100281,0.7743984053792602
7042.758499350788,1.9359960134481504
7062.799615601295,0.7743984053792602
7082.840731851802,0.3871992026896301
7102.881848102309,0.7743984053792602
7122.922964352816,0.0
7142.964080603323,0.7743984053792602
7163.00519685383,0.3871992026896301
7183.046313104337,0.7743984053792602
7203.087429354844,0.0
7223.128545605352,0.3871992026896301
7243.169661855859,0.3871992026896301
7263.210778106366,0.0
7283.251894356873,0.0
7303.29301060738,0.7743984053792602
7323.334126857887,0.3871992026896301
7343.375243108394,0.7743984053792602
7363.416359358901,0.3871992026896301
7383.457475609408,0.7743984053792602
7403.498591859915,1.1615976080688903
7423.539708110422,0.3871992026896301
7443.580824360929,0.3871992026896301
7463.621940611436,1.5487968107585204
7483.663056861943,0.7743984053792602
7503.70417311245,0.7743984053792602
7523.745289362957,0.3871992026896301
7543.786405613464,0.3871992026896301
7563.827521863971,0.7743984053792602
7583.868638114478,0.3871992026896301
7603.909754364985,0.0
7623.950870615492,0.3871992026896301
7643.991986865999,0.0
7664.033103116506,0.0
7684.074219367013,0.7743984053792602
7704.115335617521,1.1615976080688903
7724.156451868028,0.3871992026896301
7744.197568118535,1.1615976080688903
7764.238684369042,0.7743984053792602
7784.279800619549,0.3871992026896301
7804.320916870056,1.1615976080688903
7824.362033120563,2.3231952161377807
7844.40314937107,0.7743984053792602
7864.444265621577,1.9359960134481504
7884.485381872084,2.3231952161377807
7904.526498122591,2.7103944188274105
7924.567614373098,3.871992026896301
7944.608730623605,5.033589634965192
7964.649846874112,6.969585648413342
7984.690963124619,8.905581661861492
8004.732079375126,13.164772891447424
8024.773195625633,16.649565715654095
8044.81431187614,15.100768904895574
8064.855428126647,14.326370499516313
8084.896544377154,14.713569702205943
8104.937660627661,8.905581661861492
8124.978776878168,7.356784851102971
8145.019893128675,3.871992026896301
8165.061009379183,0.7743984053792602
8185.102125629689,2.7103944188274105
8205.143241880196,0.7743984053792602
8225.184358130702,0.0
8245.22547438121,0.7743984053792602
8265.266590631716,0.3871992026896301
8285.307706882224,1.1615976080688903
8305.34882313273,0.7743984053792602
8325.389939383238,0.7743984053792602
8345.431055633744,0.0
8365.472171884252,2.7103944188274105
8385.51328813476,1.1615976080688903
8405.554404385266,0.3871992026896301
8425.595520635774,1.5487968107585204
8445.63663688628,2.3231952161377807
8465.677753136788,3.0975936215170408
8485.718869387294,5.033589634965192
8505.759985637802,10.067179269930383
8525.801101888308,15.487968107585203
8545.842218138816,25.167948174825955
8565.883334389322,43.7535099039282
8585.92445063983,50.33589634965191
8605.965566890336,68.53425887606453
8626.006683140844,59.24147801151341
8646.04779939135,63.11347003840971
8666.088915641858,53.43348997116895
8686.130031892364,39.49431867434227
8706.171148142872,35.622326647445966
8726.212264393378,21.295956147929655
8746.253380643886,9.292780864551123
8766.294496894392,11.228776877999273
8786.3356131449,5.420788837654821
8806.376729395406,3.0975936215170408
8826.417845645914,2.7103944188274105
8846.45896189642,2.3231952161377807
8866.500078146928,3.0975936215170408
8886.541194397436,1.5487968107585204
8906.582310647942,5.807988040344451
8926.62342689845,2.7103944188274105
8946.664543148956,4.646390432275561
8966.705659399464,4.259191229585931
8986.74677564997,1.9359960134481504
9006.787891900478,3.0975936215170408
9026.829008150984,1.1615976080688903
9046.870124401492,1.1615976080688903
9066.911240651998,0.3871992026896301
9086.952356902506,0.7743984053792602
9106.993473153012,1.5487968107585204
9127.03458940352,1.1615976080688903
9147.075705654026,1.5487968107585204
9167.116821904534,0.3871992026896301
9187.15793815504,0.0
9207.199054405548,0.0
9227.240170656054,1.1615976080688903
9247.281286906562,0.7743984053792602
9267.322403157068,0.7743984053792602
9287.363519407576,0.7743984053792602
9307.404635658082,0.3871992026896301
9327.44575190859,0.3871992026896301
9347.486868159098,2.3231952161377807
9367.527984409604,2.3231952161377807
9387.569100660112,0.7743984053792602
9407.610216910618,3.484792824206671
9427.651333161126,4.259191229585931
9447.692449411632,5.033589634965192
9467.73356566214,5.033589634965192
9487.774681912646,6.582386445723712
9507.815798163154,6.582386445723712
9527.85691441366,11.228776877999273
9547.898030664168,14.326370499516313
9567.939146914674,12.390374486068163
9587.980263165182,11.615976080688903
9608.021379415688,7.743984053792602
9628.062495666196,5.420788837654821
9648.103611916702,3.484792824206671
9668.14472816721,3.484792824206671
9688.185844417716,3.484792824206671
9708.226960668224,1.5487968107585204
9728.26807691873,0.3871992026896301
9748.309193169238,0.3871992026896301
9768.350309419744,0.7743984053792602
9788.391425670252,1.1615976080688903
9808.43254192076,0.7743984053792602
9828.473658171266,0.7743984053792602
9848.514774421774,0.0
9868.55589067228,0.0
9888.597006922788,0.3871992026896301
9908.638123173294,0.0
9928.679239423802,0.3871992026896301
9948.720355674308,0.7743984053792602
9968.761471924816,0.7743984053792602
9988.802588175322,0.3871992026896301
10008.84370442583,0.3871992026896301
10028.884820676336,0.3871992026896301
10048.925936926844,1.1615976080688903
10068.96705317735,0.0
10089.008169427858,0.3871992026896301
10109.049285678364,0.0
10129.090401928872,0.0
10149.131518179378,0.3871992026896301
10169.172634429886,0.3871992026896301
10189.213750680392,0.0
10209.2548669309,1.1615976080688903
10229.295983181406,0.7743984053792602
10249.337099431914,0.7743984053792602
10269.378215682422,1.5487968107585204
10289.419331932928,0.7743984053792602
10309.460448183436,0.0
10329.501564433942,0.3871992026896301
10349.54268068445,0.7743984053792602
10369.583796934956,1.1615976080688903
10389.624913185464,0.0
10409.66602943597,0.0
10429.707145686478,0.7743984053792602
10449.748261936984,0.3871992026896301
10469.789378187492,0.3871992026896301
10489.830494437998,0.0
10509.871610688506,0.7743984053792602
10529.912726939012,1.5487968107585204
10549.95384318952,0.3871992026896301
10569.994959440026,1.1615976080688903
10590.036075690534,1.5487968107585204
10610.07719194104,2.3231952161377807
10630.118308191548,3.484792824206671
10650.159424442054,4.646390432275561
10670.200540692562,7.356784851102971
10690.241656943068,11.615976080688903
10710.282773193576,15.875167310274835
10730.323889444084,24.393549769446697
10750.36500569459,21.295956147929655
10770.406121945098,38.71992026896301
10790.447238195604,47.23830272813487
10810.488354446112,55.36948598461711
10830.529470696618,54.20788837654821
10850.570586947126,60.01587641689267
10870.611703197632,55.756685187306736
10890.65281944814,36.39672505282523
10910.693935698646,33.29913143130819
10930.735051949154,33.29913143130819
10950.77616819966,24.006350566757067
10970.817284450168,13.551972094137053
10990.858400700674,6.582386445723712
11010.899516951182,5.807988040344451
11030.940633201688,1.9359960134481504
11050.981749452196,0.7743984053792602
11071.022865702702,1.1615976080688903
11091.06398195321,0.7743984053792602
11111.105098203716,0.3871992026896301
11131.146214454224,0.0
11151.18733070473,1.1615976080688903
11171.228446955238,0.0
11191.269563205746,0.3871992026896301
11211.310679456252,0.3871992026896301
11231.35179570676,1.1615976080688903
11251.392911957266,0.0
11271.434028207774,0.3871992026896301
11291.47514445828,0.0
11311.516260708788,0.0
11331.557376959294,0.0
11351.598493209802,0.0
11371.639609460308,1.1615976080688903
11391.680725710816,0.3871992026896301
11411.721841961322,0.0
11431.76295821183,1.9359960134481504
11451.804074462336,0.7743984053792602
11471.845190712844,0.7743984053792602
11491.88630696335,0.0
11511.927423213858,1.5487968107585204
11531.968539464364,1.1615976080688903
11552.009655714872,0.7743984053792602
11572.050771965378,0.0
11592.091888215886,1.1615976080688903
11612.133004466392,0.3871992026896301
11632.1741207169,2.7103944188274105
11652.215236967408,1.9359960134481504
11672.256353217914,1.9359960134481504
11692.297469468422,0.3871992026896301
11712.338585718928,2.7103944188274105
11732.379701969436,1.1615976080688903
11752.420818219942,0.3871992026896301
11772.46193447045,1.1615976080688903
11792.503050720956,1.5487968107585204
11812.544166971464,0.3871992026896301
11832.58528322197,0.7743984053792602
11852.626399472478,0.7743984053792602
11872.667515722984,0.3871992026896301
11892.708631973492,0.7743984053792602
11912.749748223998,0.0
11932.790864474506,0.7743984053792602
11952.831980725012,0.3871992026896301
11972.87309697552,0.7743984053792602
11992.914213226026,0.0
12012.955329476534,0.0
12032.99644572704,1.1615976080688903
12053.037561977548,0.3871992026896301
12073.078678228054,0.0
12093.119794478562,0.0
12113.160910729068,0.0
12133.202026979576,0.7743984053792602
12153.243143230084,1.1615976080688903
12173.28425948059,1.1615976080688903
12193.325375731098,0.0
12213.366491981604,2.3231952161377807
12233.407608232112,0.3871992026896301
12253.448724482618,0.0
12273.489840733126,0.7743984053792602
12293.530956983632,0.0
12313.57207323414,0.3871992026896301
12333.613189484646,0.3871992026896301
12353.654305735154,1.1615976080688903
12373.69542198566,0.7743984053792602
12393.736538236168,0.7743984053792602
12413.777654486674,2.3231952161377807
12433.818770737182,2.7103944188274105
12453.859886987688,2.7103944188274105
12473.901003238196,0.3871992026896301
12493.942119488702,1.1615976080688903
12513.98323573921,2.7103944188274105
12534.024351989716,3.0975936215170408
12554.065468240224,2.3231952161377807
12574.10658449073,3.484792824206671
12594.147700741238,6.582386445723712
12614.188816991746,2.7103944188274105
12634.229933242252,3.871992026896301
12654.27104949276,6.1951872430340815
12674.312165743266,4.646390432275561
12694.353281993774,4.646390432275561
12714.39439824428,5.420788837654821
12734.435514494788,5.420788837654821
12754.476630745294,5.420788837654821
12774.517746995802,6.969585648413342
12794.558863246308,6.582386445723712
12814.599979496816,8.131183256482233
12834.641095747322,8.518382459171862
12854.68221199783,9.292780864551123
12874.723328248336,16.262366512964466
12894.764444498844,21.295956147929655
12914.80556074935,25.167948174825955
12934.846676999858,41.81751389048005
12954.887793250364,45.68950591737635
12974.928909500872,56.918282795375625
12994.970025751378,63.50066924109934
13015.011142001886,62.72627083572007
13035.052258252392,61.564673227651184
13055.0933745029,55.36948598461711
13075.134490753408,55.36948598461711
13095.175607003914,37.17112345820449
13115.216723254422,30.975936215170407
13135.257839504928,20.908756945240025
13155.298955755436,13.939171296826684
13175.340072005942,15.100768904895574
13195.38118825645,10.841577675309642
13215.422304506956,8.518382459171862
13235.463420757464,6.582386445723712
13255.50453700797,4.259191229585931
13275.545653258478,5.807988040344451
13295.586769508984,6.1951872430340815
13315.627885759492,5.420788837654821
13335.669002009998,5.033589634965192
13355.710118260506,4.259191229585931
13375.751234511012,5.033589634965192
13395.79235076152,3.484792824206671
13415.833467012026,3.871992026896301
13435.874583262534,2.3231952161377807
13455.91569951304,1.5487968107585204
13475.956815763548,1.9359960134481504
13495.997932014054,1.1615976080688903
13516.039048264562,4.259191229585931
13536.08016451507,1.1615976080688903
13556.121280765576,0.7743984053792602
13576.162397016084,0.7743984053792602
13596.20351326659,1.1615976080688903
13616.244629517098,0.7743984053792602
13636.285745767604,0.3871992026896301
13656.326862018112,0.7743984053792602
13676.367978268618,0.7743984053792602
13696.409094519126,1.9359960134481504
13716.450210769632,1.5487968107585204
13736.49132702014,1.1615976080688903
13756.532443270646,0.7743984053792602
13776.573559521154,1.1615976080688903
13796.61467577166,0.7743984053792602
13816.655792022168,0.7743984053792602
13836.696908272674,0.7743984053792602
13856.738024523182,1.1615976080688903
13876.779140773688,1.9359960134481504
13896.820257024196,0.0
13916.861373274702,1.9359960134481504
13936.90248952521,1.5487968107585204
13956.943605775716,1.5487968107585204
13976.984722026224,2.3231952161377807
13997.025838276732,2.3231952161377807
14017.066954527238,4.259191229585931
14037.108070777746,3.871992026896301
14057.149187028252,3.484792824206671
14077.19030327876,5.420788837654821
14097.231419529266,5.807988040344451
14117.272535779774,6.582386445723712
14137.31365203028,6.582386445723712
14157.354768280788,6.969585648413342
14177.395884531294,4.646390432275561
14197.437000781802,3.871992026896301
14217.478117032308,4.259191229585931
14237.519233282816,3.871992026896301
14257.560349533322,3.0975936215170408
14277.60146578383,1.1615976080688903
14297.642582034336,2.7103944188274105
14317.683698284844,0.0
14337.72481453535,1.9359960134481504
14357.765930785858,0.7743984053792602
14377.807047036364,0.7743984053792602
14397.848163286872,1.1615976080688903
14417.889279537378,1.1615976080688903
14437.930395787886,1.1615976080688903
14457.971512038393,0.7743984053792602
14478.0126282889,0.7743984053792602
14498.053744539407,0.7743984053792602
14518.094860789914,0.3871992026896301
14538.135977040421,0.3871992026896301
14558.177093290928,1.1615976080688903
14578.218209541435,1.1615976080688903
14598.259325791942,1.1615976080688903
14618.30044204245,0.3871992026896301
14638.341558292956,1.5487968107585204
14658.382674543464,1.5487968107585204
14678.42379079397,1.5487968107585204
14698.464907044478,2.7103944188274105
14718.506023294984,1.1615976080688903
14738.547139545492,1.1615976080688903
14758.588255795998,1.9359960134481504
14778.629372046506,2.3231952161377807
14798.670488297012,1.1615976080688903
14818.71160454752,0.3871992026896301
14838.752720798026,1.1615976080688903
14858.793837048534,1.1615976080688903
14878.83495329904,0.3871992026896301
14898.876069549548,1.5487968107585204
14918.917185800055,2.3231952161377807
14938.958302050562,0.3871992026896301
14958.99941830107,1.5487968107585204
14979.040534551576,1.5487968107585204
14999.081650802083,1.9359960134481504
15019.12276705259,3.871992026896301
15039.163883303097,2.3231952161377807
15059.204999553604,3.871992026896301
15079.246115804111,1.9359960134481504
15099.287232054618,4.259191229585931
15119.328348305125,4.646390432275561
15139.369464555632,4.646390432275561
15159.41058080614,5.807988040344451
15179.451697056646,8.518382459171862
15199.492813307153,9.679980067240752
15219.53392955766,10.841577675309642
15239.575045808167,10.841577675309642
15259.616162058674,8.131183256482233
15279.657278309181,9.292780864551123
15299.698394559688,9.292780864551123
15319.739510810195,8.518382459171862
15339.780627060702,6.582386445723712
15359.82174331121,2.7103944188274105
15379.862859561716,4.646390432275561
15399.903975812224,1.1615976080688903
15419.945092062731,1.5487968107585204
15439.986208313238,3.0975936215170408
15460.027324563745,1.5487968107585204
15480.068440814252,1.5487968107585204
15500.10955706476,2.3231952161377807
15520.150673315266,2.7103944188274105
15540.191789565773,3.871992026896301
15560.23290581628,5.807988040344451
15580.274022066787,7.743984053792602
15600.315138317294,4.259191229585931
15620.356254567801,10.454378472620013
15640.397370818308,7.743984053792602
15660.438487068815,11.615976080688903
15680.479603319322,11.228776877999273
15700.52071956983,13.939171296826684
15720.561835820336,12.390374486068163
15740.602952070843,15.100768904895574
15760.64406832135,7.743984053792602
15780.685184571857,10.067179269930383
15800.726300822364,15.487968107585203
15820.767417072871,10.841577675309642
15840.808533323378,8.905581661861492
15860.849649573885,6.1951872430340815
15880.890765824393,7.356784851102971
15900.9318820749,6.969585648413342
15920.972998325407,1.5487968107585204
15941.014114575913,3.0975936215170408
15961.055230826421,2.3231952161377807
15981.096347076927,3.871992026896301
16001.137463327435,3.484792824206671
16021.178579577941,3.0975936215170408
16041.21969582845,1.1615976080688903
16061.260812078955,1.9359960134481504
16081.301928329463,1.1615976080688903
16101.34304457997,1.9359960134481504
16121.384160830477,1.5487968107585204
16141.425277080984,2.3231952161377807
16161.466393331491,4.646390432275561
16181.507509581998,6.582386445723712
16201.548625832505,3.484792824206671
16221.589742083012,2.7103944188274105
16241.63085833352,2.3231952161377807
16261.671974584026,2.7103944188274105
16281.713090834533,3.0975936215170408
16301.75420708504,4.259191229585931
16321.795323335547,4.259191229585931
16341.836439586055,3.871992026896301
16361.877555836561,4.259191229585931
16381.918672087068,3.484792824206671
16401.959788337575,2.3231952161377807
16422.000904588083,3.0975936215170408
16442.04202083859,2.7103944188274105
16462.083137089096,5.420788837654821
16482.124253339603,5.420788837654821
16502.16536959011,1.9359960134481504
16522.20648584062,3.871992026896301
16542.247602091124,4.259191229585931
16562.28871834163,3.484792824206671
16582.32983459214,3.484792824206671
16602.370950842647,3.484792824206671
16622.41206709315,1.5487968107585204
16642.45318334366,4.259191229585931
16662.494299594167,3.0975936215170408
16682.535415844675,3.871992026896301
16702.57653209518,3.484792824206671
16722.617648345687,3.484792824206671
16742.658764596195,5.033589634965192
16762.699880846703,5.033589634965192
16782.74099709721,4.259191229585931
16802.782113347715,6.1951872430340815
16822.823229598223,4.259191229585931
16842.86434584873,3.871992026896301
16862.90546209924,4.646390432275561
16882.946578349744,1.9359960134481504
16902.98769460025,4.259191229585931
16923.02881085076,5.420788837654821
16943.069927101267,2.7103944188274105
16963.11104335177,4.646390432275561
16983.15215960228,4.259191229585931
17003.193275852787,3.484792824206671
17023.234392103295,5.807988040344451
17043.2755083538,3.871992026896301
17063.316624604307,8.518382459171862
17083.357740854815,6.969585648413342
17103.398857105323,4.259191229585931
17123.439973355828,7.743984053792602
17143.481089606335,5.807988040344451
17163.522205856843,8.131183256482233
17183.56332210735,5.033589634965192
17203.604438357856,6.582386445723712
17223.645554608363,7.356784851102971
17243.68667085887,12.390374486068163
17263.72778710938,8.518382459171862
17283.768903359887,13.551972094137053
17303.81001961039,18.972760931791875
17323.8511358609,18.972760931791875
17343.892252111407,24.006350566757067
17363.933368361915,24.393549769446697
17383.97448461242,23.231952161377805
17404.015600862927,34.84792824206671
17424.056717113435,36.78392425551486
17444.097833363943,34.84792824206671
17464.138949614447,31.75033462054967
17484.180065864955,32.52473302592893
17504.221182115463,32.91193222861856
17524.26229836597,31.75033462054967
17544.303414616475,31.363135417860036
17564.344530866983,20.134358539860767
17584.38564711749,18.198362526412616
17604.426763368,17.423964121033354
17624.467879618504,10.841577675309642
17644.50899586901,15.875167310274835
17664.55011211952,14.326370499516313
17684.591228370027,10.454378472620013
17704.63234462053,10.841577675309642
17724.67346087104,9.292780864551123
17744.714577121547,9.292780864551123
17764.755693372055,7.356784851102971
17784.796809622563,7.743984053792602
17804.837925873067,6.969585648413342
17824.879042123575,8.131183256482233
17844.920158374083,10.067179269930383
17864.96127462459,8.905581661861492
17885.002390875095,10.067179269930383
17905.043507125603,9.679980067240752
17925.08462337611,6.969585648413342
17945.12573962662,9.679980067240752
17965.166855877123,7.356784851102971
17985.20797212763,9.292780864551123
18005.24908837814,12.390374486068163
18025.290204628647,7.356784851102971
18045.33132087915,8.131183256482233
18065.37243712966,9.679980067240752
18085.413553380167,11.615976080688903
18105.454669630675,6.1951872430340815
18125.49578588118,8.905581661861492
18145.536902131687,13.551972094137053
18165.578018382195,10.067179269930383
18185.619134632703,9.679980067240752
18205.66025088321,12.777573688757792
18225.701367133715,14.326370499516313
18245.742483384223,14.713569702205943
18265.78359963473,11.615976080688903
18285.82471588524,14.326370499516313
18305.865832135743,14.326370499516313
18325.90694838625,13.939171296826684
18345.94806463676,13.551972094137053
18365.989180887267,17.811163323722983
18386.03029713777,15.100768904895574
18406.07141338828,15.875167310274835
18426.112529638787,18.198362526412616
18446.153645889295,20.908756945240025
18466.1947621398,19.747159337171134
18486.235878390307,22.457553755998546
18506.276994640815,15.100768904895574
18526.318110891323,27.491143390963735
18546.359227141827,25.555147377515585
18566.400343392335,23.619151364067434
18586.441459642843,29.81433860710152
18606.48257589335,26.329545782894847
18626.523692143855,30.975936215170407
18646.564808394363,39.8815178770319
18666.60592464487,34.46072903937708
18686.64704089538,39.10711947165264
18706.688157145887,42.97911149854894
18726.72927339639,37.94552186358375
18746.7703896469,40.65591628241116
18766.811505897407,42.97911149854894
18786.852622147915,43.36631070123857
18806.89373839842,44.91510751199709
18826.934854648927,40.65591628241116
18846.975970899435,49.94869714696228
18867.017087149943,54.59508757923784
18887.058203400447,63.88786844378897
18907.099319650955,52.271892363100065
18927.140435901463,48.399900336203764
18947.18155215197,50.72309555234154
18967.222668402475,58.85427880882377
18987.263784652983,55.756685187306736
19007.30490090349,48.78709953889339
19027.346017154,44.91510751199709
19047.387133404503,49.17429874158302
19067.42824965501,41.43031468779042
19087.46936590552,44.91510751199709
19107.510482156027,47.6255019308245
19127.551598406535,46.46390432275561
19147.59271465704,36.39672505282523
19167.633830907547,40.26871707972153
19187.674947158055,43.7535099039282
19207.716063408563,39.8815178770319
19227.757179659067,34.07352983668745
19247.798295909575,37.55832266089412
19267.839412160083,33.29913143130819
19287.88052841059,29.039940201722256
19307.921644661095,30.975936215170407
19327.962760911603,25.555147377515585
19348.00387716211,27.103944188274106
19368.04499341262,23.231952161377805
19388.086109663123,24.006350566757067
19408.12722591363,22.844752958688176
19428.16834216414,25.167948174825955
19448.209458414647,22.457553755998546
19468.25057466515,19.747159337171134
19488.29169091566,26.716744985584477
19508.332807166167,25.942346580205218
19528.373923416675,25.167948174825955
19548.41503966718,20.908756945240025
19568.456155917687,24.393549769446697
19588.497272168195,26.716744985584477
19608.538388418703,27.491143390963735
19628.57950466921,25.167948174825955
19648.620620919715,22.457553755998546
19668.661737170223,23.619151364067434
19688.70285342073,19.747159337171134
19708.74396967124,17.423964121033354
19728.785085921743,17.423964121033354
19748.82620217225,20.908756945240025
19768.86731842276,16.262366512964466
19788.908434673267,18.198362526412616
19808.94955092377,18.585561729102245
19828.99066717428,21.295956147929655
19849.031783424787,16.649565715654095
19869.072899675295,18.972760931791875
19889.1140159258,26.329545782894847
19909.155132176307,15.487968107585203
19929.196248426815,24.393549769446697
19949.237364677323,19.359960134481504
19969.278480927827,18.585561729102245
19989.319597178335,26.716744985584477
20009.360713428843,23.619151364067434
20029.40182967935,27.491143390963735
20049.44294592986,29.81433860710152
20069.484062180363,21.295956147929655
20089.52517843087,28.265541796342998
20109.56629468138,34.84792824206671
20129.607410931887,26.716744985584477
20149.64852718239,32.52473302592893
20169.6896434329,25.167948174825955
20189.730759683407,29.427139404411886
20209.771875933915,29.039940201722256
20229.81299218442,29.039940201722256
20249.854108434927,26.329545782894847
20269.895224685435,25.942346580205218
20289.936340935943,27.878342593653368
20309.977457186447,28.265541796342998
20330.018573436955,24.393549769446697
20350.059689687463,24.006350566757067
20370.10080593797,23.619151364067434
20390.141922188475,22.070354553308917
20410.183038438983,22.844752958688176
20430.22415468949,25.167948174825955
20450.26527094,28.652740999032627
20470.306387190503,24.006350566757067
20490.34750344101,23.619151364067434
20510.38861969152,20.521557742550396
20530.429735942027,19.747159337171134
20550.470852192535,19.359960134481504
20570.51196844304,17.811163323722983
20590.553084693547,28.265541796342998
20610.594200944055,20.521557742550396
20630.635317194563,22.070354553308917
20650.676433445067,22.457553755998546
20670.717549695575,25.555147377515585
20690.758665946083,20.134358539860767
20710.79978219659,25.167948174825955
20730.840898447095,20.908756945240025
20750.882014697603,31.363135417860036
20770.92313094811,27.103944188274106
20790.96424719862,30.975936215170407
20811.005363449123,22.844752958688176
20831.04647969963,25.555147377515585
20851.08759595014,33.29913143130819
20871.128712200647,30.975936215170407
20891.16982845115,27.878342593653368
20911.21094470166,30.975936215170407
20931.252060952167,30.201537809791148
20951.293177202675,30.588737012480777
20971.33429345318,30.588737012480777
20991.375409703687,34.07352983668745
21011.416525954195,35.23512744475634
21031.457642204703,30.201537809791148
21051.49875845521,41.81751389048005
21071.539874705715,41.43031468779042
21091.580990956223,39.49431867434227
21111.62210720673,41.04311548510079
21131.66322345724,41.43031468779042
21151.704339707743,40.65591628241116
21171.74545595825,39.10711947165264
21191.78657220876,36.009525850135596
21211.827688459267,37.94552186358375
21231.86880470977,43.36631070123857
21251.90992096028,37.55832266089412
21271.951037210787,39.49431867434227
21291.992153461295,41.04311548510079
21312.0332697118,35.23512744475634
21332.074385962307,38.33272106627338
21352.115502212815,41.04311548510079
21372.156618463323,44.52790830930746
21392.197734713827,34.46072903937708
21412.238850964335,37.94552186358375
21432.279967214843,34.84792824206671
21452.32108346535,36.009525850135596
21472.36219971586,36.78392425551486
21492.403315966363,24.780748972136326
21512.44443221687,35.622326647445966
21532.48554846738,37.94552186358375
21552.526664717887,28.652740999032627
21572.56778096839,25.942346580205218
21592.6088972189,28.265541796342998
21612.650013469407,32.52473302592893
21632.691129719915,32.91193222861856
21652.73224597042,29.039940201722256
21672.773362220927,33.29913143130819
21692.814478471435,32.137533823239295
21712.855594721943,35.622326647445966
21732.896710972447,27.878342593653368
21752.937827222955,32.137533823239295
21772.978943473463,27.878342593653368
21793.02005972397,25.167948174825955
21813.061175974475,29.427139404411886
21833.102292224983,27.491143390963735
21853.14340847549,24.393549769446697
21873.184524726,28.265541796342998
21893.225640976503,33.68633063399782
21913.26675722701,23.231952161377805
21933.30787347752,28.265541796342998
21953.348989728027,29.81433860710152
21973.390105978535,29.427139404411886
21993.43122222904,22.844752958688176
22013.472338479547,26.716744985584477
22033.513454730055,25.942346580205218
22053.554570980563,28.265541796342998
22073.595687231067,29.81433860710152
22093.636803481575,25.942346580205218
22113.677919732083,22.457553755998546
22133.71903598259,36.39672505282523
22153.760152233095,25.555147377515585
22173.801268483603,27.878342593653368
22193.84238473411,25.942346580205218
22213.88350098462,30.201537809791148
22233.924617235123,25.942346580205218
22253.96573348563,24.393549769446697
22274.00684973614,34.07352983668745
22294.047965986647,36.39672505282523
22314.08908223715,22.844752958688176
22334.13019848766,30.975936215170407
22354.171314738167,27.103944188274106
22374.212430988675,27.878342593653368
22394.253547239183,26.716744985584477
22414.294663489687,27.878342593653368
22434.335779740195,31.363135417860036
22454.376895990703,27.491143390963735
22474.41801224121,29.039940201722256
22494.459128491715,32.137533823239295
22514.500244742223,27.103944188274106
22534.54136099273,34.07352983668745
22554.58247724324,30.975936215170407
22574.623593493743,28.652740999032627
22594.66470974425,36.39672505282523
22614.70582599476,30.201537809791148
22634.746942245267,37.17112345820449
22654.78805849577,31.75033462054967
22674.82917474628,27.491143390963735
22694.870290996787,32.137533823239295
22714.911407247295,32.91193222861856
22734.9525234978,33.68633063399782
22754.993639748307,32.137533823239295
22775.034755998815,38.33272106627338
22795.075872249323,29.427139404411886
22815.116988499827,32.91193222861856
22835.158104750335,32.52473302592893
22855.199221000843,31.363135417860036
22875.24033725135,26.716744985584477
22895.28145350186,28.265541796342998
22915.322569752363,31.363135417860036
22935.36368600287,26.716744985584477
22955.40480225338,27.491143390963735
22975.445918503887,29.039940201722256
22995.48703475439,29.039940201722256
23015.5281510049,26.716744985584477
23035.569267255407,32.52473302592893
23055.610383505915,27.491143390963735
23075.65149975642,30.975936215170407
23095.692616006927,28.265541796342998
23115.733732257435,32.52473302592893
23135.774848507943,32.137533823239295
23155.815964758447,26.716744985584477
23175.857081008955,27.103944188274106
23195.898197259463,29.039940201722256
23215.93931350997,25.167948174825955
23235.980429760475,31.75033462054967
23256.021546010983,28.265541796342998
23276.06266226149,27.103944188274106
23296.103778512,36.78392425551486
23316.144894762507,35.622326647445966
23336.18601101301,28.652740999032627
23356.22712726352,32.52473302592893
23376.268243514027,32.137533823239295
23396.309359764535,24.780748972136326
23416.35047601504,30.201537809791148
23436.391592265547,37.17112345820449
23456.432708516055,34.84792824206671
23476.473824766563,27.491143390963735
23496.514941017067,28.265541796342998
23516.556057267575,27.491143390963735
23536.597173518083,27.103944188274106
23556.63828976859,31.363135417860036
23576.679406019095,31.75033462054967
23596.720522269603,28.265541796342998
23616.76163852011,28.265541796342998
23636.80275477062,31.363135417860036
23656.843871021123,30.201537809791148
23676.88498727163,30.975936215170407
23696.92610352214,29.81433860710152
23716.967219772647,33.29913143130819
23737.00833602315,27.491143390963735
23757.04945227366,33.29913143130819
23777.090568524167,29.81433860710152
23797.131684774675,35.622326647445966
23817.172801025183,36.39672505282523
23837.213917275687,32.52473302592893
23857.255033526195,34.07352983668745
23877.296149776703,30.975936215170407
23897.33726602721,35.23512744475634
23917.378382277715,28.265541796342998
23937.419498528223,26.329545782894847
23957.46061477873,33.68633063399782
23977.50173102924,35.23512744475634
23997.542847279743,36.78392425551486
24017.58396353025,29.039940201722256
24037.62507978076,33.68633063399782
24057.666196031267,33.29913143130819
24077.70731228177,30.588737012480777
24097.74842853228,37.55832266089412
24117.789544782787,29.81433860710152
24137.830661033295,28.652740999032627
24157.8717772838,34.07352983668745
24177.912893534307,27.103944188274106
24197.954009784815,32.52473302592893
24217.995126035323,29.81433860710152
24238.036242285827,27.103944188274106
24258.077358536335,30.201537809791148
24278.118474786843,32.91193222861856
24298.15959103735,30.588737012480777
24318.20070728786,32.52473302592893
24338.241823538363,33.29913143130819
24358.28293978887,27.878342593653368
24378.32405603938,41.81751389048005
24398.365172289887,32.52473302592893
24418.40628854039,38.71992026896301
24438.4474047909,37.55832266089412
24458.488521041407,34.07352983668745
24478.529637291915,33.29913143130819
24498.57075354242,27.491143390963735
24518.611869792927,41.04311548510079
24538.652986043435,33.68633063399782
24558.694102293943,31.75033462054967
24578.735218544447,32.52473302592893
24598.776334794955,29.039940201722256
24618.817451045463,33.68633063399782
24638.85856729597,37.17112345820449
24658.899683546475,33.29913143130819
24678.940799796983,33.68633063399782
24698.98191604749,39.8815178770319
24719.023032298,36.78392425551486
24739.064148548507,31.75033462054967
24759.10526479901,35.622326647445966
24779.14638104952,33.29913143130819
24799.187497300027,30.201537809791148
24819.228613550535,31.75033462054967
24839.26972980104,40.26871707972153
24859.310846051547,39.49431867434227
24879.351962302055,36.009525850135596
24899.393078552563,33.29913143130819
24919.434194803067,33.68633063399782
24939.475311053575,37.94552186358375
24959.516427304083,37.17112345820449
24979.55754355459,41.04311548510079
24999.598659805095,31.363135417860036
25019.639776055603,39.8815178770319
25039.68089230611,41.81751389048005
25059.72200855662,34.46072903937708
25079.763124807123,42.59191229585931
25099.80424105763,40.26871707972153
25119.84535730814,33.29913143130819
25139.886473558647,34.46072903937708
25159.92758980915,34.46072903937708
25179.96870605966,41.43031468779042
25200.009822310167,36.78392425551486
25220.050938560675,43.7535099039282
25240.092054811183,42.97911149854894
25260.133171061687,40.26871707972153
25280.174287312195,41.04311548510079
25300.215403562703,42.20471309316968
25320.25651981321,42.97911149854894
25340.297636063715,41.43031468779042
25360.338752314223,46.07670512006598
25380.37986856473,37.55832266089412
25400.42098481524,30.588737012480777
25420.462101065743,35.23512744475634
25440.50321731625,42.97911149854894
25460.54433356676,38.33272106627338
25480.585449817267,33.29913143130819
25500.62656606777,34.46072903937708
25520.66768231828,31.75033462054967
25540.708798568787,34.07352983668745
25560.749914819295,38.71992026896301
25580.7910310698,32.52473302592893
25600.832147320307,41.43031468779042
25620.873263570815,34.07352983668745
25640.914379821323,34.07352983668745
25660.95549607183,33.68633063399782
25680.996612322335,35.622326647445966
25701.037728572843,35.23512744475634
25721.07884482335,39.49431867434227
25741.11996107386,36.78392425551486
25761.161077324363,39.8815178770319
25781.20219357487,35.23512744475634
25801.24330982538,41.43031468779042
25821.284426075887,32.91193222861856
25841.32554232639,41.04311548510079
25861.3666585769,41.43031468779042
25881.407774827407,34.46072903937708
25901.448891077915,37.55832266089412
25921.49000732842,43.7535099039282
25941.531123578927,38.33272106627338
25961.572239829435,31.363135417860036
25981.613356079943,41.04311548510079
26001.654472330447,35.23512744475634
26021.695588580955,44.91510751199709
26041.736704831463,36.78392425551486
26061.77782108197,35.622326647445966
26081.818937332475,36.009525850135596
26101.860053582983,35.23512744475634
26121.90116983349,39.10711947165264
26141.942286084,33.68633063399782
26161.983402334507,39.49431867434227
26182.02451858501,39.8815178770319
26202.06563483552,36.78392425551486
26222.106751086027,36.39672505282523
26242.147867336535,29.427139404411886
26262.18898358704,42.59191229585931
26282.230099837547,39.49431867434227
26302.271216088055,39.49431867434227
26322.312332338563,39.8815178770319
26342.353448589067,34.84792824206671
26362.394564839575,37.17112345820449
26382.435681090083,36.39672505282523
26402.47679734059,36.78392425551486
26422.517913591095,29.81433860710152
26442.559029841603,35.622326647445966
26462.60014609211,43.36631070123857
26482.64126234262,33.68633063399782
26502.682378593123,37.55832266089412
26522.72349484363,34.84792824206671
26542.76461109414,39.8815178770319
26562.805727344647,45.30230671468672
26582.846843595154,36.78392425551486
26602.88795984566,38.71992026896301
26622.929076096167,40.65591628241116
26642.970192346675,36.39672505282523
26663.011308597183,31.75033462054967
26683.052424847687,29.039940201722256
26703.093541098195,36.39672505282523
26723.134657348703,40.65591628241116
26743.17577359921,42.59191229585931
26763.216889849715,29.81433860710152
26783.258006100223,41.81751389048005
26803.29912235073,42.59191229585931
26823.34023860124,29.039940201722256
26843.381354851743,33.68633063399782
26863.42247110225,38.71992026896301
26883.46358735276,46.85110352544524
26903.504703603267,30.201537809791148
26923.54581985377,39.8815178770319
26943.58693610428,36.78392425551486
26963.628052354787,37.55832266089412
26983.669168605295,40.26871707972153
27003.7102848558,32.91193222861856
27023.751401106307,31.75033462054967
27043.792517356815,36.009525850135596
27063.833633607323,36.78392425551486
27083.87474985783,37.55832266089412
27103.915866108335,42.97911149854894
27123.956982358843,38.71992026896301
27143.99809860935,36.78392425551486
27164.03921485986,41.04311548510079
27184.080331110363,38.33272106627338
27204.12144736087,40.65591628241116
27224.16256361138,32.137533823239295
27244.203679861886,38.33272106627338
27264.24479611239,33.68633063399782
27284.2859123629,37.17112345820449
27304.327028613407,34.84792824206671
27324.368144863914,30.975936215170407
27344.40926111442,35.23512744475634
27364.450377364927,39.8815178770319
27384.491493615435,38.71992026896301
27404.532609865943,33.68633063399782
27424.573726116447,44.91510751199709
27444.614842366955,36.78392425551486
27464.655958617463,29.039940201722256
27484.69707486797,32.91193222861856
27504.738191118475,36.009525850135596
27524.779307368983,29.427139404411886
27544.82042361949,34.84792824206671
27564.86153987,32.91193222861856
27584.902656120506,33.29913143130819
27604.94377237101,39.8815178770319
27624.98488862152,38.71992026896301
27645.026004872027,32.137533823239295
27665.067121122534,37.55832266089412
27685.10823737304,35.622326647445966
27705.149353623547,30.975936215170407
27725.190469874055,39.8815178770319
27745.231586124562,35.23512744475634
27765.272702375067,33.68633063399782
27785.313818625575,35.23512744475634
27805.354934876083,36.009525850135596
27825.39605112659,41.81751389048005
27845.437167377095,35.622326647445966
27865.478283627603,41.43031468779042
27885.51939987811,36.78392425551486
27905.56051612862,33.68633063399782
27925.601632379123,39.10711947165264
27945.64274862963,30.975936215170407
27965.68386488014,36.39672505282523
27985.724981130646,39.10711947165264
28005.766097381154,36.009525850135596
28025.80721363166,35.622326647445966
28045.848329882167,34.07352983668745
28065.889446132674,34.46072903937708
28085.930562383182,29.427139404411886
28105.971678633687,37.94552186358375
28126.012794884195,31.363135417860036
28146.053911134703,41.43031468779042
28166.09502738521,42.97911149854894
28186.136143635715,39.49431867434227
28206.177259886223,24.006350566757067
28226.21837613673,27.491143390963735
28246.25949238724,33.29913143130819
28266.300608637743,39.8815178770319
28286.34172488825,35.622326647445966
28306.38284113876,34.07352983668745
28326.423957389266,34.07352983668745
28346.46507363977,30.201537809791148
28366.50618989028,37.55832266089412
28386.547306140787,30.201537809791148
28406.588422391294,36.78392425551486
28426.6295386418,38.71992026896301
28446.670654892307,35.23512744475634
28466.711771142815,36.78392425551486
28486.752887393322,39.49431867434227
28506.79400364383,33.29913143130819
28526.835119894335,32.137533823239295
28546.876236144843,33.68633063399782
28566.91735239535,40.26871707972153
28586.95846864586,38.33272106627338
28606.999584896363,44.91510751199709
28627.04070114687,39.10711947165264
28647.08181739738,31.363135417860036
28667.122933647886,36.78392425551486
28687.16404989839,35.622326647445966
28707.2051661489,41.04311548510079
28727.246282399406,34.07352983668745
28747.287398649914,37.17112345820449
28767.32851490042,33.29913143130819
28787.369631150927,37.17112345820449
28807.410747401434,33.29913143130819
28827.451863651942,33.68633063399782
28847.492979902447,32.137533823239295
28867.534096152955,36.009525850135596
28887.575212403463,26.716744985584477
28907.61632865397,37.94552186358375
28927.65744490448,38.33272106627338
28947.698561154983,31.75033462054967
28967.73967740549,29.81433860710152
28987.780793656,35.23512744475634
29007.821909906506,35.622326647445966
29027.86302615701,36.39672505282523
29047.90414240752,32.52473302592893
29067.945258658026,40.65591628241116
29087.986374908534,33.68633063399782
29108.02749115904,38.33272106627338
29128.068607409547,37.17112345820449
29148.109723660054,32.52473302592893
29168.150839910562,35.622326647445966
29188.191956161067,37.17112345820449
29208.233072411575,32.52473302592893
29228.274188662082,32.91193222861856
29248.31530491259,36.009525850135596
29268.356421163095,31.75033462054967
29288.397537413603,32.91193222861856
29308.43865366411,28.265541796342998
29328.47976991462,31.363135417860036
29348.520886165123,41.43031468779042
29368.56200241563,34.46072903937708
29388.60311866614,30.975936215170407
29408.644234916646,36.009525850135596
29428.685351167154,37.55832266089412
29448.72646741766,33.29913143130819
29468.767583668166,30.588737012480777
29488.808699918674,33.68633063399782
29508.849816169182,29.427139404411886
29528.890932419687,36.009525850135596
29548.932048670194,29.427139404411886
29568.973164920702,36.78392425551486
29589.01428117121,33.68633063399782
29609.055397421715,25.167948174825955
29629.096513672222,30.201537809791148
29649.13762992273,33.68633063399782
29669.17874617324,27.491143390963735
29689.219862423743,30.201537809791148
29709.26097867425,30.975936215170407
29729.30209492476,32.52473302592893
29749.343211175266,31.363135417860036
29769.38432742577,32.52473302592893
29789.42544367628,33.29913143130819
29809.466559926786,29.427139404411886
29829.507676177294,36.39672505282523
29849.548792427802,35.23512744475634
29869.589908678307,30.201537809791148
29889.631024928814,41.04311548510079
29909.672141179322,36.009525850135596
29929.71325742983,36.39672505282523
29949.754373680335,29.81433860710152
29969.795489930842,31.75033462054967
29989.83660618135,33.68633063399782
30009.87772243186,39.10711947165264
30029.918838682363,26.329545782894847
30049.95995493287,29.81433860710152
30070.00107118338,37.17112345820449
30090.042187433886,26.329545782894847
30110.08330368439,29.039940201722256
30130.1244199349,35.622326647445966
30150.165536185406,28.652740999032627
30170.206652435914,27.878342593653368
30190.24776868642,32.137533823239295
30210.288884936926,32.137533823239295
30230.330001187434,29.427139404411886
30250.371117437942,33.29913143130819
30270.412233688447,35.23512744475634
30290.453349938954,30.201537809791148
30310.494466189462,30.588737012480777
30330.53558243997,24.393549769446697
30350.57669869048,30.201537809791148
30370.617814940982,30.975936215170407
30390.65893119149,27.103944188274106
30410.700047442,28.265541796342998
30430.741163692506,34.84792824206671
30450.78227994301,31.75033462054967
30470.82339619352,27.103944188274106
30490.864512444026,28.265541796342998
30510.905628694534,27.491143390963735
30530.94674494504,29.039940201722256
30550.987861195546,24.393549769446697
30571.028977446054,24.006350566757067
30591.070093696562,34.07352983668745
30611.111209947067,25.555147377515585
30631.152326197574,32.52473302592893
30651.193442448082,26.716744985584477
30671.23455869859,28.265541796342998
30691.275674949095,27.103944188274106
30711.316791199602,32.137533823239295
30731.35790745011,24.006350566757067
30751.39902370062,29.81433860710152
30771.440139951123,25.942346580205218
30791.48125620163,29.039940201722256
30811.52237245214,29.427139404411886
30831.563488702646,30.975936215170407
30851.604604953154,28.652740999032627
30871.64572120366,25.942346580205218
30891.686837454166,30.588737012480777
30911.727953704674,29.81433860710152
30931.769069955182,28.265541796342998
30951.810186205686,32.52473302592893
30971.851302456194,29.81433860710152
30991.892418706702,25.167948174825955
31011.93353495721,25.555147377515585
31031.974651207714,33.29913143130819
31052.015767458222,24.780748972136326
31072.05688370873,30.201537809791148
31092.09799995924,29.81433860710152
31112.139116209742,27.878342593653368
31132.18023246025,25.942346580205218
31152.22134871076,29.427139404411886
31172.262464961266,28.652740999032627
31192.30358121177,26.329545782894847
31212.34469746228,25.942346580205218
31232.385813712786,26.329545782894847
31252.426929963294,24.780748972136326
31272.468046213802,25.942346580205218
31292.509162464306,30.588737012480777
31312.550278714814,25.555147377515585
31332.591394965322,26.329545782894847
31352.63251121583,25.167948174825955
31372.673627466334,20.908756945240025
31392.714743716842,30.588737012480777
31412.75585996735,33.29913143130819
31432.796976217858,22.844752958688176
31452.838092468362,27.878342593653368
31472.87920871887,29.81433860710152
31492.92032496938,28.265541796342998
31512.961441219886,29.427139404411886
31533.00255747039,24.006350566757067
31553.0436737209,27.103944188274106
31573.084789971406,26.329545782894847
31593.125906221914,23.231952161377805
31613.16702247242,30.201537809791148
31633.208138722926,20.134358539860767
31653.249254973434,25.167948174825955
31673.290371223942,29.039940201722256
31693.331487474446,20.908756945240025
31713.372603724954,24.006350566757067
31733.413719975462,26.329545782894847
31753.45483622597,28.652740999032627
31773.495952476478,27.103944188274106
31793.537068726982,27.103944188274106
31813.57818497749,22.070354553308917
31833.619301228,22.844752958688176
31853.660417478506,21.295956147929655
31873.70153372901,22.070354553308917
31893.74264997952,20.908756945240025
31913.783766230026,22.844752958688176
31933.824882480534,28.265541796342998
31953.86599873104,21.295956147929655
31973.907114981546,18.585561729102245
31993.948231232054,26.716744985584477
32013.989347482562,23.619151364067434
32034.030463733066,24.393549769446697
32054.071579983574,27.491143390963735
32074.112696234082,27.103944188274106
32094.15381248459,23.231952161377805
32114.194928735094,23.619151364067434
32134.236044985602,24.393549769446697
32154.27716123611,25.167948174825955
32174.318277486618,22.070354553308917
32194.359393737126,26.329545782894847
32214.40050998763,22.844752958688176
32234.44162623814,22.457553755998546
32254.482742488646,19.747159337171134
32274.523858739154,18.972760931791875
32294.56497498966,22.457553755998546
32314.606091240166,22.457553755998546
32334.647207490674,19.747159337171134
32354.688323741182,22.844752958688176
32374.729439991686,22.457553755998546
32394.770556242194,23.231952161377805
32414.811672492702,24.006350566757067
32434.85278874321,22.070354553308917
32454.893904993714,22.457553755998546
32474.935021244222,25.942346580205218
32494.97613749473,25.167948174825955
32515.017253745238,23.619151364067434
32535.058369995742,20.134358539860767
32555.09948624625,20.908756945240025
32575.14060249676,23.231952161377805
32595.181718747266,18.198362526412616
32615.22283499777,17.423964121033354
32635.26395124828,22.457553755998546
32655.305067498786,13.551972094137053
32675.346183749294,20.134358539860767
32695.387299999802,20.134358539860767
32715.428416250306,20.521557742550396
32735.469532500814,17.811163323722983
32755.510648751322,14.713569702205943
32775.55176500183,24.006350566757067
32795.59288125234,22.844752958688176
32815.633997502846,18.972760931791875
32835.67511375335,22.070354553308917
32855.71623000386,14.326370499516313
32875.757346254366,18.972760931791875
32895.79846250488,17.423964121033354
32915.83957875538,16.649565715654095
32935.880695005886,15.875167310274835
32955.9218112564,22.457553755998546
32975.9629275069,17.811163323722983
32996.004043757406,23.619151364067434
33016.04516000792,16.262366512964466
33036.08627625842,17.036764918343724
33056.12739250893,18.585561729102245
33076.16850875944,13.939171296826684
33096.20962500994,20.521557742550396
33116.250741260454,23.231952161377805
33136.29185751096,18.585561729102245
33156.33297376147,15.875167310274835
33176.374090011974,13.551972094137053
33196.41520626248,15.487968107585203
33216.45632251299,17.036764918343724
33236.497438763494,18.198362526412616
33256.538555014,18.972760931791875
33276.57967126451,20.521557742550396
33296.620787515014,13.939171296826684
33316.661903765525,16.262366512964466
33336.70302001603,15.487968107585203
33356.744136266534,15.487968107585203
33376.785252517046,15.487968107585203
33396.82636876755,11.228776877999273
33416.867485018054,18.198362526412616
33436.908601268566,12.390374486068163
33456.94971751907,16.262366512964466
33476.99083376958,9.679980067240752
33497.031950020086,18.585561729102245
33517.07306627059,13.551972094137053
33537.1141825211,16.649565715654095
33557.155298771606,18.972760931791875
33577.19641502212,13.164772891447424
33597.23753127262,13.939171296826684
33617.278647523126,13.164772891447424
33637.31976377364,12.777573688757792
33657.36088002414,17.423964121033354
33677.401996274646,18.972760931791875
33697.44311252516,11.228776877999273
33717.48422877566,10.841577675309642
33737.52534502617,10.841577675309642
33757.56646127668,8.518382459171862
33777.60757752718,13.939171296826684
33797.64869377769,15.100768904895574
33817.6898100282,13.939171296826684
33837.7309262787,15.487968107585203
33857.772042529214,14.326370499516313
33877.81315877972,14.713569702205943
33897.85427503023,11.615976080688903
33917.895391280734,8.905581661861492
33937.93650753124,9.292780864551123
33957.97762378175,12.390374486068163
33978.018740032254,10.841577675309642
33998.05985628276,11.228776877999273
34018.10097253327,13.551972094137053
34038.142088783774,10.067179269930383
34058.183205034285,13.164772891447424
34078.22432128479,11.615976080688903
34098.265437535294,8.905581661861492
34118.306553785806,8.905581661861492
34138.34767003631,9.679980067240752
34158.38878628682,9.679980067240752
34178.429902537326,13.551972094137053
34198.47101878783,11.228776877999273
34218.51213503834,8.131183256482233
34238.553251288846,10.841577675309642
34258.59436753935,7.743984053792602
34278.63548378986,7.356784851102971
34298.676600040366,10.067179269930383
34318.71771629088,11.615976080688903
34338.75883254138,10.454378472620013
34358.799948791886,11.228776877999273
34378.8410650424,5.807988040344451
34398.8821812929,5.420788837654821
34418.923297543406,10.841577675309642
34438.96441379392,6.582386445723712
34459.00553004442,9.679980067240752
34479.04664629493,6.969585648413342
34499.08776254544,9.679980067240752
34519.12887879594,11.615976080688903
34539.16999504645,6.1951872430340815
34559.21111129696,9.292780864551123
34579.25222754747,8.905581661861492
34599.293343797974,4.646390432275561
34619.33446004848,10.067179269930383
34639.37557629899,8.905581661861492
34659.416692549494,7.356784851102971
34679.4578088,7.356784851102971
34699.49892505051,5.420788837654821
34719.540041301014,8.905581661861492
34739.581157551525,8.905581661861492
34759.62227380203,7.743984053792602
34779.663390052534,8.518382459171862
34799.704506303045,8.905581661861492
34819.74562255355,5.033589634965192
34839.786738804054,4.646390432275561
34859.827855054566,5.420788837654821
34879.86897130507,3.484792824206671
34899.91008755558,4.646390432275561
34919.951203806086,3.484792824206671
34939.99232005659,5.420788837654821
34960.0334363071,5.033589634965192
34980.074552557606,2.3231952161377807
35000.11566880812,5.807988040344451
35020.15678505862,3.871992026896301
35040.197901309126,5.420788837654821
35060.23901755964,2.3231952161377807
35080.28013381014,7.743984053792602
35100.321250060646,6.1951872430340815
35120.36236631116,5.420788837654821
35140.40348256166,5.033589634965192
35160.44459881217,2.7103944188274105
35180.48571506268,5.420788837654821
35200.52683131318,3.871992026896301
35220.56794756369,4.646390432275561
35240.6090638142,5.033589634965192
35260.6501800647,4.259191229585931
35280.69129631521,1.5487968107585204
35300.73241256572,3.0975936215170408
35320.77352881623,3.871992026896301
35340.814645066734,4.259191229585931
35360.85576131724,3.0975936215170408
35380.89687756775,2.7103944188274105
35400.937993818254,4.646390432275561
35420.97911006876,2.3231952161377807
35441.02022631927,2.7103944188274105
35461.061342569774,3.0975936215170408
35481.102458820285,2.3231952161377807
35501.14357507079,1.9359960134481504
35521.184691321294,2.7103944188274105
35541.225807571805,2.3231952161377807
35561.26692382231,2.7103944188274105
35581.30804007282,2.7103944188274105
35601.349156323326,6.969585648413342
35621.39027257383,0.7743984053792602
35641.43138882434,1.9359960134481504
35661.472505074846,3.0975936215170408
35681.51362132535,2.7103944188274105
35701.55473757586,1.9359960134481504
35721.595853826366,2.3231952161377807
35741.63697007688,3.0975936215170408
35761.67808632738,1.5487968107585204
35781.719202577886,1.5487968107585204
35801.7603188284,3.0975936215170408
35821.8014350789,3.871992026896301
35841.842551329406,0.3871992026896301
35861.88366757992,1.9359960134481504
35881.92478383042,0.7743984053792602
35901.96590008093,3.484792824206671
35922.00701633144,1.9359960134481504
35942.04813258194,1.9359960134481504
35962.08924883245,1.1615976080688903
35982.13036508296,2.3231952161377807
36002.17148133347,3.0975936215170408
36022.21259758397,0.7743984053792602
36042.25371383448,2.7103944188274105
36062.29483008499,0.7743984053792602
36082.335946335494,2.3231952161377807
36102.377062586,1.1615976080688903
36122.41817883651,0.0
36142.459295087014,1.5487968107585204
36162.500411337525,1.5487968107585204
36182.54152758803,1.5487968107585204
36202.582643838534,2.3231952161377807
36222.623760089045,2.3231952161377807
36242.66487633955,0.7743984053792602
36262.705992590054,2.7103944188274105
36282.747108840565,1.5487968107585204
36302.78822509107,0.3871992026896301
36322.82934134158,0.7743984053792602
36342.870457592086,0.7743984053792602
36362.91157384259,0.7743984053792602
36382.9526900931,0.7743984053792602
36402.993806343606,0.3871992026896301
36423.03492259412,1.5487968107585204
36443.07603884462,0.7743984053792602
36463.117155095126,0.0
36483.15827134564,1.5487968107585204
36503.19938759614,1.1615976080688903
36523.240503846646,0.7743984053792602
36543.28162009716,0.7743984053792602
36563.32273634766,0.7743984053792602
36583.36385259817,0.3871992026896301
36603.40496884868,1.1615976080688903
36623.44608509918,0.7743984053792602
36643.48720134969,0.7743984053792602
36663.5283176002,1.1615976080688903
36683.5694338507,0.3871992026896301
36703.61055010121,0.7743984053792602
36723.65166635172,1.9359960134481504
36743.69278260223,0.3871992026896301
36763.73389885273,0.3871992026896301
36783.77501510324,0.0
36803.81613135375,0.7743984053792602
36823.857247604254,1.5487968107585204
36843.898363854765,1.5487968107585204
36863.93948010527,0.3871992026896301
36883.980596355774,0.3871992026896301
36904.021712606285,0.7743984053792602
36924.06282885679,0.0
36944.103945107294,0.0
36964.145061357805,1.1615976080688903
36984.18617760831,1.5487968107585204
37004.22729385882,0.3871992026896301
37024.268410109325,0.3871992026896301
37044.30952635983,0.3871992026896301
37064.35064261034,0.3871992026896301
37084.391758860846,0.3871992026896301
37104.43287511135,0.7743984053792602
37124.47399136186,0.3871992026896301
37144.515107612366,0.7743984053792602
37164.55622386288,0.3871992026896301
37184.59734011338,1.5487968107585204
37204.638456363886,0.3871992026896301
37224.6795726144,0.7743984053792602
37244.7206888649,1.1615976080688903
37264.761805115406,0.0
37284.80292136592,1.1615976080688903
37304.84403761642,0.0
37324.88515386693,0.7743984053792602
37344.92627011744,0.7743984053792602
37364.96738636794,0.3871992026896301
37385.00850261845,0.3871992026896301
37405.04961886896,0.7743984053792602
37425.09073511947,0.0
37445.13185136997,0.3871992026896301
37465.17296762048,0.7743984053792602
37485.21408387099,0.7743984053792602
37505.25520012149,0.3871992026896301
37525.296316372,0.7743984053792602
37545.33743262251,0.3871992026896301
37565.378548873014,0.3871992026896301
37585.419665123525,0.3871992026896301
37605.46078137403,0.0
37625.501897624534,1.5487968107585204
37645.543013875045,0.3871992026896301
37665.58413012555,0.3871992026896301
37685.625246376054,0.3871992026896301
37705.666362626565,0.3871992026896301
37725.70747887707,0.7743984053792602
37745.74859512758,1.1615976080688903
37765.789711378085,0.7743984053792602
37785.83082762859,1.1615976080688903
37805.8719438791,0.0
37825.913060129606,0.0
37845.95417638012,0.0
37865.99529263062,0.3871992026896301
37886.036408881126,0.0
37906.07752513164,0.3871992026896301
37926.11864138214,0.3871992026896301
37946.159757632646,0.0
37966.20087388316,0.3871992026896301
37986.24199013366,0.3871992026896301
38006.28310638417,0.0
38026.32422263468,0.3871992026896301
38046.36533888518,0.3871992026896301
38066.40645513569,0.3871992026896301
38086.4475713862,0.0
38106.4886876367,0.0
38126.52980388721,0.0
38146.57092013772,0.0
38166.61203638823,0.0
38186.65315263873,0.7743984053792602
38206.69426888924,0.0
38226.73538513975,0.3871992026896301
38246.77650139025,0.0
38266.817617640765,0.3871992026896301
38286.85873389127,0.3871992026896301
38306.899850141774,0.3871992026896301
38326.940966392285,0.0
38346.98208264279,0.0
38367.023198893294,0.0
38387.064315143805,0.7743984053792602
38407.10543139431,0.3871992026896301
38427.14654764482,0.3871992026896301
38447.187663895325,0.0
38467.22878014583,0.0
38487.26989639634,0.0
38507.311012646845,0.0
38527.35212889735,0.7743984053792602
38547.39324514786,0.0
38567.434361398366,0.0
38587.47547764888,0.0
38607.51659389938,0.3871992026896301
38627.557710149886,0.3871992026896301
38647.5988264004,0.7743984053792602
38667.6399426509,0.0
38687.681058901406,0.3871992026896301
38707.72217515192,0.0
38727.76329140242,0.0
38747.80440765293,0.0
38767.84552390344,0.3871992026896301
38787.88664015394,0.0
38807.92775640445,0.3871992026896301
38827.96887265496,0.3871992026896301
38848.00998890547,0.0
38868.05110515597,0.0
38888.09222140648,0.0
38908.13333765699,0.0
38928.17445390749,0.0
38948.215570158,0.7743984053792602
38968.25668640851,0.0
38988.29780265901,0.3871992026896301
39008.338918909525,0.3871992026896301
39028.38003516003,0.0
39048.421151410534,0.3871992026896301
39068.462267661045,0.0
39088.50338391155,0.0
39108.544500162054,0.0
39128.585616412565,0.0
39148.62673266307,0.3871992026896301
39168.66784891358,0.0
39188.708965164085,0.0
39208.75008141459,0.3871992026896301
39228.7911976651,0.0
39248.832313915605,0.0
39268.87343016612,0.0
39288.91454641662,0.0
39308.955662667126,0.0
39328.99677891764,0.3871992026896301
39349.03789516814,0.7743984053792602
39369.079011418646,0.0
39389.12012766916,0.0
39409.16124391966,0.0
39429.20236017017,0.0
39449.24347642068,0.0
39469.28459267118,0.0
39489.32570892169,0.3871992026896301
39509.3668251722,0.3871992026896301
39529.4079414227,0.3871992026896301
39549.44905767321,0.3871992026896301
39569.49017392372,0.0
39589.53129017423,0.3871992026896301
39609.57240642473,0.0
39629.61352267524,0.3871992026896301
39649.65463892575,0.0
39669.69575517625,0.0
39689.736871426765,0.0
39709.77798767727,0.3871992026896301
39729.81910392777,0.0
39749.860220178285,0.0
39769.90133642879,0.0
39789.94245267929,0.0
39809.983568929805,0.0
39830.02468518031,0.0
39850.06580143082,0.0
39870.106917681325,0.0
39890.14803393183,0.0
39910.18915018234,0.0
39930.230266432845,0.0
39950.27138268335,0.0
39970.31249893386,0.0
39990.353615184365,0.3871992026896301
40010.39473143488,0.0
40030.43584768538,0.0
40050.476963935886,0.0
40070.5180801864,0.0
40090.5591964369,0.0
40110.60031268741,0.0
40130.64142893792,0.3871992026896301
40150.68254518842,0.0
40170.72366143893,0.0
40190.76477768944,0.0
40210.80589393994,0.0
40230.84701019045,0.0
40250.88812644096,0.0
40270.92924269147,0.0
40290.97035894197,0.0
40311.01147519248,0.0
40331.05259144299,0.0
40351.09370769349,0.0
40371.134823944,0.0
40391.17594019451,0.0
40411.21705644501,0.0
40431.258172695525,0.0
40451.29928894603,0.0
40471.34040519653,0.0
40491.381521447045,0.0
40511.42263769755,0.0
40531.46375394805,0.0
40551.504870198565,0.3871992026896301
40571.54598644907,0.0
40591.58710269958,0.0
40611.628218950085,0.0
40631.66933520059,0.0
40651.7104514511,0.0
40671.751567701605,0.0
40691.79268395212,0.0
40711.83380020262,0.0
40731.874916453125,0.0
40751.91603270364,0.0
40771.95714895414,0.0
40791.998265204646,0.0
40812.03938145516,0.0
40832.08049770566,0.0
40852.12161395617,0.0
40872.16273020668,0.0
40892.20384645718,0.0
40912.24496270769,0.0
40932.2860789582,0.0
40952.3271952087,0.0
40972.36831145921,0.0
40992.40942770972,0.0
41012.45054396023,0.0
