Energy (keV),Intensity (CPS)
-10.759704282608876,0.0
9.280488524837768,0.0
29.320681332284412,0.0
49.36087413973105,0.0
69.4010669471777,0.0
89.44125975462434,0.0
109.48145256207098,0.0
129.5216453695176,0.0
149.56183817696427,0.0
169.60203098441093,0.0
189.64222379185756,0.0
209.6824165993042,0.0
229.72260940675085,0.0
249.7628022141975,0.0
269.8029950216441,0.0
289.84318782909077,0.0
309.8833806365374,0.0
329.9235734439841,0.0
349.96376625143074,1.237616324256761
370.00395905887734,3.712848972770283
390.044151866324,2.475232648513522
410.08434467377066,4.950465297027044
430.12453748121726,7.425697945540566
450.1647302886639,3.712848972770283
470.2049230961106,8.663314269797327
490.24511590355723,14.851395891081133
510.2853087110039,14.851395891081133
530.3255015184506,14.851395891081133
550.3656943258972,19.801861188108177
570.4058871333439,14.851395891081133
590.4460799407905,25.989942809391984
610.4862727482372,16.089012215337895
630.5264655556838,17.326628539594655
650.5666583631304,34.65325707918931
670.6068511705771,25.989942809391984
690.6470439780237,29.702791782162265
710.6872367854704,34.65325707918931
730.727429592917,18.564244863851414
750.7676224003636,24.75232648513522
770.8078152078103,28.465175457905502
790.8480080152569,40.841338700473116
810.8882008227035,23.514710160878458
830.9283936301503,16.089012215337895
850.9685864375969,27.227559133648743
871.0087792450435,32.17802443067579
891.0489720524902,29.702791782162265
911.0891648599368,30.940408106419028
931.1293576673835,23.514710160878458
951.1695504748301,35.89087340344607
971.2097432822767,30.940408106419028
991.2499360897234,34.65325707918931
1011.29012889717,23.514710160878458
1031.3303217046166,32.17802443067579
1051.3705145120632,34.65325707918931
1071.4107073195098,43.316571348986635
1091.4509001269564,39.60372237621635
1111.491092934403,29.702791782162265
1131.5312857418498,27.227559133648743
1151.5714785492964,21.03947751236494
1171.611671356743,24.75232648513522
1191.6518641641896,33.41564075493255
1211.6920569716362,24.75232648513522
1231.732249779083,29.702791782162265
1251.7724425865297,22.2770938366217
1271.8126353939763,38.36610605195959
1291.8528282014229,27.227559133648743
1311.8930210088695,22.2770938366217
1331.9332138163163,23.514710160878458
1351.973406623763,28.465175457905502
1372.0135994312095,23.514710160878458
1392.0537922386561,27.227559133648743
1412.0939850461027,16.089012215337895
1432.1341778535495,29.702791782162265
1452.1743706609961,18.564244863851414
1472.2145634684427,27.227559133648743
1492.2547562758893,17.326628539594655
1512.294949083336,32.17802443067579
1532.3351418907826,19.801861188108177
1552.3753346982294,27.227559133648743
1572.415527505676,21.03947751236494
1592.4557203131226,24.75232648513522
1612.4959131205692,17.326628539594655
1632.5361059280158,11.13854691831085
1652.5762987354626,21.03947751236494
1672.6164915429092,22.2770938366217
1692.6566843503558,25.989942809391984
1712.6968771578024,27.227559133648743
1732.737069965249,17.326628539594655
1752.7772627726956,29.702791782162265
1772.8174555801425,19.801861188108177
1792.857648387589,13.613779566824372
1812.8978411950357,17.326628539594655
1832.9380340024823,19.801861188108177
1852.9782268099289,18.564244863851414
1873.0184196173757,23.514710160878458
1893.0586124248223,16.089012215337895
1913.098805232269,19.801861188108177
1933.1389980397155,16.089012215337895
1953.179190847162,21.03947751236494
1973.219383654609,29.702791782162265
1993.2595764620555,22.2770938366217
2013.2997692695021,19.801861188108177
2033.3399620769487,24.75232648513522
2053.380154884396,13.613779566824372
2073.4203476918424,18.564244863851414
2093.460540499289,16.089012215337895
2113.5007333067356,6.188081621283805
2133.540926114182,11.13854691831085
2153.581118921629,19.801861188108177
2173.6213117290754,11.13854691831085
2193.661504536522,14.851395891081133
2213.7016973439686,17.326628539594655
2233.741890151415,19.801861188108177
2253.7820829588622,22.2770938366217
2273.822275766309,32.17802443067579
2293.8624685737555,12.37616324256761
2313.902661381202,7.425697945540566
2333.9428541886487,17.326628539594655
2353.9830469960953,23.514710160878458
2374.023239803542,18.564244863851414
2394.0634326109885,14.851395891081133
2414.103625418435,25.989942809391984
2434.1438182258817,17.326628539594655
2454.1840110333287,17.326628539594655
2474.2242038407753,16.089012215337895
2494.264396648222,8.663314269797327
2514.3045894556685,12.37616324256761
2534.344782263115,16.089012215337895
2554.3849750705617,14.851395891081133
2574.4251678780083,17.326628539594655
2594.465360685455,14.851395891081133
2614.5055534929015,18.564244863851414
2634.545746300348,23.514710160878458
2654.5859391077947,19.801861188108177
2674.626131915242,18.564244863851414
2694.6663247226884,18.564244863851414
2714.706517530135,12.37616324256761
2734.7467103375816,12.37616324256761
2754.786903145028,14.851395891081133
2774.827095952475,14.851395891081133
2794.8672887599214,13.613779566824372
2814.907481567368,9.900930594054088
2834.9476743748146,12.37616324256761
2854.987867182261,12.37616324256761
2875.0280599897083,11.13854691831085
2895.068252797155,16.089012215337895
2915.1084456046015,23.514710160878458
2935.148638412048,25.989942809391984
2955.1888312194947,12.37616324256761
2975.2290240269413,14.851395891081133
2995.269216834388,14.851395891081133
3015.3094096418345,8.663314269797327
3035.349602449281,13.613779566824372
3055.3897952567277,2.475232648513522
3075.4299880641743,14.851395891081133
3095.4701808716213,14.851395891081133
3115.510373679068,9.900930594054088
3135.5505664865145,7.425697945540566
3155.590759293961,9.900930594054088
3175.6309521014077,6.188081621283805
3195.6711449088543,14.851395891081133
3215.711337716301,9.900930594054088
3235.7515305237475,16.089012215337895
3255.791723331194,13.613779566824372
3275.8319161386407,9.900930594054088
3295.8721089460873,7.425697945540566
3315.9123017535344,8.663314269797327
3335.952494560981,9.900930594054088
3355.9926873684276,7.425697945540566
3376.032880175874,8.663314269797327
3396.073072983321,6.188081621283805
3416.1132657907674,6.188081621283805
3436.153458598214,7.425697945540566
3456.1936514056606,8.663314269797327
3476.233844213107,13.613779566824372
3496.274037020554,6.188081621283805
3516.3142298280004,9.900930594054088
3536.3544226354475,12.37616324256761
3556.394615442894,6.188081621283805
3576.4348082503407,6.188081621283805
3596.4750010577873,3.712848972770283
3616.515193865234,4.950465297027044
3636.5553866726805,11.13854691831085
3656.595579480127,8.663314269797327
3676.6357722875737,7.425697945540566
3696.6759650950203,9.900930594054088
3716.716157902467,6.188081621283805
3736.756350709914,7.425697945540566
3756.7965435173605,9.900930594054088
3776.836736324807,7.425697945540566
3796.8769291322537,7.425697945540566
3816.9171219397003,6.188081621283805
3836.957314747147,6.188081621283805
3856.9975075545935,4.950465297027044
3877.03770036204,6.188081621283805
3897.0778931694867,3.712848972770283
3917.1180859769333,1.237616324256761
3937.15827878438,1.237616324256761
3957.198471591827,2.475232648513522
3977.2386643992736,2.475232648513522
3997.27885720672,3.712848972770283
4017.319050014167,3.712848972770283
4037.3592428216134,3.712848972770283
4057.39943562906,4.950465297027044
4077.4396284365066,2.475232648513522
4097.479821243953,3.712848972770283
4117.5200140514,2.475232648513522
4137.560206858846,1.237616324256761
4157.600399666293,2.475232648513522
4177.640592473739,1.237616324256761
4197.680785281186,3.712848972770283
4217.720978088632,4.950465297027044
4237.761170896079,2.475232648513522
4257.801363703526,4.950465297027044
4277.841556510973,2.475232648513522
4297.88174931842,8.663314269797327
4317.921942125866,3.712848972770283
4337.962134933313,1.237616324256761
4358.002327740759,1.237616324256761
4378.042520548206,4.950465297027044
4398.082713355652,2.475232648513522
4418.122906163099,0.0
4438.163098970545,6.188081621283805
4458.2032917779925,0.0
4478.243484585439,3.712848972770283
4498.283677392886,1.237616324256761
4518.323870200333,0.0
4538.364063007779,7.425697945540566
4558.404255815226,3.712848972770283
4578.444448622672,3.712848972770283
4598.484641430119,2.475232648513522
4618.524834237565,0.0
4638.565027045012,0.0
4658.6052198524585,1.237616324256761
4678.645412659906,3.712848972770283
4698.685605467353,1.237616324256761
4718.725798274799,2.475232648513522
4738.765991082246,1.237616324256761
4758.806183889692,1.237616324256761
4778.846376697139,3.712848972770283
4798.886569504585,0.0
4818.926762312032,3.712848972770283
4838.966955119478,1.237616324256761
4859.007147926925,6.188081621283805
4879.047340734372,0.0
4899.087533541819,1.237616324256761
4919.127726349266,2.475232648513522
4939.167919156712,3.712848972770283
4959.208111964159,1.237616324256761
4979.248304771605,1.237616324256761
4999.288497579052,0.0
5019.328690386498,1.237616324256761
5039.368883193945,0.0
5059.409076001391,2.475232648513522
5079.4492688088385,1.237616324256761
5099.489461616285,1.237616324256761
5119.529654423732,0.0
5139.569847231179,0.0
5159.610040038625,0.0
5179.650232846072,0.0
5199.690425653518,0.0
5219.730618460965,1.237616324256761
5239.770811268411,3.712848972770283
5259.811004075858,0.0
5279.8511968833045,2.475232648513522
5299.891389690752,2.475232648513522
5319.931582498198,1.237616324256761
5339.971775305645,1.237616324256761
5360.011968113092,0.0
5380.052160920538,3.712848972770283
5400.092353727985,1.237616324256761
5420.132546535431,4.950465297027044
5440.172739342878,0.0
5460.212932150324,3.712848972770283
5480.253124957771,3.712848972770283
5500.293317765218,3.712848972770283
5520.333510572665,0.0
5540.373703380111,2.475232648513522
5560.413896187558,0.0
5580.454088995005,0.0
5600.494281802451,1.237616324256761
5620.534474609898,0.0
5640.574667417344,2.475232648513522
5660.614860224791,3.712848972770283
5680.655053032237,0.0
5700.6952458396845,1.237616324256761
5720.735438647131,1.237616324256761
5740.775631454578,3.712848972770283
5760.815824262025,1.237616324256761
5780.856017069471,1.237616324256761
5800.896209876918,0.0
5820.936402684364,1.237616324256761
5840.976595491811,1.237616324256761
5861.016788299257,2.475232648513522
5881.056981106704,0.0
5901.0971739141505,4.950465297027044
5921.137366721598,1.237616324256761
5941.177559529044,2.475232648513522
5961.217752336491,2.475232648513522
5981.257945143938,3.712848972770283
6001.298137951384,1.237616324256761
6021.338330758831,0.0
6041.378523566277,3.712848972770283
6061.418716373724,0.0
6081.45890918117,3.712848972770283
6101.499101988617,2.475232648513522
6121.539294796064,0.0
6141.579487603511,0.0
6161.619680410957,2.475232648513522
6181.659873218404,2.475232648513522
6201.700066025851,2.475232648513522
6221.740258833297,0.0
6241.780451640744,1.237616324256761
6261.82064444819,0.0
6281.860837255637,3.712848972770283
6301.901030063083,0.0
6321.9412228705305,3.712848972770283
6341.981415677977,3.712848972770283
6362.021608485424,6.188081621283805
6382.06180129287,13.613779566824372
6402.101994100317,7.425697945540566
6422.142186907764,13.613779566824372
6442.18237971521,6.188081621283805
6462.222572522657,4.950465297027044
6482.262765330103,7.425697945540566
6502.30295813755,2.475232648513522
6522.3431509449965,1.237616324256761
6542.383343752444,2.475232648513522
6562.42353655989,0.0
6582.463729367337,1.237616324256761
6602.503922174783,0.0
6622.54411498223,1.237616324256761
6642.584307789677,2.475232648513522
6662.624500597123,1.237616324256761
6682.66469340457,1.237616324256761
6702.704886212016,2.475232648513522
6722.745079019463,2.475232648513522
6742.78527182691,2.475232648513522
6762.825464634357,1.237616324256761
6782.865657441803,2.475232648513522
6802.90585024925,2.475232648513522
6822.946043056696,0.0
6842.986235864143,1.237616324256761
6863.02642867159,1.237616324256761
6883.066621479036,3.712848972770283
6903.106814286483,1.237616324256761
6923.1470070939295,0.0
6943.1871999013765,3.712848972770283
6963.227392708823,1.237616324256761
6983.26758551627,1.237616324256761
7003.307778323716,0.0
7023.347971131163,2.475232648513522
7043.388163938609,2.475232648513522
7063.428356746056,3.712848972770283
7083.468549553503,4.950465297027044
7103.508742360949,2.475232648513522
7123.548935168396,2.475232648513522
7143.5891279758425,1.237616324256761
7163.62932078329,2.475232648513522
7183.669513590736,0.0
7203.709706398183,2.475232648513522
7223.749899205629,1.237616324256761
7243.790092013076,0.0
7263.830284820523,0.0
7283.870477627969,1.237616324256761
7303.910670435416,1.237616324256761
7323.950863242862,0.0
7343.991056050309,1.237616324256761
7364.031248857756,1.237616324256761
7384.071441665203,3.712848972770283
7404.111634472649,3.712848972770283
7424.151827280096,1.237616324256761
7444.192020087542,2.475232648513522
7464.232212894989,1.237616324256761
7484.272405702436,1.237616324256761
7504.312598509882,1.237616324256761
7524.352791317329,2.475232648513522
7544.3929841247755,3.712848972770283
7564.4331769322225,2.475232648513522
7584.473369739669,0.0
7604.513562547116,3.712848972770283
7624.553755354562,3.712848972770283
7644.593948162009,4.950465297027044
7664.634140969455,4.950465297027044
7684.674333776902,3.712848972770283
7704.714526584349,3.712848972770283
7724.754719391795,6.188081621283805
7744.794912199242,3.712848972770283
7764.8351050066885,1.237616324256761
7784.875297814136,3.712848972770283
7804.915490621582,1.237616324256761
7824.955683429029,2.475232648513522
7844.995876236475,4.950465297027044
7865.036069043922,3.712848972770283
7885.076261851368,4.950465297027044
7905.116454658815,12.37616324256761
7925.156647466262,25.989942809391984
7945.196840273708,27.227559133648743
7965.2370330811555,44.5541876732434
7985.277225888602,39.60372237621635
8005.317418696049,61.880816212838056
8025.357611503495,63.11843253709481
8045.397804310942,82.920293725203
8065.437997118388,65.59366518560833
8085.478189925835,54.455118267297486
8105.518382733281,38.36610605195959
8125.558575540728,24.75232648513522
8145.598768348175,13.613779566824372
8165.6389611556215,16.089012215337895
8185.6791539630685,7.425697945540566
8205.719346770515,4.950465297027044
8225.75953957796,1.237616324256761
8245.799732385409,2.475232648513522
8265.839925192855,1.237616324256761
8285.880118000301,2.475232648513522
8305.920310807747,2.475232648513522
8325.960503615195,2.475232648513522
8346.000696422641,2.475232648513522
8366.040889230087,4.950465297027044
8386.081082037535,0.0
8406.121274844982,8.663314269797327
8426.161467652428,3.712848972770283
8446.201660459874,11.13854691831085
8466.241853267322,21.03947751236494
8486.282046074768,22.2770938366217
8506.322238882214,27.227559133648743
8526.36243168966,76.73221210391918
8546.402624497108,123.76163242567611
8566.442817304554,178.2167506929736
8586.483010112,189.35529761128444
8606.523202919449,246.28564852709545
8626.563395726895,278.4636729577712
8646.60358853434,282.1765219305415
8666.643781341787,251.2361138241225
8686.683974149235,211.63239144790614
8706.724166956681,133.6625630197302
8726.764359764127,80.44506107668947
8746.804552571573,66.8312815098651
8766.844745379021,34.65325707918931
8786.884938186467,35.89087340344607
8806.925130993914,23.514710160878458
8826.965323801362,23.514710160878458
8847.005516608808,16.089012215337895
8867.045709416254,16.089012215337895
8887.0859022237,22.2770938366217
8907.126095031148,18.564244863851414
8927.166287838594,17.326628539594655
8947.20648064604,16.089012215337895
8967.246673453486,14.851395891081133
8987.286866260934,12.37616324256761
9007.32705906838,8.663314269797327
9027.367251875827,3.712848972770283
9047.407444683275,1.237616324256761
9067.44763749072,4.950465297027044
9087.487830298167,4.950465297027044
9107.528023105613,1.237616324256761
9127.568215913061,2.475232648513522
9147.608408720507,1.237616324256761
9167.648601527953,1.237616324256761
9187.688794335401,3.712848972770283
9207.728987142847,0.0
9227.769179950294,3.712848972770283
9247.80937275774,0.0
9267.849565565188,0.0
9287.889758372634,0.0
9307.92995118008,8.663314269797327
9327.970143987526,6.188081621283805
9348.010336794974,8.663314269797327
9368.05052960242,11.13854691831085
9388.090722409866,11.13854691831085
9408.130915217314,8.663314269797327
9428.17110802476,17.326628539594655
9448.211300832207,8.663314269797327
9468.251493639653,14.851395891081133
9488.2916864471,30.940408106419028
9508.331879254547,48.26703664601368
9528.372072061993,50.742269294527205
9548.41226486944,38.36610605195959
9568.452457676887,42.07895502472988
9588.492650484333,43.316571348986635
9608.53284329178,44.5541876732434
9628.573036099227,33.41564075493255
9648.613228906674,25.989942809391984
9668.65342171412,13.613779566824372
9688.693614521566,9.900930594054088
9708.733807329014,11.13854691831085
9728.77400013646,9.900930594054088
9748.814192943906,3.712848972770283
9768.854385751352,6.188081621283805
9788.8945785588,4.950465297027044
9808.934771366246,1.237616324256761
9828.974964173693,1.237616324256761
9849.01515698114,0.0
9869.055349788587,1.237616324256761
9889.095542596033,1.237616324256761
9909.135735403479,1.237616324256761
9929.175928210927,1.237616324256761
9949.216121018373,0.0
9969.25631382582,1.237616324256761
9989.296506633265,1.237616324256761
10009.336699440713,1.237616324256761
10029.37689224816,2.475232648513522
10049.417085055606,0.0
10069.457277863054,2.475232648513522
10089.4974706705,1.237616324256761
10109.537663477946,3.712848972770283
10129.577856285392,1.237616324256761
10149.61804909284,1.237616324256761
10169.658241900286,0.0
10189.698434707732,1.237616324256761
10209.738627515178,1.237616324256761
10229.778820322626,2.475232648513522
10249.819013130073,1.237616324256761
10269.859205937519,2.475232648513522
10289.899398744967,0.0
10309.939591552413,1.237616324256761
10329.979784359859,1.237616324256761
10350.019977167305,6.188081621283805
10370.060169974753,0.0
10390.1003627822,4.950465297027044
10410.140555589645,3.712848972770283
10430.180748397092,2.475232648513522
10450.22094120454,6.188081621283805
10470.261134011986,7.425697945540566
10490.301326819432,2.475232648513522
10510.34151962688,2.475232648513522
10530.381712434326,8.663314269797327
10550.421905241772,6.188081621283805
10570.462098049218,13.613779566824372
10590.502290856666,7.425697945540566
10610.542483664112,12.37616324256761
10630.582676471558,19.801861188108177
10650.622869279005,25.989942809391984
10670.663062086453,29.702791782162265
10690.703254893899,50.742269294527205
10710.743447701345,77.96982842817594
10730.783640508793,94.05884064351383
10750.823833316239,121.28639977716259
10770.864026123685,195.54337923256824
10790.904218931131,206.6819261508791
10810.94441173858,273.5132076607442
10830.984604546025,233.90948528452785
10851.024797353472,254.94896279689277
10871.064990160918,221.53332204196022
10891.105182968366,204.20669350236557
10911.145375775812,146.0387262622978
10931.185568583258,137.3754119925005
10951.225761390706,90.34599167074356
10971.265954198152,60.64319988858129
10991.306147005598,27.227559133648743
11011.346339813044,14.851395891081133
11031.386532620492,7.425697945540566
11051.426725427938,13.613779566824372
11071.466918235385,7.425697945540566
11091.50711104283,8.663314269797327
11111.547303850279,8.663314269797327
11131.587496657725,4.950465297027044
11151.627689465171,8.663314269797327
11171.667882272619,4.950465297027044
11191.708075080065,7.425697945540566
11211.748267887511,6.188081621283805
11231.788460694957,1.237616324256761
11251.828653502405,4.950465297027044
11271.868846309852,7.425697945540566
11291.909039117298,1.237616324256761
11311.949231924744,3.712848972770283
11331.989424732192,6.188081621283805
11352.029617539638,4.950465297027044
11372.069810347084,7.425697945540566
11392.110003154532,3.712848972770283
11412.150195961978,4.950465297027044
11432.190388769424,4.950465297027044
11452.23058157687,6.188081621283805
11472.270774384318,7.425697945540566
11492.310967191765,2.475232648513522
11512.35115999921,4.950465297027044
11532.391352806659,7.425697945540566
11552.431545614105,3.712848972770283
11572.471738421551,7.425697945540566
11592.511931228997,8.663314269797327
11612.552124036445,13.613779566824372
11632.592316843891,7.425697945540566
11652.632509651337,13.613779566824372
11672.672702458784,3.712848972770283
11692.712895266231,16.089012215337895
11712.753088073678,4.950465297027044
11732.793280881124,14.851395891081133
11752.833473688572,7.425697945540566
11772.873666496018,8.663314269797327
11792.913859303464,7.425697945540566
11812.95405211091,8.663314269797327
11832.994244918358,9.900930594054088
11853.034437725804,11.13854691831085
11873.07463053325,7.425697945540566
11893.114823340697,9.900930594054088
11913.155016148145,8.663314269797327
11933.19520895559,13.613779566824372
11953.235401763037,11.13854691831085
11973.275594570485,7.425697945540566
11993.315787377931,17.326628539594655
12013.355980185377,3.712848972770283
12033.396172992823,11.13854691831085
12053.436365800271,7.425697945540566
12073.476558607717,6.188081621283805
12093.516751415164,7.425697945540566
12113.55694422261,12.37616324256761
12133.597137030058,6.188081621283805
12153.637329837504,14.851395891081133
12173.67752264495,8.663314269797327
12193.717715452398,19.801861188108177
12213.757908259844,12.37616324256761
12233.79810106729,12.37616324256761
12253.838293874736,14.851395891081133
12273.878486682184,11.13854691831085
12293.91867948963,19.801861188108177
12313.958872297077,7.425697945540566
12333.999065104523,14.851395891081133
12354.03925791197,8.663314269797327
12374.079450719417,17.326628539594655
12394.119643526863,11.13854691831085
12414.159836334311,22.2770938366217
12434.200029141757,21.03947751236494
12454.240221949203,22.2770938366217
12474.28041475665,23.514710160878458
12494.320607564097,21.03947751236494
12514.360800371544,27.227559133648743
12534.40099317899,25.989942809391984
12554.441185986436,19.801861188108177
12574.481378793884,21.03947751236494
12594.52157160133,33.41564075493255
12614.561764408776,23.514710160878458
12634.601957216224,35.89087340344607
12654.64215002367,30.940408106419028
12674.682342831116,24.75232648513522
12694.722535638562,47.029420321756916
12714.76272844601,42.07895502472988
12734.802921253457,34.65325707918931
12754.843114060903,35.89087340344607
12774.883306868349,24.75232648513522
12794.923499675797,22.2770938366217
12814.963692483243,33.41564075493255
12835.00388529069,37.12848972770283
12855.044078098137,76.73221210391918
12875.084270905583,89.1083753464868
12895.12446371303,96.53407329202736
12915.164656520476,157.17727318060867
12935.204849327924,185.64244863851417
12955.24504213537,258.6618117696631
12975.285234942816,252.47373014837925
12995.325427750262,257.4241954454063
13015.36562055771,282.1765219305415
13035.405813365156,283.4141382547983
13055.446006172602,261.1370444181766
13075.48619898005,220.29570571770347
13095.526391787496,165.840587450406
13115.566584594942,170.791052747433
13135.606777402389,113.86070183162201
13155.646970209837,70.54413048263538
13175.687163017283,76.73221210391918
13195.727355824729,64.35604886135158
13215.767548632175,48.26703664601368
13235.807741439623,50.742269294527205
13255.84793424707,40.841338700473116
13275.888127054515,43.316571348986635
13295.928319861963,37.12848972770283
13315.96851266941,42.07895502472988
13336.008705476856,49.50465297027044
13356.048898284302,51.97988561878397
13376.08909109175,45.79180399750016
13396.129283899196,43.316571348986635
13416.169476706642,56.930350915811005
13436.209669514088,38.36610605195959
13456.249862321536,30.940408106419028
13476.290055128982,40.841338700473116
13496.330247936428,38.36610605195959
13516.370440743876,32.17802443067579
13536.410633551322,37.12848972770283
13556.450826358769,30.940408106419028
13576.491019166215,27.227559133648743
13596.531211973663,27.227559133648743
13616.571404781109,30.940408106419028
13636.611597588555,33.41564075493255
13656.651790396001,34.65325707918931
13676.69198320345,22.2770938366217
13696.732176010895,8.663314269797327
13716.772368818341,34.65325707918931
13736.81256162579,35.89087340344607
13756.852754433236,25.989942809391984
13776.892947240682,27.227559133648743
13796.933140048128,40.841338700473116
13816.973332855576,47.029420321756916
13837.013525663022,40.841338700473116
13857.053718470468,27.227559133648743
13877.093911277914,32.17802443067579
13897.134104085362,34.65325707918931
13917.174296892808,39.60372237621635
13937.214489700254,37.12848972770283
13957.254682507702,30.940408106419028
13977.294875315149,32.17802443067579
13997.335068122595,49.50465297027044
14017.37526093004,37.12848972770283
14037.415453737489,51.97988561878397
14057.455646544935,29.702791782162265
14077.495839352381,56.930350915811005
14097.536032159827,54.455118267297486
14117.576224967275,63.11843253709481
14137.616417774721,59.40558356432453
14157.656610582168,66.8312815098651
14177.696803389616,61.880816212838056
14197.736996197062,75.49459577966242
14217.777189004508,61.880816212838056
14237.817381811954,44.5541876732434
14257.857574619402,39.60372237621635
14277.897767426848,43.316571348986635
14297.937960234294,55.69273459155425
14317.978153041742,39.60372237621635
14338.018345849188,44.5541876732434
14358.058538656634,27.227559133648743
14378.09873146408,40.841338700473116
14398.138924271529,35.89087340344607
14418.179117078975,37.12848972770283
14438.21930988642,32.17802443067579
14458.259502693867,50.742269294527205
14478.299695501315,21.03947751236494
14498.339888308761,43.316571348986635
14518.380081116207,49.50465297027044
14538.420273923655,45.79180399750016
14558.460466731101,42.07895502472988
14578.500659538548,33.41564075493255
14598.540852345994,43.316571348986635
14618.581045153442,25.989942809391984
14638.621237960888,39.60372237621635
14658.661430768334,42.07895502472988
14678.70162357578,45.79180399750016
14698.741816383228,45.79180399750016
14718.782009190674,49.50465297027044
14738.82220199812,48.26703664601368
14758.862394805568,43.316571348986635
14778.902587613014,43.316571348986635
14798.94278042046,29.702791782162265
14818.982973227907,59.40558356432453
14839.023166035355,44.5541876732434
14859.0633588428,48.26703664601368
14879.103551650247,60.64319988858129
14899.143744457693,50.742269294527205
14919.183937265141,44.5541876732434
14939.224130072587,53.21750194304072
14959.264322880033,69.30651415837862
14979.304515687481,69.30651415837862
14999.344708494928,34.65325707918931
15019.384901302374,54.455118267297486
15039.42509410982,54.455118267297486
15059.465286917268,61.880816212838056
15079.505479724714,59.40558356432453
15099.54567253216,74.25697945540566
15119.585865339606,79.2074447524327
15139.626058147054,59.40558356432453
15159.6662509545,85.3955263737165
15179.706443761947,91.58360799500032
15199.746636569394,87.87075902223003
15219.78682937684,84.15791004945976
15239.827022184287,115.09831815587877
15259.867214991733,96.53407329202736
15279.90740779918,102.72215491331117
15299.947600606627,92.82122431925708
15319.987793414073,85.3955263737165
15340.02798622152,68.06889783412186
15360.068179028967,74.25697945540566
15380.108371836413,69.30651415837862
15400.14856464386,73.0193631311489
15420.188757451308,61.880816212838056
15440.228950258754,48.26703664601368
15460.2691430662,55.69273459155425
15480.309335873646,51.97988561878397
15500.349528681094,65.59366518560833
15520.38972148854,89.1083753464868
15540.429914295986,64.35604886135158
15560.470107103432,79.2074447524327
15580.51029991088,84.15791004945976
15600.550492718326,75.49459577966242
15620.590685525773,85.3955263737165
15640.63087833322,96.53407329202736
15660.671071140667,86.63314269797327
15680.711263948113,90.34599167074356
15700.751456755559,84.15791004945976
15720.791649563007,91.58360799500032
15740.831842370453,86.63314269797327
15760.8720351779,103.95977123756794
15780.912227985345,121.28639977716259
15800.952420792793,105.19738756182468
15820.99261360024,87.87075902223003
15841.032806407686,85.3955263737165
15861.072999215134,75.49459577966242
15881.11319202258,80.44506107668947
15901.153384830026,66.8312815098651
15921.193577637472,64.35604886135158
15941.23377044492,56.930350915811005
15961.273963252366,65.59366518560833
15981.314156059812,61.880816212838056
16001.354348867259,59.40558356432453
16021.394541674706,65.59366518560833
16041.434734482153,69.30651415837862
16061.474927289599,87.87075902223003
16081.515120097047,69.30651415837862
16101.555312904493,49.50465297027044
16121.595505711939,60.64319988858129
16141.635698519385,77.96982842817594
16161.675891326833,79.2074447524327
16181.71608413428,75.49459577966242
16201.756276941725,84.15791004945976
16221.796469749172,81.68267740094623
16241.83666255662,70.54413048263538
16261.876855364066,68.06889783412186
16281.917048171512,82.920293725203
16301.95724097896,69.30651415837862
16321.997433786406,74.25697945540566
16342.037626593852,89.1083753464868
16362.077819401298,68.06889783412186
16382.118012208746,82.920293725203
16402.158205016192,76.73221210391918
16422.19839782364,75.49459577966242
16442.238590631085,69.30651415837862
16462.27878343853,77.96982842817594
16482.31897624598,95.2964569677706
16502.359169053427,75.49459577966242
16522.399361860873,65.59366518560833
16542.43955466832,68.06889783412186
16562.479747475765,74.25697945540566
16582.51994028321,70.54413048263538
16602.560133090657,80.44506107668947
16622.600325898104,55.69273459155425
16642.640518705553,70.54413048263538
16662.680711513,90.34599167074356
16682.720904320446,92.82122431925708
16702.761097127892,76.73221210391918
16722.801289935338,81.68267740094623
16742.841482742784,91.58360799500032
16762.88167555023,75.49459577966242
16782.92186835768,77.96982842817594
16802.962061165126,82.920293725203
16823.002253972572,61.880816212838056
16843.04244678002,77.96982842817594
16863.082639587465,66.8312815098651
16883.12283239491,74.25697945540566
16903.163025202357,96.53407329202736
16923.203218009807,81.68267740094623
16943.243410817253,77.96982842817594
16963.2836036247,79.2074447524327
16983.323796432145,76.73221210391918
17003.36398923959,86.63314269797327
17023.404182047037,82.920293725203
17043.444374854484,81.68267740094623
17063.48456766193,80.44506107668947
17083.52476046938,69.30651415837862
17103.564953276826,101.48453858905441
17123.605146084272,105.19738756182468
17143.645338891718,99.00930594054088
17163.685531699164,75.49459577966242
17183.72572450661,77.96982842817594
17203.765917314056,75.49459577966242
17223.806110121506,89.1083753464868
17243.846302928952,99.00930594054088
17263.8864957364,118.81116712864906
17283.926688543845,97.77168961628412
17303.96688135129,113.86070183162201
17324.007074158737,115.09831815587877
17344.047266966183,128.71209772270316
17364.087459773633,139.850644641014
17384.12765258108,121.28639977716259
17404.167845388525,116.33593448013553
17424.20803819597,157.17727318060867
17444.248231003417,150.98919155932484
17464.288423810864,136.1377956682437
17484.32861661831,134.90017934398696
17504.368809425756,143.5634936137843
17524.409002233206,139.850644641014
17544.449195040652,127.47448139844639
17564.489387848098,107.67262021033821
17584.529580655544,137.3754119925005
17604.56977346299,126.23686507418962
17624.609966270436,128.71209772270316
17644.650159077883,113.86070183162201
17664.690351885332,131.18733037121666
17684.73054469278,105.19738756182468
17704.770737500225,100.24692226479765
17724.81093030767,103.95977123756794
17744.851123115117,96.53407329202736
17764.891315922563,133.6625630197302
17784.93150873001,99.00930594054088
17804.97170153746,102.72215491331117
17825.011894344905,106.43500388608145
17845.05208715235,118.81116712864906
17865.092279959797,76.73221210391918
17885.132472767244,99.00930594054088
17905.17266557469,122.52401610141935
17925.212858382136,111.3854691831085
17945.253051189582,122.52401610141935
17965.293243997032,129.9497140469599
17985.333436804478,142.3258772895275
18005.373629611924,112.62308550736526
18025.41382241937,105.19738756182468
18045.454015226816,107.67262021033821
18065.494208034263,113.86070183162201
18085.53440084171,129.9497140469599
18105.57459364916,142.3258772895275
18125.614786456605,122.52401610141935
18145.65497926405,124.99924874993286
18165.695172071497,120.04878345290582
18185.735364878943,141.08826096527076
18205.77555768639,126.23686507418962
18225.815750493835,128.71209772270316
18245.855943301285,131.18733037121666
18265.89613610873,142.3258772895275
18285.936328916177,144.80110993804104
18305.976521723624,139.850644641014
18326.01671453107,133.6625630197302
18346.056907338516,147.27634258655456
18366.097100145962,174.50390172020332
18386.13729295341,160.89012215337894
18406.177485760858,170.791052747433
18426.217678568304,170.791052747433
18446.25787137575,168.31582009891952
18466.298064183196,184.4048323142574
18486.338256990643,201.73146085385204
18506.37844979809,212.8700077721629
18526.418642605535,210.39477512364937
18546.458835412985,225.24617101473052
18566.49902822043,252.47373014837925
18586.539221027877,261.1370444181766
18606.579413835323,273.5132076607442
18626.61960664277,309.4040810641903
18646.659799450215,266.0875097152036
18666.69999225766,278.4636729577712
18686.74018506511,339.10687284635253
18706.780377872557,331.681174900812
18726.820570680004,351.48303608892013
18746.86076348745,391.0867584651365
18766.900956294896,400.9876890591906
18786.941149102342,407.1757706804744
18806.981341909788,424.50239922006904
18827.021534717238,469.05658689331244
18847.061727524684,478.95751748736654
18867.10192033213,450.49234202946104
18887.142113139576,459.15565629925834
18907.182305947023,462.86850527202864
18927.22249875447,476.482284838853
18947.262691561915,514.8483908908127
18967.30288436936,485.14559910865034
18987.34307717681,488.8584480814206
19007.383269984257,465.34373792054214
19027.423462791703,413.3638523017582
19047.46365559915,372.5225136012851
19067.503848406595,425.7400155443258
19087.54404121404,415.83908495027174
19107.584234021488,392.32437478939323
19127.624426828937,396.03722376216353
19147.664619636384,409.6510033289879
19167.70481244383,353.9582687374337
19187.745005251276,297.0279178216226
19207.785198058722,320.54262798250113
19227.825390866168,313.1169300369605
19247.865583673614,273.5132076607442
19267.905776481064,284.651754579055
19287.94596928851,245.0480322028387
19307.986162095956,243.81041587858192
19328.026354903403,238.85995058155487
19348.06654771085,245.0480322028387
19368.106740518295,253.71134647263602
19388.14693332574,180.69198334148712
19408.187126133187,214.10762409641967
19428.227318940637,153.46442420783836
19448.267511748083,228.9590199875008
19468.30770455553,188.11768128702766
19488.347897362975,179.45436701723034
19508.38809017042,170.791052747433
19528.428282977868,172.0286690716898
19548.468475785314,155.9396568563519
19568.508668592764,159.65250582912216
19588.54886140021,142.3258772895275
19608.589054207656,147.27634258655456
19628.629247015102,149.7515752350681
19648.669439822548,102.72215491331117
19668.709632629994,129.9497140469599
19688.74982543744,168.31582009891952
19708.79001824489,132.42494669547344
19728.830211052336,133.6625630197302
19748.870403859783,146.0387262622978
19768.91059666723,133.6625630197302
19788.950789474675,116.33593448013553
19808.99098228212,127.47448139844639
19829.031175089567,131.18733037121666
19849.071367897013,123.76163242567611
19869.111560704463,117.5735508043923
19889.15175351191,134.90017934398696
19909.191946319355,128.71209772270316
19929.2321391268,134.90017934398696
19949.272331934248,137.3754119925005
19969.312524741694,131.18733037121666
19989.35271754914,138.61302831675724
20009.39291035659,154.70204053209514
20029.433103164036,196.78099555682502
20049.473295971482,181.92959966574386
20069.513488778928,184.4048323142574
20089.553681586374,210.39477512364937
20109.59387439382,235.1471016087846
20129.634067201267,214.10762409641967
20149.674260008716,233.90948528452785
20169.714452816163,198.01861188108177
20189.75464562361,262.3746607424333
20209.794838431055,219.0580893934467
20229.8350312385,195.54337923256824
20249.875224045947,209.15715879939262
20269.915416853393,180.69198334148712
20289.95560966084,180.69198334148712
20309.99580246829,149.7515752350681
20330.035995275735,144.80110993804104
20350.07618808318,118.81116712864906
20370.116380890628,123.76163242567611
20390.156573698074,134.90017934398696
20410.19676650552,124.99924874993286
20430.236959312966,115.09831815587877
20450.277152120416,102.72215491331117
20470.317344927862,107.67262021033821
20490.357537735308,107.67262021033821
20510.397730542754,108.91023653459497
20530.4379233502,112.62308550736526
20550.478116157647,102.72215491331117
20570.518308965093,118.81116712864906
20590.558501772543,91.58360799500032
20610.59869457999,100.24692226479765
20630.638887387435,99.00930594054088
20650.67908019488,94.05884064351383
20670.719273002327,108.91023653459497
20690.759465809773,111.3854691831085
20710.79965861722,134.90017934398696
20730.83985142467,108.91023653459497
20750.880044232115,131.18733037121666
20770.92023703956,113.86070183162201
20790.960429847008,117.5735508043923
20811.000622654454,129.9497140469599
20831.0408154619,152.2268078835816
20851.081008269346,143.5634936137843
20871.121201076792,160.89012215337894
20891.161393884242,149.7515752350681
20911.201586691688,142.3258772895275
20931.241779499134,139.850644641014
20951.28197230658,152.2268078835816
20971.322165114027,143.5634936137843
20991.362357921473,123.76163242567611
21011.40255072892,144.80110993804104
21031.44274353637,170.791052747433
21051.482936343815,146.0387262622978
21071.52312915126,165.840587450406
21091.563321958707,162.1277384776357
21111.603514766153,160.89012215337894
21131.6437075736,178.2167506929736
21151.683900381046,200.4938445295953
21171.724093188495,176.97913436871684
21191.76428599594,167.07820377466274
21211.804478803388,176.97913436871684
21231.844671610834,168.31582009891952
21251.88486441828,155.9396568563519
21271.925057225726,172.0286690716898
21291.965250033172,165.840587450406
21312.00544284062,176.97913436871684
21332.045635648068,150.98919155932484
21352.085828455514,190.5929139355412
21372.12602126296,146.0387262622978
21392.166214070407,146.0387262622978
21412.206406877853,144.80110993804104
21432.2465996853,136.1377956682437
21452.286792492745,143.5634936137843
21472.326985300195,123.76163242567611
21492.36717810764,116.33593448013553
21512.407370915087,123.76163242567611
21532.447563722533,132.42494669547344
21552.48775652998,127.47448139844639
21572.527949337426,139.850644641014
21592.56814214487,127.47448139844639
21612.60833495232,147.27634258655456
21632.648527759768,121.28639977716259
21652.688720567214,110.14785285885173
21672.72891337466,129.9497140469599
21692.769106182106,128.71209772270316
21712.809298989552,112.62308550736526
21732.849491797,123.76163242567611
21752.889684604444,118.81116712864906
21772.929877411894,124.99924874993286
21792.97007021934,102.72215491331117
21813.010263026787,95.2964569677706
21833.050455834233,112.62308550736526
21853.09064864168,106.43500388608145
21873.130841449125,96.53407329202736
21893.17103425657,105.19738756182468
21913.21122706402,89.1083753464868
21933.251419871467,99.00930594054088
21953.291612678913,102.72215491331117
21973.33180548636,75.49459577966242
21993.371998293806,108.91023653459497
22013.41219110125,80.44506107668947
22033.452383908698,107.67262021033821
22053.492576716148,91.58360799500032
22073.532769523594,99.00930594054088
22093.57296233104,94.05884064351383
22113.613155138486,96.53407329202736
22133.653347945932,107.67262021033821
22153.69354075338,99.00930594054088
22173.733733560824,94.05884064351383
22193.77392636827,95.2964569677706
22213.81411917572,103.95977123756794
22233.854311983167,76.73221210391918
22253.894504790613,102.72215491331117
22273.93469759806,89.1083753464868
22293.974890405505,96.53407329202736
22314.01508321295,91.58360799500032
22334.055276020397,110.14785285885173
22354.095468827847,102.72215491331117
22374.135661635293,77.96982842817594
22394.17585444274,73.0193631311489
22414.216047250186,89.1083753464868
22434.25624005763,77.96982842817594
22454.296432865078,77.96982842817594
22474.336625672524,113.86070183162201
22494.376818479974,82.920293725203
22514.41701128742,89.1083753464868
22534.457204094866,79.2074447524327
22554.497396902312,92.82122431925708
22574.53758970976,101.48453858905441
22594.577782517204,108.91023653459497
22614.61797532465,84.15791004945976
22634.658168132097,108.91023653459497
22654.698360939547,103.95977123756794
22674.738553746993,99.00930594054088
22694.77874655444,118.81116712864906
22714.818939361885,82.920293725203
22734.85913216933,95.2964569677706
22754.899324976777,111.3854691831085
22774.939517784223,106.43500388608145
22794.979710591673,84.15791004945976
22815.01990339912,94.05884064351383
22835.060096206566,117.5735508043923
22855.10028901401,108.91023653459497
22875.140481821458,65.59366518560833
22895.180674628904,85.3955263737165
22915.22086743635,81.68267740094623
22935.2610602438,75.49459577966242
22955.301253051246,73.0193631311489
22975.341445858692,85.3955263737165
22995.38163866614,80.44506107668947
23015.421831473584,89.1083753464868
23035.46202428103,90.34599167074356
23055.502217088477,89.1083753464868
23075.542409895927,91.58360799500032
23095.582602703373,94.05884064351383
23115.62279551082,76.73221210391918
23135.662988318265,77.96982842817594
23155.70318112571,73.0193631311489
23175.743373933157,70.54413048263538
23195.783566740603,91.58360799500032
23215.82375954805,96.53407329202736
23235.8639523555,58.16796724006777
23255.904145162945,94.05884064351383
23275.94433797039,77.96982842817594
23295.984530777838,101.48453858905441
23316.024723585284,89.1083753464868
23336.06491639273,73.0193631311489
23356.105109200176,100.24692226479765
23376.145302007626,84.15791004945976
23396.185494815072,97.77168961628412
23416.22568762252,85.3955263737165
23436.265880429964,81.68267740094623
23456.30607323741,75.49459577966242
23476.346266044857,70.54413048263538
23496.386458852303,81.68267740094623
23516.426651659753,77.96982842817594
23536.4668444672,73.0193631311489
23556.507037274645,103.95977123756794
23576.54723008209,91.58360799500032
23596.587422889537,74.25697945540566
23616.627615696983,75.49459577966242
23636.66780850443,71.78174680689214
23656.708001311876,71.78174680689214
23676.748194119325,63.11843253709481
23696.78838692677,81.68267740094623
23716.828579734218,58.16796724006777
23736.868772541664,70.54413048263538
23756.90896534911,77.96982842817594
23776.949158156556,65.59366518560833
23796.989350964002,71.78174680689214
23817.029543771452,77.96982842817594
23837.0697365789,90.34599167074356
23857.109929386344,81.68267740094623
23877.15012219379,65.59366518560833
23897.190315001237,77.96982842817594
23917.230507808683,91.58360799500032
23937.27070061613,76.73221210391918
23957.31089342358,71.78174680689214
23977.351086231025,84.15791004945976
23997.39127903847,79.2074447524327
24017.431471845917,66.8312815098651
24037.471664653363,84.15791004945976
24057.51185746081,75.49459577966242
24077.552050268256,74.25697945540566
24097.592243075702,80.44506107668947
24117.63243588315,59.40558356432453
24137.672628690598,96.53407329202736
24157.712821498044,74.25697945540566
24177.75301430549,80.44506107668947
24197.793207112936,94.05884064351383
24217.833399920382,74.25697945540566
24237.87359272783,65.59366518560833
24257.91378553528,73.0193631311489
24277.953978342724,85.3955263737165
24297.99417115017,94.05884064351383
24318.034363957617,84.15791004945976
24338.074556765063,70.54413048263538
24358.11474957251,77.96982842817594
24378.154942379955,77.96982842817594
24398.195135187405,81.68267740094623
24418.23532799485,79.2074447524327
24438.275520802297,66.8312815098651
24458.315713609743,80.44506107668947
24478.35590641719,77.96982842817594
24498.396099224636,64.35604886135158
24518.436292032082,70.54413048263538
24538.476484839528,77.96982842817594
24558.516677646978,59.40558356432453
24578.556870454424,85.3955263737165
24598.59706326187,71.78174680689214
24618.637256069316,80.44506107668947
24638.677448876762,87.87075902223003
24658.71764168421,77.96982842817594
24678.757834491655,73.0193631311489
24698.798027299104,71.78174680689214
24718.83822010655,51.97988561878397
24738.878412913997,70.54413048263538
24758.918605721443,73.0193631311489
24778.95879852889,84.15791004945976
24798.998991336335,68.06889783412186
24819.03918414378,89.1083753464868
24839.07937695123,77.96982842817594
24859.119569758677,60.64319988858129
24879.159762566123,63.11843253709481
24899.19995537357,85.3955263737165
24919.240148181016,76.73221210391918
24939.280340988462,77.96982842817594
24959.320533795908,77.96982842817594
24979.360726603354,80.44506107668947
24999.400919410804,79.2074447524327
25019.44111221825,73.0193631311489
25039.481305025696,79.2074447524327
25059.521497833142,75.49459577966242
25079.56169064059,56.930350915811005
25099.601883448035,77.96982842817594
25119.64207625548,79.2074447524327
25139.68226906293,77.96982842817594
25159.722461870377,59.40558356432453
25179.762654677823,66.8312815098651
25199.80284748527,82.920293725203
25219.843040292715,86.63314269797327
25239.88323310016,63.11843253709481
25259.923425907607,84.15791004945976
25279.963618715057,74.25697945540566
25300.003811522503,65.59366518560833
25320.04400432995,77.96982842817594
25340.084197137396,61.880816212838056
25360.124389944842,75.49459577966242
25380.164582752288,73.0193631311489
25400.204775559734,68.06889783412186
25420.24496836718,60.64319988858129
25440.28516117463,66.8312815098651
25460.325353982076,68.06889783412186
25480.365546789522,66.8312815098651
25500.40573959697,82.920293725203
25520.445932404415,69.30651415837862
25540.48612521186,82.920293725203
25560.526318019307,75.49459577966242
25580.566510826757,64.35604886135158
25600.606703634203,64.35604886135158
25620.64689644165,59.40558356432453
25640.687089249095,59.40558356432453
25660.72728205654,61.880816212838056
25680.767474863987,56.930350915811005
25700.807667671434,66.8312815098651
25720.847860478883,65.59366518560833
25740.88805328633,69.30651415837862
25760.928246093776,75.49459577966242
25780.96843890122,65.59366518560833
25801.008631708668,58.16796724006777
25821.048824516114,74.25697945540566
25841.08901732356,74.25697945540566
25861.12921013101,60.64319988858129
25881.169402938456,84.15791004945976
25901.209595745902,70.54413048263538
25921.24978855335,77.96982842817594
25941.289981360795,63.11843253709481
25961.33017416824,61.880816212838056
25981.370366975687,61.880816212838056
26001.410559783133,77.96982842817594
26021.450752590583,58.16796724006777
26041.49094539803,65.59366518560833
26061.531138205475,54.455118267297486
26081.57133101292,69.30651415837862
26101.611523820367,75.49459577966242
26121.651716627814,56.930350915811005
26141.69190943526,79.2074447524327
26161.73210224271,65.59366518560833
26181.772295050156,92.82122431925708
26201.8124878576,54.455118267297486
26221.852680665048,59.40558356432453
26241.892873472494,66.8312815098651
26261.93306627994,59.40558356432453
26281.973259087386,60.64319988858129
26302.013451894836,51.97988561878397
26322.053644702282,73.0193631311489
26342.09383750973,56.930350915811005
26362.134030317175,56.930350915811005
26382.17422312462,49.50465297027044
26402.214415932067,61.880816212838056
26422.254608739513,64.35604886135158
26442.29480154696,60.64319988858129
26462.33499435441,58.16796724006777
26482.375187161855,58.16796724006777
26502.4153799693,59.40558356432453
26522.455572776747,58.16796724006777
26542.495765584194,45.79180399750016
26562.53595839164,55.69273459155425
26582.576151199086,65.59366518560833
26602.616344006536,66.8312815098651
26622.65653681398,51.97988561878397
26642.696729621428,59.40558356432453
26662.736922428874,59.40558356432453
26682.77711523632,60.64319988858129
26702.817308043766,50.742269294527205
26722.857500851213,74.25697945540566
26742.897693658662,61.880816212838056
26762.93788646611,63.11843253709481
26782.978079273555,54.455118267297486
26803.018272081,70.54413048263538
26823.058464888447,55.69273459155425
26843.098657695893,59.40558356432453
26863.13885050334,49.50465297027044
26883.179043310785,54.455118267297486
26903.219236118235,50.742269294527205
26923.25942892568,55.69273459155425
26943.299621733127,60.64319988858129
26963.339814540574,58.16796724006777
26983.38000734802,58.16796724006777
27003.420200155466,59.40558356432453
27023.460392962912,65.59366518560833
27043.50058577036,79.2074447524327
27063.540778577808,59.40558356432453
27083.580971385254,53.21750194304072
27103.6211641927,56.930350915811005
27123.661357000146,43.316571348986635
27143.701549807593,58.16796724006777
27163.74174261504,45.79180399750016
27183.78193542249,53.21750194304072
27203.822128229935,49.50465297027044
27223.86232103738,59.40558356432453
27243.902513844827,47.029420321756916
27263.942706652273,53.21750194304072
27283.98289945972,55.69273459155425
27304.023092267165,64.35604886135158
27324.06328507461,53.21750194304072
27344.10347788206,63.11843253709481
27364.143670689507,54.455118267297486
27384.183863496954,55.69273459155425
27404.2240563044,70.54413048263538
27424.264249111846,48.26703664601368
27444.304441919292,63.11843253709481
27464.344634726738,51.97988561878397
27484.384827534188,49.50465297027044
27504.425020341634,63.11843253709481
27524.46521314908,58.16796724006777
27544.505405956526,53.21750194304072
27564.545598763973,49.50465297027044
27584.58579157142,50.742269294527205
27604.625984378865,50.742269294527205
27624.666177186315,63.11843253709481
27644.70636999376,51.97988561878397
27664.746562801207,58.16796724006777
27684.786755608653,44.5541876732434
27704.8269484161,39.60372237621635
27724.867141223545,58.16796724006777
27744.90733403099,64.35604886135158
27764.947526838438,50.742269294527205
27784.987719645887,56.930350915811005
27805.027912453334,58.16796724006777
27825.06810526078,64.35604886135158
27845.108298068226,65.59366518560833
27865.148490875672,53.21750194304072
27885.188683683118,66.8312815098651
27905.228876490564,58.16796724006777
27925.269069298014,53.21750194304072
27945.30926210546,50.742269294527205
27965.349454912906,44.5541876732434
27985.389647720353,56.930350915811005
28005.4298405278,47.029420321756916
28025.470033335245,63.11843253709481
28045.51022614269,53.21750194304072
28065.55041895014,42.07895502472988
28085.590611757587,54.455118267297486
28105.630804565033,50.742269294527205
28125.67099737248,56.930350915811005
28145.711190179925,56.930350915811005
28165.75138298737,65.59366518560833
28185.791575794818,48.26703664601368
28205.831768602264,35.89087340344607
28225.871961409714,45.79180399750016
28245.91215421716,40.841338700473116
28265.952347024606,56.930350915811005
28285.992539832052,51.97988561878397
28306.032732639498,43.316571348986635
28326.072925446944,47.029420321756916
28346.11311825439,43.316571348986635
28366.15331106184,49.50465297027044
28386.193503869286,54.455118267297486
28406.233696676733,45.79180399750016
28426.27388948418,44.5541876732434
28446.314082291625,55.69273459155425
28466.35427509907,54.455118267297486
28486.394467906517,38.36610605195959
28506.434660713967,51.97988561878397
28526.474853521413,48.26703664601368
28546.51504632886,50.742269294527205
28566.555239136305,38.36610605195959
28586.59543194375,45.79180399750016
28606.635624751198,44.5541876732434
28626.675817558644,39.60372237621635
28646.716010366094,43.316571348986635
28666.75620317354,38.36610605195959
28686.796395980986,60.64319988858129
28706.836588788432,37.12848972770283
28726.876781595878,47.029420321756916
28746.916974403324,54.455118267297486
28766.95716721077,33.41564075493255
28786.997360018217,49.50465297027044
28807.037552825666,54.455118267297486
28827.077745633112,60.64319988858129
28847.11793844056,42.07895502472988
28867.158131248005,45.79180399750016
28887.19832405545,42.07895502472988
28907.238516862897,44.5541876732434
28927.278709670343,55.69273459155425
28947.318902477793,51.97988561878397
28967.35909528524,47.029420321756916
28987.399288092685,54.455118267297486
29007.43948090013,51.97988561878397
29027.479673707578,48.26703664601368
29047.519866515024,61.880816212838056
29067.56005932247,45.79180399750016
29087.60025212992,70.54413048263538
29107.640444937366,38.36610605195959
29127.680637744812,38.36610605195959
29147.720830552258,54.455118267297486
29167.761023359704,40.841338700473116
29187.80121616715,39.60372237621635
29207.841408974597,40.841338700473116
29227.881601782043,47.029420321756916
29247.921794589492,60.64319988858129
29267.96198739694,50.742269294527205
29288.002180204385,51.97988561878397
29308.04237301183,37.12848972770283
29328.082565819277,40.841338700473116
29348.122758626723,39.60372237621635
29368.16295143417,42.07895502472988
29388.20314424162,54.455118267297486
29408.243337049065,38.36610605195959
29428.28352985651,29.702791782162265
29448.323722663958,37.12848972770283
29468.363915471404,55.69273459155425
29488.40410827885,35.89087340344607
29508.444301086296,37.12848972770283
29528.484493893746,40.841338700473116
29548.524686701192,44.5541876732434
29568.564879508638,43.316571348986635
29588.605072316084,39.60372237621635
29608.64526512353,37.12848972770283
29628.685457930977,39.60372237621635
29648.725650738423,45.79180399750016
29668.76584354587,48.26703664601368
29688.80603635332,38.36610605195959
29708.846229160765,44.5541876732434
29728.88642196821,51.97988561878397
29748.926614775657,38.36610605195959
29768.966807583103,44.5541876732434
29789.00700039055,54.455118267297486
29809.047193197996,44.5541876732434
29829.087386005445,32.17802443067579
29849.12757881289,30.940408106419028
29869.167771620338,48.26703664601368
29889.207964427784,51.97988561878397
29909.24815723523,32.17802443067579
29929.288350042676,37.12848972770283
29949.328542850122,33.41564075493255
29969.368735657572,39.60372237621635
29989.408928465018,39.60372237621635
30009.449121272464,35.89087340344607
30029.48931407991,17.326628539594655
30049.529506887357,38.36610605195959
30069.569699694803,33.41564075493255
30089.60989250225,37.12848972770283
30109.650085309695,42.07895502472988
30129.690278117145,38.36610605195959
30149.73047092459,38.36610605195959
30169.770663732037,38.36610605195959
30189.810856539483,19.801861188108177
30209.85104934693,38.36610605195959
30229.891242154376,49.50465297027044
30249.93143496182,50.742269294527205
30269.97162776927,38.36610605195959
30290.011820576718,47.029420321756916
30310.052013384164,33.41564075493255
30330.09220619161,45.79180399750016
30350.132398999056,39.60372237621635
30370.172591806502,35.89087340344607
30390.21278461395,45.79180399750016
30410.252977421398,40.841338700473116
30430.293170228844,29.702791782162265
30450.33336303629,27.227559133648743
30470.373555843737,40.841338700473116
30490.413748651183,34.65325707918931
30510.45394145863,45.79180399750016
30530.494134266075,32.17802443067579
30550.53432707352,29.702791782162265
30570.57451988097,28.465175457905502
30590.614712688417,42.07895502472988
30610.654905495863,49.50465297027044
30630.69509830331,33.41564075493255
30650.735291110755,45.79180399750016
30670.7754839182,33.41564075493255
30690.815676725648,39.60372237621635
30710.855869533098,27.227559133648743
30730.896062340544,49.50465297027044
30750.93625514799,43.316571348986635
30770.976447955436,38.36610605195959
30791.016640762882,28.465175457905502
30811.05683357033,29.702791782162265
30831.097026377774,54.455118267297486
30851.137219185224,43.316571348986635
30871.17741199267,38.36610605195959
30891.217604800117,30.940408106419028
30911.257797607563,44.5541876732434
30931.29799041501,37.12848972770283
30951.338183222455,24.75232648513522
30971.3783760299,27.227559133648743
30991.41856883735,25.989942809391984
31011.458761644797,19.801861188108177
31031.498954452243,32.17802443067579
31051.53914725969,44.5541876732434
31071.579340067135,33.41564075493255
31091.61953287458,24.75232648513522
31111.659725682028,34.65325707918931
31131.699918489474,40.841338700473116
31151.740111296924,22.2770938366217
31171.78030410437,28.465175457905502
31191.820496911816,35.89087340344607
31211.860689719262,37.12848972770283
31231.90088252671,44.5541876732434
31251.941075334154,34.65325707918931
31271.9812681416,33.41564075493255
31292.02146094905,40.841338700473116
31312.061653756497,43.316571348986635
31332.101846563943,32.17802443067579
31352.14203937139,28.465175457905502
31372.182232178835,35.89087340344607
31392.22242498628,33.41564075493255
31412.262617793727,24.75232648513522
31432.302810601177,33.41564075493255
31452.343003408623,28.465175457905502
31472.38319621607,29.702791782162265
31492.423389023515,30.940408106419028
31512.46358183096,42.07895502472988
31532.503774638408,30.940408106419028
31552.543967445854,29.702791782162265
31572.5841602533,29.702791782162265
31592.62435306075,33.41564075493255
31612.664545868196,32.17802443067579
31632.704738675642,30.940408106419028
31652.74493148309,43.316571348986635
31672.785124290534,28.465175457905502
31692.82531709798,32.17802443067579
31712.865509905427,27.227559133648743
31732.905702712877,19.801861188108177
31752.945895520323,34.65325707918931
31772.98608832777,27.227559133648743
31793.026281135215,34.65325707918931
31813.06647394266,25.989942809391984
31833.106666750107,25.989942809391984
31853.146859557553,32.17802443067579
31873.187052365003,23.514710160878458
31893.22724517245,29.702791782162265
31913.267437979895,38.36610605195959
31933.30763078734,34.65325707918931
31953.347823594788,34.65325707918931
31973.388016402234,27.227559133648743
31993.42820920968,30.940408106419028
32013.468402017126,23.514710160878458
32033.508594824576,17.326628539594655
32053.548787632022,28.465175457905502
32073.58898043947,23.514710160878458
32093.629173246914,25.989942809391984
32113.66936605436,24.75232648513522
32133.709558861807,30.940408106419028
32153.749751669253,44.5541876732434
32173.789944476703,17.326628539594655
32193.83013728415,30.940408106419028
32213.870330091595,21.03947751236494
32233.91052289904,27.227559133648743
32253.950715706487,25.989942809391984
32273.990908513933,24.75232648513522
32294.03110132138,30.940408106419028
32314.07129412883,23.514710160878458
32334.111486936275,22.2770938366217
32354.15167974372,18.564244863851414
32374.191872551168,21.03947751236494
32394.232065358614,14.851395891081133
32414.27225816606,19.801861188108177
32434.312450973506,14.851395891081133
32454.352643780952,17.326628539594655
32474.392836588402,19.801861188108177
32494.43302939585,25.989942809391984
32514.473222203294,24.75232648513522
32534.51341501074,28.465175457905502
32554.553607818187,29.702791782162265
32574.593800625633,17.326628539594655
32594.63399343308,18.564244863851414
32614.67418624053,29.702791782162265
32634.714379047975,21.03947751236494
32654.75457185542,18.564244863851414
32674.794764662867,24.75232648513522
32694.834957470313,22.2770938366217
32714.87515027776,16.089012215337895
32734.915343085206,13.613779566824372
32754.955535892655,17.326628539594655
32774.9957287001,13.613779566824372
32795.035921507544,23.514710160878458
32815.076114314994,21.03947751236494
32835.116307122444,12.37616324256761
32855.156499929886,24.75232648513522
32875.196692737336,21.03947751236494
32895.23688554478,9.900930594054088
32915.27707835223,27.227559133648743
32935.31727115967,21.03947751236494
32955.35746396712,21.03947751236494
32975.39765677457,12.37616324256761
32995.43784958201,17.326628539594655
33015.47804238946,24.75232648513522
33035.518235196905,21.03947751236494
33055.558428004355,14.851395891081133
33075.5986208118,11.13854691831085
33095.63881361925,23.514710160878458
33115.67900642669,21.03947751236494
33135.71919923414,21.03947751236494
33155.75939204159,14.851395891081133
33175.79958484903,25.989942809391984
33195.83977765648,14.851395891081133
33215.879970463924,13.613779566824372
33235.920163271374,13.613779566824372
33255.96035607882,11.13854691831085
33276.000548886266,18.564244863851414
33296.040741693716,19.801861188108177
33316.08093450116,18.564244863851414
33336.12112730861,16.089012215337895
33356.16132011605,30.940408106419028
33376.2015129235,16.089012215337895
33396.24170573094,21.03947751236494
33416.28189853839,17.326628539594655
33436.32209134584,14.851395891081133
33456.362284153285,24.75232648513522
33476.402476960735,16.089012215337895
33496.44266976818,9.900930594054088
33516.48286257563,23.514710160878458
33536.52305538307,9.900930594054088
33556.56324819052,22.2770938366217
33576.60344099797,8.663314269797327
33596.64363380541,16.089012215337895
33616.68382661286,21.03947751236494
33636.724019420304,18.564244863851414
33656.764212227754,14.851395891081133
33676.8044050352,7.425697945540566
33696.844597842646,6.188081621283805
33716.884790650096,17.326628539594655
33736.92498345754,8.663314269797327
33756.96517626499,11.13854691831085
33777.00536907243,16.089012215337895
33797.04556187988,22.2770938366217
33817.08575468732,7.425697945540566
33837.12594749477,23.514710160878458
33857.16614030222,17.326628539594655
33877.206333109665,9.900930594054088
33897.246525917115,19.801861188108177
33917.28671872456,14.851395891081133
33937.32691153201,18.564244863851414
33957.36710433945,13.613779566824372
33977.4072971469,13.613779566824372
33997.44748995435,18.564244863851414
34017.48768276179,11.13854691831085
34037.52787556924,11.13854691831085
34057.568068376684,12.37616324256761
34077.608261184134,13.613779566824372
34097.64845399158,17.326628539594655
34117.688646799026,6.188081621283805
34137.72883960647,9.900930594054088
34157.76903241392,13.613779566824372
34177.80922522137,6.188081621283805
34197.84941802881,11.13854691831085
34217.88961083626,6.188081621283805
34237.9298036437,13.613779566824372
34257.96999645115,6.188081621283805
34278.010189258595,6.188081621283805
34298.050382066045,12.37616324256761
34318.090574873495,4.950465297027044
34338.13076768094,7.425697945540566
34358.17096048839,6.188081621283805
34378.21115329583,3.712848972770283
34398.25134610328,8.663314269797327
34418.29153891072,4.950465297027044
34438.33173171817,8.663314269797327
34458.37192452562,9.900930594054088
34478.412117333064,7.425697945540566
34498.452310140514,4.950465297027044
34518.49250294796,7.425697945540566
34538.532695755406,6.188081621283805
34558.57288856285,9.900930594054088
34578.6130813703,6.188081621283805
34598.65327417775,9.900930594054088
34618.69346698519,7.425697945540566
34638.73365979264,7.425697945540566
34658.77385260008,8.663314269797327
34678.81404540753,14.851395891081133
34698.854238214975,3.712848972770283
34718.894431022425,11.13854691831085
34738.934623829875,12.37616324256761
34758.97481663732,8.663314269797327
34779.01500944477,3.712848972770283
34799.05520225221,9.900930594054088
34819.09539505966,4.950465297027044
34839.1355878671,3.712848972770283
34859.17578067455,6.188081621283805
34879.215973482,9.900930594054088
34899.256166289444,8.663314269797327
34919.296359096894,3.712848972770283
34939.33655190434,4.950465297027044
34959.376744711786,6.188081621283805
34979.41693751923,7.425697945540566
34999.45713032668,2.475232648513522
35019.49732313412,12.37616324256761
35039.53751594157,4.950465297027044
35059.57770874902,8.663314269797327
35079.61790155646,6.188081621283805
35099.65809436391,1.237616324256761
35119.698287171355,9.900930594054088
35139.738479978805,2.475232648513522
35159.77867278625,2.475232648513522
35179.8188655937,3.712848972770283
35199.85905840115,3.712848972770283
35219.89925120859,6.188081621283805
35239.93944401604,2.475232648513522
35259.97963682348,4.950465297027044
35280.01982963093,6.188081621283805
35300.060022438374,4.950465297027044
35320.100215245824,4.950465297027044
35340.140408053274,1.237616324256761
35360.18060086072,3.712848972770283
35380.220793668166,2.475232648513522
35400.26098647561,3.712848972770283
35420.30117928306,3.712848972770283
35440.3413720905,0.0
35460.38156489795,1.237616324256761
35480.4217577054,1.237616324256761
35500.46195051284,6.188081621283805
35520.50214332029,3.712848972770283
35540.542336127735,2.475232648513522
35560.582528935185,0.0
35580.62272174263,2.475232648513522
35600.66291455008,0.0
35620.70310735753,3.712848972770283
35640.74330016497,4.950465297027044
35660.78349297242,0.0
35680.82368577986,1.237616324256761
35700.86387858731,4.950465297027044
35720.904071394754,2.475232648513522
35740.944264202204,0.0
35760.984457009654,0.0
35781.024649817096,2.475232648513522
35801.064842624546,0.0
35821.10503543199,0.0
35841.14522823944,3.712848972770283
35861.18542104688,1.237616324256761
35881.22561385433,0.0
35901.26580666177,1.237616324256761
35921.30599946922,4.950465297027044
35941.34619227667,3.712848972770283
35961.386385084115,6.188081621283805
35981.426577891565,2.475232648513522
36001.46677069901,2.475232648513522
36021.50696350646,3.712848972770283
36041.5471563139,2.475232648513522
36061.58734912135,2.475232648513522
36081.6275419288,6.188081621283805
36101.66773473624,0.0
36121.70792754369,1.237616324256761
36141.748120351134,1.237616324256761
36161.788313158584,0.0
36181.82850596603,3.712848972770283
36201.868698773476,0.0
36221.908891580926,1.237616324256761
36241.94908438837,1.237616324256761
36261.98927719582,1.237616324256761
36282.02947000326,1.237616324256761
36302.06966281071,0.0
36322.10985561815,1.237616324256761
36342.1500484256,0.0
36362.19024123305,2.475232648513522
36382.230434040495,1.237616324256761
36402.270626847945,1.237616324256761
36422.31081965539,2.475232648513522
36442.35101246284,2.475232648513522
36462.39120527028,0.0
36482.43139807773,3.712848972770283
36502.47159088518,1.237616324256761
36522.51178369262,0.0
36542.55197650007,1.237616324256761
36562.592169307514,0.0
36582.632362114964,0.0
36602.67255492241,1.237616324256761
36622.712747729856,1.237616324256761
36642.752940537306,0.0
36662.79313334475,1.237616324256761
36682.8333261522,2.475232648513522
36702.87351895964,1.237616324256761
36722.91371176709,1.237616324256761
36742.95390457453,2.475232648513522
36762.99409738198,1.237616324256761
36783.03429018943,0.0
36803.074482996875,0.0
36823.114675804325,0.0
36843.15486861177,1.237616324256761
36863.19506141922,4.950465297027044
36883.23525422666,0.0
36903.27544703411,2.475232648513522
36923.31563984155,0.0
36943.355832649,1.237616324256761
36963.39602545645,1.237616324256761
36983.436218263894,0.0
37003.476411071344,1.237616324256761
37023.51660387879,1.237616324256761
37043.556796686236,1.237616324256761
37063.59698949368,2.475232648513522
37083.63718230113,2.475232648513522
37103.67737510858,0.0
37123.71756791602,2.475232648513522
37143.75776072347,0.0
37163.79795353091,1.237616324256761
37183.83814633836,0.0
37203.878339145806,0.0
37223.918531953255,1.237616324256761
37243.958724760705,0.0
37263.99891756815,1.237616324256761
37284.0391103756,2.475232648513522
37304.07930318304,1.237616324256761
37324.11949599049,0.0
37344.15968879793,0.0
37364.19988160538,0.0
37384.24007441283,0.0
37404.280267220274,2.475232648513522
37424.320460027724,1.237616324256761
37444.36065283517,2.475232648513522
37464.400845642616,2.475232648513522
37484.44103845006,0.0
37504.48123125751,2.475232648513522
37524.52142406496,0.0
37544.5616168724,1.237616324256761
37564.60180967985,1.237616324256761
37584.64200248729,0.0
37604.68219529474,1.237616324256761
37624.722388102186,1.237616324256761
37644.762580909635,0.0
37664.802773717085,1.237616324256761
37684.84296652453,1.237616324256761
37704.88315933198,1.237616324256761
37724.92335213942,1.237616324256761
37744.96354494687,0.0
37765.00373775431,0.0
37785.04393056176,2.475232648513522
37805.084123369204,2.475232648513522
37825.124316176654,1.237616324256761
37845.164508984104,0.0
37865.20470179155,0.0
37885.244894598996,2.475232648513522
37905.28508740644,0.0
37925.32528021389,0.0
37945.36547302133,0.0
37965.40566582878,0.0
37985.44585863623,1.237616324256761
38005.48605144367,1.237616324256761
38025.52624425112,0.0
38045.566437058565,0.0
38065.606629866015,1.237616324256761
38085.64682267346,1.237616324256761
38105.68701548091,2.475232648513522
38125.72720828836,0.0
38145.7674010958,1.237616324256761
38165.80759390325,0.0
38185.84778671069,0.0
38205.88797951814,0.0
38225.928172325584,0.0
38245.968365133034,1.237616324256761
38266.008557940484,0.0
38286.04875074793,0.0
38306.088943555376,0.0
38326.12913636282,3.712848972770283
38346.16932917027,1.237616324256761
38366.20952197771,0.0
38386.24971478516,0.0
38406.28990759261,1.237616324256761
38426.33010040005,0.0
38446.3702932075,0.0
38466.410486014945,0.0
38486.450678822395,2.475232648513522
38506.49087162984,0.0
38526.53106443729,0.0
38546.57125724474,0.0
38566.61145005218,2.475232648513522
38586.65164285963,1.237616324256761
38606.69183566707,0.0
38626.73202847452,1.237616324256761
38646.772221281964,0.0
38666.812414089414,1.237616324256761
38686.852606896864,0.0
38706.89279970431,0.0
38726.932992511756,0.0
38746.9731853192,0.0
38767.01337812665,0.0
38787.05357093409,0.0
38807.09376374154,0.0
38827.13395654898,0.0
38847.17414935643,1.237616324256761
38867.21434216388,0.0
38887.254534971325,0.0
38907.294727778775,0.0
38927.33492058622,1.237616324256761
38947.37511339367,0.0
38967.41530620111,1.237616324256761
38987.45549900856,0.0
39007.49569181601,0.0
39027.53588462345,0.0
39047.5760774309,0.0
39067.616270238344,0.0
39087.656463045794,0.0
39107.69665585324,1.237616324256761
39127.73684866069,0.0
39147.777041468136,0.0
39167.81723427558,0.0
39187.85742708303,0.0
39207.89761989047,0.0
39227.93781269792,0.0
39247.97800550536,1.237616324256761
39268.01819831281,1.237616324256761
39288.05839112026,0.0
39308.098583927705,1.237616324256761
39328.138776735155,1.237616324256761
39348.1789695426,0.0
39368.21916235005,0.0
39388.25935515749,0.0
39408.29954796494,0.0
39428.33974077239,0.0
39448.37993357983,1.237616324256761
39468.42012638728,0.0
39488.460319194724,0.0
39508.500512002174,0.0
39528.54070480962,0.0
39548.58089761707,0.0
39568.621090424516,0.0
39588.66128323196,0.0
39608.70147603941,1.237616324256761
39628.74166884685,0.0
39648.7818616543,0.0
39668.82205446174,0.0
39688.86224726919,0.0
39708.902440076636,0.0
39728.942632884085,2.475232648513522
39748.982825691535,2.475232648513522
39769.02301849898,1.237616324256761
39789.06321130643,0.0
39809.10340411387,0.0
39829.14359692132,0.0
39849.18378972876,0.0
39869.22398253621,0.0
39889.26417534366,0.0
39909.304368151104,0.0
39929.344560958554,1.237616324256761
39949.384753766,0.0
39969.42494657345,0.0
39989.46513938089,0.0
40009.50533218834,0.0
40029.54552499579,0.0
40049.58571780323,0.0
40069.62591061068,0.0
40089.66610341812,1.237616324256761
40109.70629622557,0.0
40129.746489033016,0.0
40149.786681840465,0.0
40169.826874647915,0.0
40189.86706745536,0.0
40209.90726026281,0.0
40229.94745307025,0.0
40249.9876458777,0.0
40270.02783868514,0.0
40290.06803149259,0.0
40310.10822430004,0.0
40330.148417107484,0.0
40350.188609914934,1.237616324256761
40370.22880272238,0.0
40390.26899552983,0.0
40410.30918833727,0.0
40430.34938114472,0.0
40450.38957395217,0.0
40470.42976675961,0.0
40490.46995956706,0.0
40510.5101523745,1.237616324256761
40530.55034518195,2.475232648513522
40550.590537989396,0.0
40570.630730796845,0.0
40590.67092360429,0.0
40610.71111641174,0.0
40630.75130921919,2.475232648513522
40650.79150202663,0.0
40670.83169483408,0.0
40690.87188764152,0.0
40710.91208044897,0.0
40730.952273256415,0.0
40750.992466063864,0.0
40771.032658871314,0.0
40791.07285167876,0.0
40811.11304448621,0.0
40831.15323729365,0.0
40851.1934301011,2.475232648513522
40871.23362290854,1.237616324256761
40891.27381571599,0.0
40911.31400852344,1.237616324256761
40931.35420133088,1.237616324256761
40951.39439413833,0.0
40971.434586945776,0.0
40991.474779753225,0.0
41011.51497256067,1.237616324256761
